"Timestamp";"CPU cores";"CPU capacity provisioned [MHZ]";"CPU usage [MHZ]";"CPU usage [%]";"Memory capacity provisioned [KB]";"Memory usage [KB]";"Memory usage [%]";"Disk read throughput [KB/s]";"Disk write throughput [KB/s]";"Disk size [GB]";"Network received throughput [KB/s]";"Network transmitted throughput [KB/s]"
"05.11.2015 00:00:00";"4";"0";"371";"5,17";"16777216";"2357199";"14,05";"148";"203";"166";"2";"3"
"05.11.2015 00:05:00";"4";"0";"444";"6,18";"16777216";"3420874";"20,39";"36";"489";"166";"55";"6"
"05.11.2015 00:10:00";"4";"0";"548";"7,64";"16777216";"2826961";"16,85";"75";"521";"166";"49";"5"
"05.11.2015 00:15:00";"4";"0";"796";"11,09";"16777216";"3677566";"21,92";"858";"586";"166";"60";"5"
"05.11.2015 00:20:00";"4";"0";"309";"4,3";"16777216";"3040032";"18,12";"16";"204";"166";"68";"7"
"05.11.2015 00:25:00";"4";"0";"1372";"19,11";"16777216";"3622201";"21,59";"247";"8548";"166";"29";"3"
"05.11.2015 00:30:00";"4";"0";"512";"7,14";"16777216";"5947523";"35,45";"356";"5010";"166";"95";"6"
"05.11.2015 00:35:00";"4";"0";"1469";"20,45";"16777216";"3878892";"23,12";"581";"2463";"166";"32";"5"
"05.11.2015 00:40:00";"4";"0";"246";"3,44";"16777216";"3387320";"20,19";"0";"673";"166";"2";"3"
"05.11.2015 00:45:00";"4";"0";"253";"3,52";"16777216";"2313578";"13,79";"4";"78";"166";"2";"3"
"05.11.2015 00:50:00";"4";"0";"277";"3,86";"16777216";"2100508";"12,52";"857";"93";"166";"4";"5"
"05.11.2015 00:55:00";"4";"0";"242";"3,37";"16777216";"1999844";"11,92";"0";"79";"166";"2";"3"
"05.11.2015 01:00:00";"4";"0";"258";"3,59";"16777216";"1776707";"10,59";"1";"84";"166";"2";"3"
"05.11.2015 01:05:00";"4";"0";"1217";"16,95";"16777216";"4226181";"25,19";"7933";"2025";"166";"27";"2294"
"05.11.2015 01:10:00";"4";"0";"308";"4,29";"16777216";"3934257";"23,45";"175";"210";"166";"39";"81"
"05.11.2015 01:15:00";"4";"0";"556";"7,74";"16777216";"2491417";"14,85";"5820";"87";"166";"56";"2368"
"05.11.2015 01:20:00";"4";"0";"402";"5,59";"16777216";"4192626";"24,99";"1932";"86";"166";"5";"68"
"05.11.2015 01:25:00";"4";"0";"245";"3,42";"16777216";"2592080";"15,45";"2";"84";"166";"2";"3"
"05.11.2015 01:30:00";"4";"0";"253";"3,53";"16777216";"1608935";"9,59";"1";"87";"166";"2";"3"
"05.11.2015 01:35:00";"4";"0";"294";"4,1";"16777216";"1865626";"11,12";"20";"102";"166";"4";"5"
"05.11.2015 01:40:00";"4";"0";"257";"3,58";"16777216";"2256536";"13,45";"0";"103";"166";"2";"3"
"05.11.2015 01:45:00";"4";"0";"324";"4,52";"16777216";"1899181";"11,32";"3";"134";"166";"27";"7"
"05.11.2015 01:50:00";"4";"0";"266";"3,7";"16777216";"1776707";"10,59";"0";"86";"166";"4";"4"
"05.11.2015 01:55:00";"4";"0";"235";"3,27";"16777216";"1899181";"11,32";"0";"74";"166";"2";"3"
"05.11.2015 02:00:00";"4";"0";"419";"5,84";"16777216";"3006477";"17,92";"525";"530";"166";"2";"3"
"05.11.2015 02:05:00";"4";"0";"301";"4,19";"16777216";"3409130";"20,32";"44";"279";"166";"4";"4"
"05.11.2015 02:10:00";"4";"0";"228";"3,18";"16777216";"2692743";"16,05";"0";"98";"166";"2";"3"
"05.11.2015 02:15:00";"4";"0";"265";"3,69";"16777216";"2045143";"12,19";"1";"95";"166";"2";"3"
"05.11.2015 02:20:00";"4";"0";"258";"3,6";"16777216";"1966290";"11,72";"0";"95";"166";"4";"5"
"05.11.2015 02:25:00";"4";"0";"222";"3,09";"16777216";"1910925";"11,39";"0";"74";"166";"2";"3"
"05.11.2015 02:30:00";"4";"0";"237";"3,31";"16777216";"2134062";"12,72";"5";"86";"166";"2";"3"
"05.11.2015 02:35:00";"4";"0";"287";"4";"16777216";"2380687";"14,19";"1";"104";"166";"4";"5"
"05.11.2015 02:40:00";"4";"0";"284";"3,95";"16777216";"2603824";"15,52";"21";"96";"166";"3";"4"
"05.11.2015 02:45:00";"4";"0";"247";"3,45";"16777216";"2179360";"12,99";"0";"84";"166";"2";"3"
"05.11.2015 02:50:00";"4";"0";"262";"3,65";"16777216";"1978034";"11,79";"0";"90";"166";"4";"5"
"05.11.2015 02:55:00";"4";"0";"228";"3,18";"16777216";"1843816";"10,99";"0";"77";"166";"2";"3"
"05.11.2015 03:00:00";"4";"0";"248";"3,45";"16777216";"1877370";"11,19";"0";"83";"166";"2";"3"
"05.11.2015 03:05:00";"4";"0";"523";"7,29";"16777216";"3598713";"21,45";"27";"331";"166";"4";"5"
"05.11.2015 03:10:00";"4";"0";"234";"3,27";"16777216";"2716231";"16,19";"0";"249";"166";"2";"3"
"05.11.2015 03:15:00";"4";"0";"260";"3,62";"16777216";"2212915";"13,19";"68";"130";"166";"2";"3"
"05.11.2015 03:20:00";"4";"0";"314";"4,37";"16777216";"2011588";"11,99";"11";"107";"166";"4";"4"
"05.11.2015 03:25:00";"4";"0";"227";"3,16";"16777216";"1541826";"9,19";"7";"99";"166";"2";"3"
"05.11.2015 03:30:00";"4";"0";"249";"3,47";"16777216";"1810262";"10,79";"7";"83";"166";"2";"3"
"05.11.2015 03:35:00";"4";"0";"268";"3,74";"16777216";"1978034";"11,79";"13";"95";"166";"4";"5"
"05.11.2015 03:40:00";"4";"0";"250";"3,48";"16777216";"2447796";"14,59";"6";"88";"166";"2";"3"
"05.11.2015 03:45:00";"4";"0";"318";"4,44";"16777216";"2246469";"13,39";"8";"129";"166";"25";"6"
"05.11.2015 03:50:00";"4";"0";"274";"3,82";"16777216";"2380687";"14,19";"1";"99";"166";"6";"5"
"05.11.2015 03:55:00";"4";"0";"223";"3,11";"16777216";"2548459";"15,19";"7";"75";"166";"2";"2"
"05.11.2015 04:00:00";"4";"0";"354";"4,93";"16777216";"2447796";"14,59";"581";"184";"166";"2";"3"
"05.11.2015 04:05:00";"4";"0";"336";"4,69";"16777216";"2783340";"16,59";"191";"192";"166";"4";"4"
"05.11.2015 04:10:00";"4";"0";"238";"3,31";"16777216";"2145806";"12,79";"15";"158";"166";"2";"3"
"05.11.2015 04:15:00";"4";"0";"281";"3,92";"16777216";"2469606";"14,72";"20";"97";"166";"2";"3"
"05.11.2015 04:20:00";"4";"0";"270";"3,77";"16777216";"2179360";"12,99";"24";"118";"166";"4";"4"
"05.11.2015 04:25:00";"4";"0";"287";"4";"16777216";"2078697";"12,39";"12";"99";"166";"2";"2"
"05.11.2015 04:30:00";"4";"0";"249";"3,46";"16777216";"2078697";"12,39";"7";"105";"166";"2";"3"
"05.11.2015 04:35:00";"4";"0";"348";"4,84";"16777216";"2280024";"13,59";"7";"148";"166";"28";"11"
"05.11.2015 04:40:00";"4";"0";"260";"3,62";"16777216";"2112252";"12,59";"0";"98";"166";"13";"13"
"05.11.2015 04:45:00";"4";"0";"318";"4,44";"16777216";"1709598";"10,19";"7";"125";"166";"31";"16"
"05.11.2015 04:50:00";"4";"0";"311";"4,33";"16777216";"2145806";"12,79";"7";"113";"166";"21";"17"
"05.11.2015 04:55:00";"4";"0";"246";"3,43";"16777216";"1642489";"9,79";"8";"90";"166";"12";"12"
"05.11.2015 05:00:00";"4";"0";"399";"5,55";"16777216";"2491417";"14,85";"16";"160";"166";"28";"8"
"05.11.2015 05:05:00";"4";"0";"521";"7,26";"16777216";"3689310";"21,99";"47";"1606";"166";"45";"487"
"05.11.2015 05:10:00";"4";"0";"258";"3,59";"16777216";"2783340";"16,59";"10";"120";"166";"2";"3"
"05.11.2015 05:15:00";"4";"0";"246";"3,43";"16777216";"1944479";"11,59";"8";"103";"166";"2";"3"
"05.11.2015 05:20:00";"4";"0";"279";"3,89";"16777216";"2268280";"13,52";"8";"95";"166";"4";"4"
"05.11.2015 05:25:00";"4";"0";"227";"3,17";"16777216";"2514905";"14,99";"7";"90";"166";"2";"3"
"05.11.2015 05:30:00";"4";"0";"249";"3,47";"16777216";"1910925";"11,39";"7";"97";"166";"2";"3"
"05.11.2015 05:35:00";"4";"0";"276";"3,85";"16777216";"2088763";"12,45";"5";"108";"166";"4";"5"
"05.11.2015 05:40:00";"4";"0";"308";"4,29";"16777216";"1954546";"11,65";"7";"100";"166";"2";"3"
"05.11.2015 05:45:00";"4";"0";"242";"3,38";"16777216";"2212915";"13,19";"3";"89";"166";"2";"3"
"05.11.2015 05:50:00";"4";"0";"333";"4,64";"16777216";"2011588";"11,99";"5";"143";"166";"29";"8"
"05.11.2015 05:55:00";"4";"0";"237";"3,3";"16777216";"2347132";"13,99";"5";"86";"166";"2";"3"
"05.11.2015 06:00:00";"4";"0";"364";"5,07";"16777216";"2280024";"13,59";"171";"174";"166";"2";"3"
"05.11.2015 06:05:00";"4";"0";"774";"10,79";"16777216";"4336910";"25,85";"88061";"431";"166";"23";"4906"
"05.11.2015 06:10:00";"4";"0";"282";"3,93";"16777216";"4471128";"26,65";"1653";"131";"166";"40";"45"
"05.11.2015 06:15:00";"4";"0";"246";"3,42";"16777216";"2447796";"14,59";"23";"93";"166";"2";"3"
"05.11.2015 06:20:00";"4";"0";"262";"3,65";"16777216";"1887437";"11,25";"43";"97";"166";"4";"5"
"05.11.2015 06:25:00";"4";"0";"227";"3,16";"16777216";"2155872";"12,85";"6";"79";"166";"2";"3"
"05.11.2015 06:30:00";"4";"0";"248";"3,45";"16777216";"2033399";"12,12";"8";"88";"166";"2";"3"
"05.11.2015 06:35:00";"4";"0";"311";"4,33";"16777216";"2872260";"17,12";"51";"123";"166";"6";"6"
"05.11.2015 06:40:00";"4";"0";"289";"4,03";"16777216";"2380687";"14,19";"10";"117";"166";"2";"3"
"05.11.2015 06:45:00";"4";"0";"321";"4,47";"16777216";"2481350";"14,79";"14";"156";"166";"25";"7"
"05.11.2015 06:50:00";"4";"0";"271";"3,77";"16777216";"2256536";"13,45";"26";"103";"166";"6";"5"
"05.11.2015 06:55:00";"4";"0";"231";"3,22";"16777216";"2167616";"12,92";"0";"85";"166";"2";"3"
"05.11.2015 07:00:00";"4";"0";"249";"3,47";"16777216";"1832072";"10,92";"0";"89";"166";"2";"3"
"05.11.2015 07:05:00";"4";"0";"277";"3,86";"16777216";"3464495";"20,65";"17";"105";"166";"4";"4"
"05.11.2015 07:10:00";"4";"0";"231";"3,22";"16777216";"2414241";"14,39";"1";"96";"166";"2";"3"
"05.11.2015 07:15:00";"4";"0";"249";"3,47";"16777216";"2033399";"12,12";"1";"92";"166";"2";"3"
"05.11.2015 07:20:00";"4";"0";"268";"3,74";"16777216";"2380687";"14,19";"34";"100";"166";"4";"5"
"05.11.2015 07:25:00";"4";"0";"231";"3,22";"16777216";"1899181";"11,32";"0";"82";"166";"2";"3"
"05.11.2015 07:30:00";"4";"0";"253";"3,53";"16777216";"1853882";"11,05";"10";"102";"166";"2";"3"
"05.11.2015 07:35:00";"4";"0";"278";"3,87";"16777216";"2055209";"12,25";"7";"118";"166";"4";"5"
"05.11.2015 07:40:00";"4";"0";"248";"3,46";"16777216";"1877370";"11,19";"0";"110";"166";"2";"3"
"05.11.2015 07:45:00";"4";"0";"318";"4,43";"16777216";"2088763";"12,45";"2";"147";"166";"27";"7"
"05.11.2015 07:50:00";"4";"0";"269";"3,75";"16777216";"2234725";"13,32";"132";"102";"166";"4";"5"
"05.11.2015 07:55:00";"4";"0";"229";"3,19";"16777216";"1999844";"11,92";"1";"81";"166";"2";"3"
"05.11.2015 08:00:00";"4";"0";"370";"5,16";"16777216";"2234725";"13,32";"342";"188";"166";"2";"3"
"05.11.2015 08:05:00";"4";"0";"284";"3,96";"16777216";"3095396";"18,45";"5";"152";"166";"4";"4"
"05.11.2015 08:10:00";"4";"0";"245";"3,41";"16777216";"2313578";"13,79";"1";"109";"166";"2";"3"
"05.11.2015 08:15:00";"4";"0";"282";"3,93";"16777216";"2112252";"12,59";"1";"103";"166";"2";"3"
"05.11.2015 08:20:00";"4";"0";"362";"5,05";"16777216";"2145806";"12,79";"331";"515";"166";"4";"5"
"05.11.2015 08:25:00";"4";"0";"253";"3,52";"16777216";"2860515";"17,05";"1";"487";"166";"2";"3"
"05.11.2015 08:30:00";"4";"0";"248";"3,45";"16777216";"1853882";"11,05";"1";"102";"166";"2";"3"
"05.11.2015 08:35:00";"4";"0";"268";"3,74";"16777216";"1843816";"10,99";"0";"113";"166";"4";"5"
"05.11.2015 08:40:00";"4";"0";"305";"4,25";"16777216";"1843816";"10,99";"3";"101";"166";"2";"3"
"05.11.2015 08:45:00";"4";"0";"326";"4,54";"16777216";"1764963";"10,52";"2";"148";"166";"27";"7"
"05.11.2015 08:50:00";"4";"0";"265";"3,69";"16777216";"2390753";"14,25";"0";"102";"166";"4";"4"
"05.11.2015 08:55:00";"4";"0";"231";"3,22";"16777216";"1865626";"11,12";"0";"85";"166";"2";"3"
"05.11.2015 09:00:00";"4";"0";"268";"3,73";"16777216";"1810262";"10,79";"0";"97";"166";"2";"3"
"05.11.2015 09:05:00";"4";"0";"462";"6,44";"16777216";"3387320";"20,19";"7";"1220";"166";"48";"364"
"05.11.2015 09:10:00";"4";"0";"231";"3,22";"16777216";"2347132";"13,99";"0";"98";"166";"2";"3"
"05.11.2015 09:15:00";"4";"0";"257";"3,58";"16777216";"1853882";"11,05";"0";"99";"166";"2";"3"
"05.11.2015 09:20:00";"4";"0";"284";"3,96";"16777216";"1966290";"11,72";"1";"123";"166";"4";"5"
"05.11.2015 09:25:00";"4";"0";"244";"3,4";"16777216";"2256536";"13,45";"2";"98";"166";"2";"3"
"05.11.2015 09:30:00";"4";"0";"261";"3,64";"16777216";"2313578";"13,79";"0";"109";"166";"2";"3"
"05.11.2015 09:35:00";"4";"0";"275";"3,84";"16777216";"2078697";"12,39";"4";"123";"166";"4";"4"
"05.11.2015 09:40:00";"4";"0";"238";"3,31";"16777216";"1676044";"9,99";"4";"97";"166";"2";"3"
"05.11.2015 09:45:00";"4";"0";"274";"3,82";"16777216";"1731409";"10,32";"20";"109";"166";"3";"3"
"05.11.2015 09:50:00";"4";"0";"276";"3,84";"16777216";"2347132";"13,99";"6";"133";"166";"4";"5"
"05.11.2015 09:55:00";"4";"0";"239";"3,34";"16777216";"1978034";"11,79";"3";"99";"166";"2";"3"
"05.11.2015 10:00:00";"4";"0";"463";"6,44";"16777216";"2514905";"14,99";"21";"189";"166";"27";"7"
"05.11.2015 10:05:00";"4";"0";"305";"4,25";"16777216";"3085330";"18,39";"1";"150";"166";"4";"4"
"05.11.2015 10:10:00";"4";"0";"226";"3,15";"16777216";"2447796";"14,59";"5";"103";"166";"2";"3"
"05.11.2015 10:15:00";"4";"0";"270";"3,77";"16777216";"1978034";"11,79";"32";"113";"166";"2";"3"
"05.11.2015 10:20:00";"4";"0";"515";"7,18";"16777216";"2179360";"12,99";"22";"122";"166";"4";"5"
"05.11.2015 10:25:00";"4";"0";"232";"3,24";"16777216";"2212915";"13,19";"7";"91";"166";"1";"2"
"05.11.2015 10:30:00";"4";"0";"254";"3,55";"16777216";"2011588";"11,99";"20";"99";"166";"2";"3"
"05.11.2015 10:35:00";"4";"0";"262";"3,66";"16777216";"2078697";"12,39";"7";"111";"166";"4";"4"
"05.11.2015 10:40:00";"4";"0";"236";"3,29";"16777216";"1978034";"11,79";"6";"88";"166";"2";"3"
"05.11.2015 10:45:00";"4";"0";"247";"3,44";"16777216";"1944479";"11,59";"7";"89";"166";"2";"3"
"05.11.2015 10:50:00";"4";"0";"259";"3,61";"16777216";"2145806";"12,79";"7";"102";"166";"4";"5"
"05.11.2015 10:55:00";"4";"0";"235";"3,28";"16777216";"1910925";"11,39";"7";"85";"166";"1";"2"
"05.11.2015 11:00:00";"4";"0";"279";"3,89";"16777216";"1776707";"10,59";"12";"119";"166";"2";"3"
"05.11.2015 11:05:00";"4";"0";"304";"4,24";"16777216";"2771596";"16,52";"12";"142";"166";"4";"5"
"05.11.2015 11:10:00";"4";"0";"254";"3,55";"16777216";"2112252";"12,59";"12";"137";"166";"2";"3"
"05.11.2015 11:15:00";"4";"0";"284";"3,95";"16777216";"1978034";"11,79";"18";"138";"166";"2";"3"
"05.11.2015 11:20:00";"4";"0";"291";"4,06";"16777216";"2112252";"12,59";"12";"142";"166";"4";"4"
"05.11.2015 11:25:00";"4";"0";"269";"3,74";"16777216";"2280024";"13,59";"9";"94";"166";"2";"3"
"05.11.2015 11:30:00";"4";"0";"244";"3,41";"16777216";"3061842";"18,25";"7";"93";"166";"2";"3"
"05.11.2015 11:35:00";"4";"0";"276";"3,85";"16777216";"2011588";"11,99";"9";"115";"166";"4";"5"
"05.11.2015 11:40:00";"4";"0";"307";"4,28";"16777216";"1743153";"10,39";"12";"116";"166";"2";"3"
"05.11.2015 11:45:00";"4";"0";"265";"3,7";"16777216";"1978034";"11,79";"9";"113";"166";"3";"4"
"05.11.2015 11:50:00";"4";"0";"330";"4,59";"16777216";"2246469";"13,39";"12";"163";"166";"28";"8"
"05.11.2015 11:55:00";"4";"0";"231";"3,23";"16777216";"2212915";"13,19";"7";"90";"166";"1";"2"
"05.11.2015 12:00:00";"4";"0";"362";"5,05";"16777216";"2625634";"15,65";"174";"140";"166";"2";"3"
"05.11.2015 12:05:00";"4";"0";"1334";"18,57";"16777216";"3464495";"20,65";"54";"1062";"166";"4";"4"
"05.11.2015 12:10:00";"4";"0";"252";"3,51";"16777216";"3174249";"18,92";"11";"1172";"166";"2";"3"
"05.11.2015 12:15:00";"4";"0";"278";"3,87";"16777216";"2280024";"13,59";"11";"117";"166";"2";"3"
"05.11.2015 12:20:00";"4";"0";"299";"4,16";"16777216";"2335388";"13,92";"12";"145";"166";"4";"5"
"05.11.2015 12:25:00";"4";"0";"267";"3,71";"16777216";"2122318";"12,65";"13";"127";"166";"1";"3"
"05.11.2015 12:30:00";"4";"0";"256";"3,56";"16777216";"2313578";"13,79";"9";"117";"166";"2";"3"
"05.11.2015 12:35:00";"4";"0";"291";"4,05";"16777216";"2201171";"13,12";"11";"135";"166";"4";"5"
"05.11.2015 12:40:00";"4";"0";"257";"3,58";"16777216";"1865626";"11,12";"8";"111";"166";"2";"3"
"05.11.2015 12:45:00";"4";"0";"318";"4,44";"16777216";"1743153";"10,39";"10";"149";"166";"27";"7"
"05.11.2015 12:50:00";"4";"0";"272";"3,8";"16777216";"2100508";"12,52";"9";"119";"166";"4";"4"
"05.11.2015 12:55:00";"4";"0";"232";"3,24";"16777216";"1541826";"9,19";"7";"90";"166";"2";"3"
"05.11.2015 13:00:00";"4";"0";"256";"3,57";"16777216";"2066953";"12,32";"9";"104";"166";"2";"3"
"05.11.2015 13:05:00";"4";"0";"564";"7,86";"16777216";"3800039";"22,65";"49";"2015";"166";"44";"554"
"05.11.2015 13:10:00";"4";"0";"247";"3,44";"16777216";"3107140";"18,52";"9";"112";"166";"2";"3"
"05.11.2015 13:15:00";"4";"0";"261";"3,64";"16777216";"1978034";"11,79";"10";"110";"166";"2";"3"
"05.11.2015 13:20:00";"4";"0";"292";"4,07";"16777216";"2649122";"15,79";"16";"125";"166";"4";"5"
"05.11.2015 13:25:00";"4";"0";"230";"3,21";"16777216";"2256536";"13,45";"6";"94";"166";"1";"3"
"05.11.2015 13:30:00";"4";"0";"316";"4,4";"16777216";"1899181";"11,32";"15";"129";"166";"2";"3"
"05.11.2015 13:35:00";"4";"0";"281";"3,92";"16777216";"2021655";"12,05";"22";"161";"166";"4";"5"
"05.11.2015 13:40:00";"4";"0";"250";"3,48";"16777216";"2189427";"13,05";"7";"118";"166";"2";"3"
"05.11.2015 13:45:00";"4";"0";"259";"3,61";"16777216";"2078697";"12,39";"8";"113";"166";"3";"4"
"05.11.2015 13:50:00";"4";"0";"334";"4,66";"16777216";"1920991";"11,45";"14";"166";"166";"28";"8"
"05.11.2015 13:55:00";"4";"0";"240";"3,34";"16777216";"1920991";"11,45";"10";"97";"166";"1";"2"
"05.11.2015 14:00:00";"4";"0";"517";"7,2";"16777216";"3073586";"18,32";"466";"597";"166";"2";"3"
"05.11.2015 14:05:00";"4";"0";"288";"4,01";"16777216";"3320211";"19,79";"8";"346";"166";"4";"4"
"05.11.2015 14:10:00";"4";"0";"252";"3,51";"16777216";"2447796";"14,59";"16";"121";"166";"2";"3"
"05.11.2015 14:15:00";"4";"0";"254";"3,53";"16777216";"1932735";"11,52";"13";"127";"166";"2";"3"
"05.11.2015 14:20:00";"4";"0";"299";"4,16";"16777216";"2155872";"12,85";"356";"142";"166";"5";"8"
"05.11.2015 14:25:00";"4";"0";"249";"3,47";"16777216";"2078697";"12,39";"10";"132";"166";"1";"2"
"05.11.2015 14:30:00";"4";"0";"301";"4,2";"16777216";"2402497";"14,32";"20";"158";"166";"2";"3"
"05.11.2015 14:35:00";"4";"0";"272";"3,79";"16777216";"2155872";"12,85";"8";"157";"166";"4";"5"
"05.11.2015 14:40:00";"4";"0";"300";"4,18";"16777216";"1944479";"11,59";"11";"118";"166";"2";"3"
"05.11.2015 14:45:00";"4";"0";"334";"4,65";"16777216";"2323644";"13,85";"15";"178";"166";"25";"7"
"05.11.2015 14:50:00";"4";"0";"277";"3,86";"16777216";"1999844";"11,92";"8";"137";"166";"6";"5"
"05.11.2015 14:55:00";"4";"0";"229";"3,18";"16777216";"2246469";"13,39";"7";"93";"166";"1";"3"
"05.11.2015 15:00:00";"4";"0";"259";"3,61";"16777216";"1887437";"11,25";"9";"118";"166";"2";"3"
"05.11.2015 15:05:00";"4";"0";"285";"3,98";"16777216";"2994733";"17,85";"16";"147";"166";"4";"4"
"05.11.2015 15:10:00";"4";"0";"234";"3,26";"16777216";"2313578";"13,79";"6";"111";"166";"2";"3"
"05.11.2015 15:15:00";"4";"0";"263";"3,67";"16777216";"1999844";"11,92";"10";"129";"166";"2";"3"
"05.11.2015 15:20:00";"4";"0";"261";"3,65";"16777216";"2256536";"13,45";"7";"139";"166";"4";"4"
"05.11.2015 15:25:00";"4";"0";"376";"5,24";"16777216";"2280024";"13,59";"325";"134";"166";"2";"3"
"05.11.2015 15:30:00";"4";"0";"285";"3,97";"16777216";"2246469";"13,39";"15";"162";"166";"2";"3"
"05.11.2015 15:35:00";"4";"0";"272";"3,79";"16777216";"2301834";"13,72";"8";"157";"166";"4";"5"
"05.11.2015 15:40:00";"4";"0";"270";"3,76";"16777216";"1776707";"10,59";"9";"129";"166";"2";"3"
"05.11.2015 15:45:00";"4";"0";"333";"4,65";"16777216";"2179360";"12,99";"12";"183";"166";"27";"7"
"05.11.2015 15:50:00";"4";"0";"286";"3,98";"16777216";"2212915";"13,19";"11";"151";"166";"4";"4"
"05.11.2015 15:55:00";"4";"0";"230";"3,21";"16777216";"2313578";"13,79";"8";"117";"166";"2";"3"
"05.11.2015 16:00:00";"4";"0";"384";"5,35";"16777216";"2179360";"12,99";"15";"155";"166";"2";"3"
"05.11.2015 16:05:00";"4";"0";"283";"3,95";"16777216";"2850449";"16,99";"8";"165";"166";"4";"4"
"05.11.2015 16:10:00";"4";"0";"244";"3,4";"16777216";"2280024";"13,59";"9";"136";"166";"2";"3"
"05.11.2015 16:15:00";"4";"0";"262";"3,65";"16777216";"2234725";"13,32";"11";"135";"166";"2";"3"
"05.11.2015 16:20:00";"4";"0";"284";"3,95";"16777216";"2112252";"12,59";"11";"155";"166";"4";"5"
"05.11.2015 16:25:00";"4";"0";"232";"3,23";"16777216";"2212915";"13,19";"6";"106";"166";"1";"3"
"05.11.2015 16:30:00";"4";"0";"250";"3,49";"16777216";"1709598";"10,19";"7";"115";"166";"2";"3"
"05.11.2015 16:35:00";"4";"0";"298";"4,15";"16777216";"2368943";"14,12";"12";"154";"166";"4";"5"
"05.11.2015 16:40:00";"4";"0";"242";"3,37";"16777216";"2179360";"12,99";"6";"124";"166";"2";"3"
"05.11.2015 16:45:00";"4";"0";"326";"4,54";"16777216";"1810262";"10,79";"12";"169";"166";"27";"7"
"05.11.2015 16:50:00";"4";"0";"258";"3,6";"16777216";"2078697";"12,39";"7";"130";"166";"4";"5"
"05.11.2015 16:55:00";"4";"0";"226";"3,15";"16777216";"1978034";"11,79";"7";"87";"166";"2";"3"
"05.11.2015 17:00:00";"4";"0";"269";"3,75";"16777216";"1697854";"10,12";"10";"124";"166";"2";"3"
"05.11.2015 17:05:00";"4";"0";"495";"6,89";"16777216";"3699376";"22,05";"33";"1529";"166";"44";"453"
"05.11.2015 17:10:00";"4";"0";"260";"3,63";"16777216";"2917558";"17,39";"1";"132";"166";"2";"3"
"05.11.2015 17:15:00";"4";"0";"250";"3,48";"16777216";"1944479";"11,59";"1";"128";"166";"2";"3"
"05.11.2015 17:20:00";"4";"0";"285";"3,97";"16777216";"1776707";"10,59";"8";"142";"166";"4";"4"
"05.11.2015 17:25:00";"4";"0";"273";"3,8";"16777216";"2380687";"14,19";"2";"133";"166";"2";"3"
"05.11.2015 17:30:00";"4";"0";"277";"3,85";"16777216";"2011588";"11,99";"7";"150";"166";"2";"3"
"05.11.2015 17:35:00";"4";"0";"281";"3,91";"16777216";"2280024";"13,59";"4";"150";"166";"4";"5"
"05.11.2015 17:40:00";"4";"0";"301";"4,2";"16777216";"2145806";"12,79";"12";"120";"166";"2";"3"
"05.11.2015 17:45:00";"4";"0";"329";"4,58";"16777216";"2649122";"15,79";"12";"168";"166";"27";"7"
"05.11.2015 17:50:00";"4";"0";"253";"3,52";"16777216";"2011588";"11,99";"2";"124";"166";"4";"5"
"05.11.2015 17:55:00";"4";"0";"224";"3,13";"16777216";"2234725";"13,32";"2";"92";"166";"2";"2"
"05.11.2015 18:00:00";"4";"0";"344";"4,79";"16777216";"2033399";"12,12";"406";"211";"166";"2";"3"
"05.11.2015 18:05:00";"4";"0";"323";"4,5";"16777216";"2939368";"17,52";"8";"181";"166";"4";"4"
"05.11.2015 18:10:00";"4";"0";"237";"3,3";"16777216";"2301834";"13,72";"8";"110";"166";"2";"3"
"05.11.2015 18:15:00";"4";"0";"279";"3,89";"16777216";"2122318";"12,65";"15";"132";"166";"2";"3"
"05.11.2015 18:20:00";"4";"0";"276";"3,85";"16777216";"2424308";"14,45";"12";"149";"166";"4";"5"
"05.11.2015 18:25:00";"4";"0";"250";"3,48";"16777216";"2301834";"13,72";"10";"128";"166";"2";"3"
"05.11.2015 18:30:00";"4";"0";"256";"3,57";"16777216";"1786773";"10,65";"10";"138";"166";"2";"3"
"05.11.2015 18:35:00";"4";"0";"338";"4,71";"16777216";"1608935";"9,59";"9";"147";"166";"57";"58"
"05.11.2015 18:40:00";"4";"0";"324";"4,52";"16777216";"1920991";"11,45";"7";"104";"166";"56";"59"
"05.11.2015 18:45:00";"4";"0";"258";"3,6";"16777216";"1820328";"10,85";"3";"116";"166";"8";"10"
"05.11.2015 18:50:00";"4";"0";"295";"4,11";"16777216";"2357199";"14,05";"6";"184";"166";"48";"17"
"05.11.2015 18:55:00";"4";"0";"252";"3,51";"16777216";"1988100";"11,85";"7";"100";"166";"17";"20"
"05.11.2015 19:00:00";"4";"0";"304";"4,23";"16777216";"2402497";"14,32";"12";"136";"166";"17";"20"
"05.11.2015 19:05:00";"4";"0";"283";"3,95";"16777216";"3040032";"18,12";"3";"148";"166";"11";"13"
"05.11.2015 19:10:00";"4";"0";"267";"3,72";"16777216";"2390753";"14,25";"4";"121";"166";"17";"20"
"05.11.2015 19:15:00";"4";"0";"273";"3,8";"16777216";"1832072";"10,92";"5";"123";"166";"21";"24"
"05.11.2015 19:20:00";"4";"0";"302";"4,21";"16777216";"1944479";"11,59";"6";"134";"166";"29";"34"
"05.11.2015 19:25:00";"4";"0";"256";"3,56";"16777216";"1664300";"9,92";"5";"104";"166";"17";"19"
"05.11.2015 19:30:00";"4";"0";"299";"4,16";"16777216";"1484784";"8,85";"7";"130";"166";"35";"40"
"05.11.2015 19:35:00";"4";"0";"286";"3,98";"16777216";"2045143";"12,19";"13";"147";"166";"10";"11"
"05.11.2015 19:40:00";"4";"0";"249";"3,47";"16777216";"1978034";"11,79";"7";"128";"166";"6";"7"
"05.11.2015 19:45:00";"4";"0";"272";"3,79";"16777216";"1954546";"11,65";"7";"121";"166";"15";"17"
"05.11.2015 19:50:00";"4";"0";"374";"5,22";"16777216";"1887437";"11,25";"10";"187";"166";"52";"34"
"05.11.2015 19:55:00";"4";"0";"265";"3,7";"16777216";"2167616";"12,92";"7";"107";"166";"25";"29"
"05.11.2015 20:00:00";"4";"0";"756";"10,53";"16777216";"3286657";"19,59";"3877";"577";"166";"3";"4"
"05.11.2015 20:05:00";"4";"0";"977";"13,6";"16777216";"6148850";"36,65";"90858";"1365";"166";"77";"6742"
"05.11.2015 20:10:00";"4";"0";"267";"3,73";"16777216";"5410652";"32,25";"169";"162";"166";"10";"11"
"05.11.2015 20:15:00";"4";"0";"260";"3,63";"16777216";"2872260";"17,12";"48";"134";"166";"7";"8"
"05.11.2015 20:20:00";"4";"0";"304";"4,24";"16777216";"2368943";"14,12";"1075";"152";"166";"10";"11"
"05.11.2015 20:25:00";"4";"0";"236";"3,29";"16777216";"2268280";"13,52";"7";"124";"166";"2";"3"
"05.11.2015 20:30:00";"4";"0";"251";"3,5";"16777216";"2033399";"12,12";"9";"118";"166";"2";"3"
"05.11.2015 20:35:00";"4";"0";"278";"3,87";"16777216";"1820328";"10,85";"13";"143";"166";"5";"6"
"05.11.2015 20:40:00";"4";"0";"305";"4,25";"16777216";"2783340";"16,59";"32";"120";"166";"4";"5"
"05.11.2015 20:45:00";"4";"0";"336";"4,68";"16777216";"2222981";"13,25";"12";"173";"166";"39";"19"
"05.11.2015 20:50:00";"4";"0";"287";"4";"16777216";"2436052";"14,52";"21";"141";"166";"16";"18"
"05.11.2015 20:55:00";"4";"0";"247";"3,44";"16777216";"1877370";"11,19";"8";"101";"166";"14";"15"
"05.11.2015 21:00:00";"4";"0";"252";"3,51";"16777216";"1709598";"10,19";"7";"115";"166";"7";"8"
"05.11.2015 21:05:00";"4";"0";"383";"5,33";"16777216";"2592080";"15,45";"17";"443";"166";"47";"109"
"05.11.2015 21:10:00";"4";"0";"243";"3,39";"16777216";"1887437";"11,25";"1";"115";"166";"12";"12"
"05.11.2015 21:15:00";"4";"0";"253";"3,53";"16777216";"1978034";"11,79";"1";"116";"166";"5";"6"
"05.11.2015 21:20:00";"4";"0";"298";"4,15";"16777216";"2414241";"14,39";"1";"139";"166";"17";"18"
"05.11.2015 21:25:00";"4";"0";"237";"3,3";"16777216";"1954546";"11,65";"2";"106";"166";"4";"5"
"05.11.2015 21:30:00";"4";"0";"250";"3,48";"16777216";"2347132";"13,99";"1";"115";"166";"4";"5"
"05.11.2015 21:35:00";"4";"0";"297";"4,14";"16777216";"2179360";"12,99";"3";"151";"166";"18";"19"
"05.11.2015 21:40:00";"4";"0";"282";"3,93";"16777216";"2145806";"12,79";"2";"115";"166";"27";"26"
"05.11.2015 21:45:00";"4";"0";"344";"4,79";"16777216";"2414241";"14,39";"4";"169";"166";"43";"25"
"05.11.2015 21:50:00";"4";"0";"280";"3,9";"16777216";"2447796";"14,59";"1";"135";"166";"21";"21"
"05.11.2015 21:55:00";"4";"0";"255";"3,55";"16777216";"2212915";"13,19";"4";"101";"166";"17";"19"
"05.11.2015 22:00:00";"4";"0";"337";"4,7";"16777216";"1877370";"11,19";"99";"136";"166";"6";"7"
"05.11.2015 22:05:00";"4";"0";"846";"11,78";"16777216";"3823528";"22,79";"2109";"386";"166";"13";"15"
"05.11.2015 22:10:00";"4";"0";"253";"3,53";"16777216";"2884004";"17,19";"4";"302";"166";"7";"8"
"05.11.2015 22:15:00";"4";"0";"319";"4,44";"16777216";"1910925";"11,39";"3";"130";"166";"41";"43"
"05.11.2015 22:20:00";"4";"0";"352";"4,91";"16777216";"2390753";"14,25";"9";"161";"166";"9";"11"
"05.11.2015 22:25:00";"4";"0";"262";"3,65";"16777216";"2112252";"12,59";"2";"139";"166";"11";"13"
"05.11.2015 22:30:00";"4";"0";"275";"3,83";"16777216";"1910925";"11,39";"6";"130";"166";"3";"4"
"05.11.2015 22:35:00";"4";"0";"276";"3,85";"16777216";"1743153";"10,39";"5";"152";"166";"4";"5"
"05.11.2015 22:40:00";"4";"0";"304";"4,24";"16777216";"1676044";"9,99";"6";"152";"166";"27";"9"
"05.11.2015 22:45:00";"4";"0";"329";"4,59";"16777216";"1642489";"9,79";"20";"135";"166";"6";"5"
"05.11.2015 22:50:00";"4";"0";"282";"3,94";"16777216";"2112252";"12,59";"6";"143";"166";"4";"5"
"05.11.2015 22:55:00";"4";"0";"242";"3,38";"16777216";"2145806";"12,79";"4";"102";"166";"2";"3"
"05.11.2015 23:00:00";"4";"0";"271";"3,78";"16777216";"2078697";"12,39";"4";"125";"166";"2";"3"
"05.11.2015 23:05:00";"4";"0";"310";"4,31";"16777216";"2749786";"16,39";"15";"158";"166";"4";"4"
"05.11.2015 23:10:00";"4";"0";"233";"3,24";"16777216";"2212915";"13,19";"18";"116";"166";"2";"3"
"05.11.2015 23:15:00";"4";"0";"262";"3,65";"16777216";"1843816";"10,99";"3";"119";"166";"2";"3"
"05.11.2015 23:20:00";"4";"0";"278";"3,87";"16777216";"2256536";"13,45";"5";"141";"166";"4";"5"
"05.11.2015 23:25:00";"4";"0";"245";"3,42";"16777216";"1877370";"11,19";"5";"103";"166";"2";"3"
"05.11.2015 23:30:00";"4";"0";"274";"3,82";"16777216";"2155872";"12,85";"5";"129";"166";"2";"3"
"05.11.2015 23:35:00";"4";"0";"276";"3,85";"16777216";"2246469";"13,39";"2";"147";"166";"4";"5"
"05.11.2015 23:40:00";"4";"0";"305";"4,26";"16777216";"2112252";"12,59";"2";"113";"166";"2";"3"
"05.11.2015 23:45:00";"4";"0";"271";"3,78";"16777216";"2301834";"13,72";"2";"129";"166";"2";"3"
"05.11.2015 23:50:00";"4";"0";"334";"4,66";"16777216";"2179360";"12,99";"0";"184";"166";"27";"8"
"05.11.2015 23:55:00";"4";"0";"250";"3,49";"16777216";"2469606";"14,72";"3";"113";"166";"4";"3"
"06.11.2015 00:00:00";"4";"0";"337";"4,7";"16777216";"2570269";"15,32";"2";"136";"166";"2";"3"
"06.11.2015 00:05:00";"4";"0";"445";"6,21";"16777216";"3622201";"21,59";"30";"452";"166";"57";"6"
"06.11.2015 00:10:00";"4";"0";"551";"7,67";"16777216";"2682677";"15,99";"81";"541";"166";"56";"5"
"06.11.2015 00:15:00";"4";"0";"773";"10,77";"16777216";"3555092";"21,19";"816";"558";"166";"61";"5"
"06.11.2015 00:20:00";"4";"0";"304";"4,24";"16777216";"2704487";"16,12";"8";"197";"166";"72";"7"
"06.11.2015 00:25:00";"4";"0";"1597";"22,24";"16777216";"4125517";"24,59";"200";"13036";"166";"24";"3"
"06.11.2015 00:30:00";"4";"0";"538";"7,5";"16777216";"5501249";"32,79";"175";"1313";"166";"115";"7"
"06.11.2015 00:35:00";"4";"0";"1199";"16,7";"16777216";"3744675";"22,32";"538";"1938";"166";"4";"4"
"06.11.2015 00:40:00";"4";"0";"248";"3,46";"16777216";"3118884";"18,59";"0";"424";"166";"2";"3"
"06.11.2015 00:45:00";"4";"0";"246";"3,43";"16777216";"2246469";"13,39";"0";"81";"166";"2";"3"
"06.11.2015 00:50:00";"4";"0";"271";"3,78";"16777216";"1920991";"11,45";"1060";"90";"166";"4";"5"
"06.11.2015 00:55:00";"4";"0";"234";"3,26";"16777216";"2457862";"14,65";"0";"77";"166";"2";"3"
"06.11.2015 01:00:00";"4";"0";"265";"3,69";"16777216";"1776707";"10,59";"0";"80";"166";"2";"3"
"06.11.2015 01:05:00";"4";"0";"1173";"16,33";"16777216";"3521538";"20,99";"7500";"1977";"166";"31";"2272"
"06.11.2015 01:10:00";"4";"0";"744";"10,36";"16777216";"5455951";"32,52";"7169";"444";"166";"89";"2507"
"06.11.2015 01:15:00";"4";"0";"247";"3,45";"16777216";"4348654";"25,92";"3";"159";"166";"2";"3"
"06.11.2015 01:20:00";"4";"0";"295";"4,11";"16777216";"2558525";"15,25";"1140";"93";"166";"4";"4"
"06.11.2015 01:25:00";"4";"0";"235";"3,27";"16777216";"2323644";"13,85";"19";"84";"166";"2";"3"
"06.11.2015 01:30:00";"4";"0";"256";"3,57";"16777216";"2167616";"12,92";"1";"84";"166";"2";"3"
"06.11.2015 01:35:00";"4";"0";"271";"3,78";"16777216";"1887437";"11,25";"8";"93";"166";"4";"5"
"06.11.2015 01:40:00";"4";"0";"266";"3,7";"16777216";"2088763";"12,45";"13";"108";"166";"2";"3"
"06.11.2015 01:45:00";"4";"0";"249";"3,47";"16777216";"1652556";"9,85";"2";"85";"166";"2";"3"
"06.11.2015 01:50:00";"4";"0";"278";"3,87";"16777216";"1944479";"11,59";"22";"89";"166";"4";"5"
"06.11.2015 01:55:00";"4";"0";"316";"4,4";"16777216";"1820328";"10,85";"3";"131";"166";"26";"6"
"06.11.2015 02:00:00";"4";"0";"348";"4,86";"16777216";"2280024";"13,59";"378";"122";"166";"2";"3"
"06.11.2015 02:05:00";"4";"0";"296";"4,13";"16777216";"3330277";"19,85";"39";"123";"166";"4";"4"
"06.11.2015 02:10:00";"4";"0";"230";"3,21";"16777216";"2088763";"12,45";"0";"93";"166";"2";"3"
"06.11.2015 02:15:00";"4";"0";"258";"3,59";"16777216";"1551892";"9,25";"1";"95";"166";"2";"3"
"06.11.2015 02:20:00";"4";"0";"261";"3,64";"16777216";"1786773";"10,65";"0";"93";"166";"4";"5"
"06.11.2015 02:25:00";"4";"0";"220";"3,06";"16777216";"1877370";"11,19";"0";"76";"166";"2";"3"
"06.11.2015 02:30:00";"4";"0";"243";"3,39";"16777216";"1642489";"9,79";"0";"86";"166";"2";"3"
"06.11.2015 02:35:00";"4";"0";"276";"3,84";"16777216";"1999844";"11,92";"2";"101";"166";"5";"5"
"06.11.2015 02:40:00";"4";"0";"298";"4,15";"16777216";"1810262";"10,79";"4";"97";"166";"3";"3"
"06.11.2015 02:45:00";"4";"0";"237";"3,3";"16777216";"1978034";"11,79";"0";"81";"166";"2";"3"
"06.11.2015 02:50:00";"4";"0";"267";"3,71";"16777216";"1676044";"9,99";"0";"97";"166";"4";"5"
"06.11.2015 02:55:00";"4";"0";"223";"3,11";"16777216";"2212915";"13,19";"0";"78";"166";"2";"3"
"06.11.2015 03:00:00";"4";"0";"249";"3,47";"16777216";"1541826";"9,19";"0";"84";"166";"2";"3"
"06.11.2015 03:05:00";"4";"0";"516";"7,18";"16777216";"3018221";"17,99";"19";"340";"166";"4";"4"
"06.11.2015 03:10:00";"4";"0";"227";"3,16";"16777216";"2011588";"11,99";"0";"246";"166";"2";"3"
"06.11.2015 03:15:00";"4";"0";"240";"3,35";"16777216";"2078697";"12,39";"0";"88";"166";"2";"3"
"06.11.2015 03:20:00";"4";"0";"359";"5";"16777216";"2112252";"12,59";"593";"207";"166";"4";"5"
"06.11.2015 03:25:00";"4";"0";"234";"3,26";"16777216";"2179360";"12,99";"6";"103";"166";"2";"3"
"06.11.2015 03:30:00";"4";"0";"255";"3,55";"16777216";"1944479";"11,59";"7";"83";"166";"2";"3"
"06.11.2015 03:35:00";"4";"0";"272";"3,79";"16777216";"2145806";"12,79";"8";"100";"166";"4";"5"
"06.11.2015 03:40:00";"4";"0";"245";"3,42";"16777216";"2011588";"11,99";"7";"91";"166";"2";"3"
"06.11.2015 03:45:00";"4";"0";"249";"3,48";"16777216";"2045143";"12,19";"7";"91";"166";"3";"4"
"06.11.2015 03:50:00";"4";"0";"262";"3,65";"16777216";"2380687";"14,19";"7";"96";"166";"4";"4"
"06.11.2015 03:55:00";"4";"0";"224";"3,13";"16777216";"2189427";"13,05";"7";"81";"166";"1";"2"
"06.11.2015 04:00:00";"4";"0";"401";"5,59";"16777216";"2078697";"12,39";"21";"170";"166";"27";"7"
"06.11.2015 04:05:00";"4";"0";"336";"4,69";"16777216";"3229614";"19,25";"142";"175";"166";"3";"4"
"06.11.2015 04:10:00";"4";"0";"238";"3,32";"16777216";"2222981";"13,25";"21";"156";"166";"2";"3"
"06.11.2015 04:15:00";"4";"0";"270";"3,77";"16777216";"2380687";"14,19";"20";"102";"166";"2";"3"
"06.11.2015 04:20:00";"4";"0";"269";"3,75";"16777216";"2122318";"12,65";"15";"118";"166";"4";"5"
"06.11.2015 04:25:00";"4";"0";"277";"3,87";"16777216";"2380687";"14,19";"22";"98";"166";"2";"3"
"06.11.2015 04:30:00";"4";"0";"248";"3,46";"16777216";"1764963";"10,52";"9";"108";"166";"2";"3"
"06.11.2015 04:35:00";"4";"0";"311";"4,34";"16777216";"2582014";"15,39";"9";"152";"166";"29";"11"
"06.11.2015 04:40:00";"4";"0";"262";"3,65";"16777216";"1686110";"10,05";"6";"91";"166";"12";"13"
"06.11.2015 04:45:00";"4";"0";"334";"4,65";"16777216";"1988100";"11,85";"8";"137";"166";"36";"17"
"06.11.2015 04:50:00";"4";"0";"290";"4,05";"16777216";"2380687";"14,19";"8";"103";"166";"16";"15"
"06.11.2015 04:55:00";"4";"0";"270";"3,77";"16777216";"2368943";"14,12";"9";"122";"166";"28";"15"
"06.11.2015 05:00:00";"4";"0";"347";"4,84";"16777216";"2347132";"13,99";"15";"129";"166";"13";"6"
"06.11.2015 05:05:00";"4";"0";"483";"6,73";"16777216";"3487983";"20,79";"68";"1258";"166";"44";"397"
"06.11.2015 05:10:00";"4";"0";"251";"3,49";"16777216";"3095396";"18,45";"11";"117";"166";"2";"3"
"06.11.2015 05:15:00";"4";"0";"246";"3,43";"16777216";"1944479";"11,59";"9";"99";"166";"2";"3"
"06.11.2015 05:20:00";"4";"0";"276";"3,85";"16777216";"2212915";"13,19";"15";"99";"166";"4";"4"
"06.11.2015 05:25:00";"4";"0";"232";"3,23";"16777216";"2357199";"14,05";"7";"83";"166";"2";"3"
"06.11.2015 05:30:00";"4";"0";"242";"3,38";"16777216";"2256536";"13,45";"7";"86";"166";"2";"3"
"06.11.2015 05:35:00";"4";"0";"277";"3,86";"16777216";"2256536";"13,45";"10";"115";"166";"4";"5"
"06.11.2015 05:40:00";"4";"0";"300";"4,18";"16777216";"2201171";"13,12";"22";"99";"166";"2";"3"
"06.11.2015 05:45:00";"4";"0";"317";"4,42";"16777216";"1954546";"11,65";"9";"141";"166";"27";"7"
"06.11.2015 05:50:00";"4";"0";"259";"3,62";"16777216";"1966290";"11,72";"7";"100";"166";"4";"4"
"06.11.2015 05:55:00";"4";"0";"241";"3,36";"16777216";"2436052";"14,52";"10";"94";"166";"2";"3"
"06.11.2015 06:00:00";"4";"0";"447";"6,22";"16777216";"2179360";"12,99";"1087";"671";"166";"2";"3"
"06.11.2015 06:05:00";"4";"0";"736";"10,26";"16777216";"3823528";"22,79";"84985";"997";"166";"25";"5165"
"06.11.2015 06:10:00";"4";"0";"293";"4,08";"16777216";"4404019";"26,25";"5208";"133";"166";"39";"44"
"06.11.2015 06:15:00";"4";"0";"246";"3,43";"16777216";"2390753";"14,25";"33";"91";"166";"2";"3"
"06.11.2015 06:20:00";"4";"0";"264";"3,67";"16777216";"2290090";"13,65";"17";"95";"166";"4";"4"
"06.11.2015 06:25:00";"4";"0";"231";"3,22";"16777216";"1877370";"11,19";"7";"80";"166";"2";"3"
"06.11.2015 06:30:00";"4";"0";"233";"3,26";"16777216";"1764963";"10,52";"7";"86";"166";"2";"3"
"06.11.2015 06:35:00";"4";"0";"292";"4,07";"16777216";"2682677";"15,99";"15";"111";"166";"6";"6"
"06.11.2015 06:40:00";"4";"0";"269";"3,75";"16777216";"2256536";"13,45";"21";"107";"166";"3";"4"
"06.11.2015 06:45:00";"4";"0";"331";"4,61";"16777216";"2793406";"16,65";"18";"167";"166";"27";"7"
"06.11.2015 06:50:00";"4";"0";"261";"3,63";"16777216";"2469606";"14,72";"7";"100";"166";"4";"4"
"06.11.2015 06:55:00";"4";"0";"265";"3,7";"16777216";"2055209";"12,25";"14";"95";"166";"2";"3"
"06.11.2015 07:00:00";"4";"0";"243";"3,39";"16777216";"1887437";"11,25";"7";"100";"166";"2";"3"
"06.11.2015 07:05:00";"4";"0";"276";"3,85";"16777216";"2704487";"16,12";"39";"106";"166";"4";"4"
"06.11.2015 07:10:00";"4";"0";"225";"3,14";"16777216";"2045143";"12,19";"6";"95";"166";"2";"3"
"06.11.2015 07:15:00";"4";"0";"248";"3,46";"16777216";"1585447";"9,45";"8";"88";"166";"2";"3"
"06.11.2015 07:20:00";"4";"0";"266";"3,71";"16777216";"2078697";"12,39";"8";"103";"166";"4";"4"
"06.11.2015 07:25:00";"4";"0";"229";"3,2";"16777216";"2167616";"12,92";"7";"86";"166";"2";"3"
"06.11.2015 07:30:00";"4";"0";"248";"3,46";"16777216";"2256536";"13,45";"8";"95";"166";"2";"3"
"06.11.2015 07:35:00";"4";"0";"282";"3,93";"16777216";"1786773";"10,65";"13";"118";"166";"4";"5"
"06.11.2015 07:40:00";"4";"0";"232";"3,24";"16777216";"2155872";"12,85";"7";"109";"166";"2";"3"
"06.11.2015 07:45:00";"4";"0";"312";"4,35";"16777216";"1820328";"10,85";"11";"145";"166";"27";"7"
"06.11.2015 07:50:00";"4";"0";"259";"3,61";"16777216";"1853882";"11,05";"7";"99";"166";"4";"4"
"06.11.2015 07:55:00";"4";"0";"231";"3,22";"16777216";"2179360";"12,99";"7";"84";"166";"1";"3"
"06.11.2015 08:00:00";"4";"0";"340";"4,73";"16777216";"2122318";"12,65";"48";"123";"166";"2";"3"
"06.11.2015 08:05:00";"4";"0";"292";"4,07";"16777216";"3219548";"19,19";"7";"134";"166";"4";"4"
"06.11.2015 08:10:00";"4";"0";"231";"3,22";"16777216";"2179360";"12,99";"9";"105";"166";"2";"3"
"06.11.2015 08:15:00";"4";"0";"284";"3,96";"16777216";"2100508";"12,52";"12";"113";"166";"2";"3"
"06.11.2015 08:20:00";"4";"0";"361";"5,03";"16777216";"2491417";"14,85";"414";"572";"166";"4";"4"
"06.11.2015 08:25:00";"4";"0";"261";"3,64";"16777216";"2749786";"16,39";"1";"530";"166";"1";"3"
"06.11.2015 08:30:00";"4";"0";"246";"3,42";"16777216";"2659189";"15,85";"0";"107";"166";"2";"3"
"06.11.2015 08:35:00";"4";"0";"277";"3,86";"16777216";"1541826";"9,19";"0";"114";"166";"4";"5"
"06.11.2015 08:40:00";"4";"0";"340";"4,73";"16777216";"2033399";"12,12";"21";"107";"166";"2";"3"
"06.11.2015 08:45:00";"4";"0";"326";"4,55";"16777216";"3387320";"20,19";"2";"149";"166";"27";"7"
"06.11.2015 08:50:00";"4";"0";"262";"3,65";"16777216";"2447796";"14,59";"885";"108";"166";"4";"5"
"06.11.2015 08:55:00";"4";"0";"224";"3,13";"16777216";"2212915";"13,19";"0";"90";"166";"2";"3"
"06.11.2015 09:00:00";"4";"0";"259";"3,61";"16777216";"1776707";"10,59";"0";"97";"166";"2";"3"
"06.11.2015 09:05:00";"4";"0";"460";"6,41";"16777216";"3476239";"20,72";"7";"1248";"166";"43";"368"
"06.11.2015 09:10:00";"4";"0";"227";"3,17";"16777216";"2816895";"16,79";"0";"101";"166";"2";"3"
"06.11.2015 09:15:00";"4";"0";"257";"3,58";"16777216";"1910925";"11,39";"1";"100";"166";"2";"3"
"06.11.2015 09:20:00";"4";"0";"281";"3,92";"16777216";"1719665";"10,25";"0";"120";"166";"4";"5"
"06.11.2015 09:25:00";"4";"0";"235";"3,27";"16777216";"2246469";"13,39";"0";"97";"166";"2";"3"
"06.11.2015 09:30:00";"4";"0";"252";"3,51";"16777216";"2045143";"12,19";"3";"100";"166";"2";"3"
"06.11.2015 09:35:00";"4";"0";"287";"4";"16777216";"1910925";"11,39";"0";"135";"166";"4";"5"
"06.11.2015 09:40:00";"4";"0";"244";"3,4";"16777216";"2011588";"11,99";"0";"106";"166";"2";"3"
"06.11.2015 09:45:00";"4";"0";"339";"4,73";"16777216";"1944479";"11,59";"0";"153";"166";"27";"7"
"06.11.2015 09:50:00";"4";"0";"277";"3,86";"16777216";"2179360";"12,99";"2";"129";"166";"4";"5"
"06.11.2015 09:55:00";"4";"0";"232";"3,23";"16777216";"1944479";"11,59";"1";"98";"166";"2";"3"
"06.11.2015 10:00:00";"4";"0";"419";"5,84";"16777216";"2246469";"13,39";"398";"214";"166";"2";"3"
"06.11.2015 10:05:00";"4";"0";"297";"4,13";"16777216";"2749786";"16,39";"2";"170";"166";"4";"4"
"06.11.2015 10:10:00";"4";"0";"232";"3,23";"16777216";"2380687";"14,19";"0";"114";"166";"2";"3"
"06.11.2015 10:15:00";"4";"0";"261";"3,63";"16777216";"1978034";"11,79";"16";"109";"166";"2";"3"
"06.11.2015 10:20:00";"4";"0";"524";"7,31";"16777216";"2045143";"12,19";"19";"119";"166";"4";"5"
"06.11.2015 10:25:00";"4";"0";"231";"3,22";"16777216";"1719665";"10,25";"3";"96";"166";"2";"3"
"06.11.2015 10:30:00";"4";"0";"252";"3,51";"16777216";"1910925";"11,39";"3";"101";"166";"2";"4"
"06.11.2015 10:35:00";"4";"0";"255";"3,55";"16777216";"1843816";"10,99";"1";"109";"166";"4";"4"
"06.11.2015 10:40:00";"4";"0";"231";"3,22";"16777216";"1978034";"11,79";"0";"88";"166";"2";"3"
"06.11.2015 10:45:00";"4";"0";"240";"3,34";"16777216";"1474717";"8,79";"0";"93";"166";"2";"3"
"06.11.2015 10:50:00";"4";"0";"256";"3,56";"16777216";"1619001";"9,65";"0";"108";"166";"4";"5"
"06.11.2015 10:55:00";"4";"0";"229";"3,19";"16777216";"2212915";"13,19";"0";"89";"166";"2";"3"
"06.11.2015 11:00:00";"4";"0";"274";"3,82";"16777216";"1764963";"10,52";"0";"118";"166";"2";"3"
"06.11.2015 11:05:00";"4";"0";"300";"4,18";"16777216";"2649122";"15,79";"4";"140";"166";"4";"4"
"06.11.2015 11:10:00";"4";"0";"259";"3,61";"16777216";"2548459";"15,19";"1";"134";"166";"2";"3"
"06.11.2015 11:15:00";"4";"0";"281";"3,93";"16777216";"2357199";"14,05";"3";"143";"166";"2";"3"
"06.11.2015 11:20:00";"4";"0";"293";"4,09";"16777216";"2122318";"12,65";"1";"141";"166";"4";"5"
"06.11.2015 11:25:00";"4";"0";"228";"3,17";"16777216";"2380687";"14,19";"0";"97";"166";"2";"3"
"06.11.2015 11:30:00";"4";"0";"241";"3,36";"16777216";"1709598";"10,19";"0";"95";"166";"2";"3"
"06.11.2015 11:35:00";"4";"0";"272";"3,79";"16777216";"2066953";"12,32";"0";"116";"166";"4";"4"
"06.11.2015 11:40:00";"4";"0";"302";"4,21";"16777216";"1585447";"9,45";"2";"116";"166";"2";"3"
"06.11.2015 11:45:00";"4";"0";"261";"3,64";"16777216";"1843816";"10,99";"4";"115";"166";"2";"3"
"06.11.2015 11:50:00";"4";"0";"334";"4,66";"16777216";"2021655";"12,05";"9";"160";"166";"29";"9"
"06.11.2015 11:55:00";"4";"0";"232";"3,23";"16777216";"2011588";"11,99";"10";"87";"166";"1";"2"
"06.11.2015 12:00:00";"4";"0";"363";"5,05";"16777216";"1786773";"10,65";"14";"124";"166";"2";"3"
"06.11.2015 12:05:00";"4";"0";"1337";"18,62";"16777216";"4192626";"24,99";"60";"1058";"166";"4";"4"
"06.11.2015 12:10:00";"4";"0";"249";"3,47";"16777216";"3397386";"20,25";"12";"1167";"166";"2";"3"
"06.11.2015 12:15:00";"4";"0";"273";"3,81";"16777216";"2347132";"13,99";"13";"118";"166";"2";"3"
"06.11.2015 12:20:00";"4";"0";"296";"4,13";"16777216";"2347132";"13,99";"15";"149";"166";"4";"4"
"06.11.2015 12:25:00";"4";"0";"266";"3,71";"16777216";"2457862";"14,65";"12";"133";"166";"2";"2"
"06.11.2015 12:30:00";"4";"0";"249";"3,48";"16777216";"1753219";"10,45";"8";"114";"166";"2";"3"
"06.11.2015 12:35:00";"4";"0";"293";"4,08";"16777216";"1820328";"10,85";"10";"134";"166";"4";"5"
"06.11.2015 12:40:00";"4";"0";"254";"3,54";"16777216";"1932735";"11,52";"9";"116";"166";"2";"3"
"06.11.2015 12:45:00";"4";"0";"323";"4,51";"16777216";"2155872";"12,85";"15";"157";"166";"27";"7"
"06.11.2015 12:50:00";"4";"0";"272";"3,79";"16777216";"2201171";"13,12";"10";"113";"166";"4";"5"
"06.11.2015 12:55:00";"4";"0";"235";"3,28";"16777216";"1697854";"10,12";"7";"92";"166";"2";"3"
"06.11.2015 13:00:00";"4";"0";"253";"3,53";"16777216";"1407608";"8,39";"7";"96";"166";"2";"3"
"06.11.2015 13:05:00";"4";"0";"567";"7,9";"16777216";"4001366";"23,85";"47";"2048";"166";"45";"559"
"06.11.2015 13:10:00";"4";"0";"242";"3,38";"16777216";"2860515";"17,05";"8";"114";"166";"2";"3"
"06.11.2015 13:15:00";"4";"0";"268";"3,73";"16777216";"2145806";"12,79";"11";"113";"166";"2";"3"
"06.11.2015 13:20:00";"4";"0";"284";"3,95";"16777216";"2357199";"14,05";"16";"128";"166";"4";"4"
"06.11.2015 13:25:00";"4";"0";"221";"3,08";"16777216";"2447796";"14,59";"12";"95";"166";"2";"2"
"06.11.2015 13:30:00";"4";"0";"303";"4,22";"16777216";"1853882";"11,05";"16";"124";"166";"2";"3"
"06.11.2015 13:35:00";"4";"0";"291";"4,06";"16777216";"2301834";"13,72";"30";"147";"166";"4";"5"
"06.11.2015 13:40:00";"4";"0";"247";"3,45";"16777216";"1764963";"10,52";"6";"114";"166";"2";"3"
"06.11.2015 13:45:00";"4";"0";"322";"4,5";"16777216";"1853882";"11,05";"9";"151";"166";"27";"7"
"06.11.2015 13:50:00";"4";"0";"260";"3,62";"16777216";"1776707";"10,59";"7";"110";"166";"4";"4"
"06.11.2015 13:55:00";"4";"0";"239";"3,33";"16777216";"2066953";"12,32";"9";"90";"166";"2";"3"
"06.11.2015 14:00:00";"4";"0";"413";"5,75";"16777216";"2189427";"13,05";"24";"172";"166";"2";"3"
"06.11.2015 14:05:00";"4";"0";"299";"4,16";"16777216";"3286657";"19,59";"8";"158";"166";"4";"4"
"06.11.2015 14:10:00";"4";"0";"245";"3,41";"16777216";"2234725";"13,32";"10";"118";"166";"2";"3"
"06.11.2015 14:15:00";"4";"0";"254";"3,55";"16777216";"2335388";"13,92";"8";"108";"166";"2";"3"
"06.11.2015 14:20:00";"4";"0";"291";"4,05";"16777216";"2212915";"13,19";"11";"127";"166";"4";"4"
"06.11.2015 14:25:00";"4";"0";"247";"3,44";"16777216";"2481350";"14,79";"10";"115";"166";"2";"3"
"06.11.2015 14:30:00";"4";"0";"306";"4,27";"16777216";"2323644";"13,85";"18";"143";"166";"2";"3"
"06.11.2015 14:35:00";"4";"0";"261";"3,64";"16777216";"1887437";"11,25";"8";"133";"166";"4";"5"
"06.11.2015 14:40:00";"4";"0";"289";"4,02";"16777216";"2134062";"12,72";"7";"99";"166";"2";"3"
"06.11.2015 14:45:00";"4";"0";"267";"3,72";"16777216";"2234725";"13,32";"10";"114";"166";"2";"3"
"06.11.2015 14:50:00";"4";"0";"273";"3,8";"16777216";"2088763";"12,45";"7";"120";"166";"5";"5"
"06.11.2015 14:55:00";"4";"0";"303";"4,22";"16777216";"2301834";"13,72";"10";"142";"166";"27";"6"
"06.11.2015 15:00:00";"4";"0";"256";"3,56";"16777216";"2290090";"13,65";"9";"110";"166";"2";"3"
"06.11.2015 15:05:00";"4";"0";"289";"4,02";"16777216";"2659189";"15,85";"11";"126";"166";"4";"4"
"06.11.2015 15:10:00";"4";"0";"231";"3,23";"16777216";"1642489";"9,79";"6";"107";"166";"2";"3"
"06.11.2015 15:15:00";"4";"0";"263";"3,66";"16777216";"1910925";"11,39";"10";"106";"166";"2";"3"
"06.11.2015 15:20:00";"4";"0";"262";"3,66";"16777216";"2179360";"12,99";"7";"117";"166";"4";"4"
"06.11.2015 15:25:00";"4";"0";"361";"5,04";"16777216";"2280024";"13,59";"328";"109";"166";"2";"3"
"06.11.2015 15:30:00";"4";"0";"283";"3,94";"16777216";"2212915";"13,19";"14";"134";"166";"2";"3"
"06.11.2015 15:35:00";"4";"0";"272";"3,79";"16777216";"2380687";"14,19";"8";"137";"166";"4";"5"
"06.11.2015 15:40:00";"4";"0";"269";"3,75";"16777216";"2347132";"13,99";"9";"116";"166";"2";"3"
"06.11.2015 15:45:00";"4";"0";"337";"4,69";"16777216";"2155872";"12,85";"13";"185";"166";"27";"7"
"06.11.2015 15:50:00";"4";"0";"283";"3,95";"16777216";"2548459";"15,19";"10";"151";"166";"4";"5"
"06.11.2015 15:55:00";"4";"0";"237";"3,3";"16777216";"2749786";"16,39";"8";"115";"166";"2";"3"
"06.11.2015 16:00:00";"4";"0";"398";"5,55";"16777216";"2548459";"15,19";"169";"175";"166";"2";"3"
"06.11.2015 16:05:00";"4";"0";"285";"3,97";"16777216";"2984667";"17,79";"9";"174";"166";"4";"4"
"06.11.2015 16:10:00";"4";"0";"243";"3,39";"16777216";"2481350";"14,79";"8";"120";"166";"2";"3"
"06.11.2015 16:15:00";"4";"0";"265";"3,69";"16777216";"2078697";"12,39";"11";"136";"166";"2";"3"
"06.11.2015 16:20:00";"4";"0";"286";"3,99";"16777216";"2212915";"13,19";"11";"163";"166";"4";"5"
"06.11.2015 16:25:00";"4";"0";"229";"3,19";"16777216";"2246469";"13,39";"6";"103";"166";"2";"3"
"06.11.2015 16:30:00";"4";"0";"247";"3,45";"16777216";"1910925";"11,39";"7";"116";"166";"2";"3"
"06.11.2015 16:35:00";"4";"0";"297";"4,14";"16777216";"1944479";"11,59";"12";"155";"166";"5";"5"
"06.11.2015 16:40:00";"4";"0";"241";"3,35";"16777216";"2548459";"15,19";"7";"118";"166";"2";"3"
"06.11.2015 16:45:00";"4";"0";"318";"4,43";"16777216";"2380687";"14,19";"10";"162";"166";"25";"7"
"06.11.2015 16:50:00";"4";"0";"271";"3,77";"16777216";"1978034";"11,79";"8";"138";"166";"6";"5"
"06.11.2015 16:55:00";"4";"0";"224";"3,12";"16777216";"1709598";"10,19";"7";"85";"166";"2";"3"
"06.11.2015 17:00:00";"4";"0";"264";"3,68";"16777216";"1743153";"10,39";"11";"121";"166";"2";"3"
"06.11.2015 17:05:00";"4";"0";"467";"6,5";"16777216";"3711120";"22,12";"16";"1209";"166";"44";"370"
"06.11.2015 17:10:00";"4";"0";"252";"3,52";"16777216";"3152439";"18,79";"19";"135";"166";"2";"3"
"06.11.2015 17:15:00";"4";"0";"248";"3,46";"16777216";"2447796";"14,59";"0";"131";"166";"2";"3"
"06.11.2015 17:20:00";"4";"0";"277";"3,86";"16777216";"2212915";"13,19";"8";"137";"166";"4";"5"
"06.11.2015 17:25:00";"4";"0";"275";"3,83";"16777216";"2503161";"14,92";"0";"136";"166";"2";"2"
"06.11.2015 17:30:00";"4";"0";"274";"3,82";"16777216";"2078697";"12,39";"1";"151";"166";"2";"3"
"06.11.2015 17:35:00";"4";"0";"284";"3,96";"16777216";"1999844";"11,92";"1";"151";"166";"4";"5"
"06.11.2015 17:40:00";"4";"0";"310";"4,33";"16777216";"1910925";"11,39";"4";"124";"166";"2";"3"
"06.11.2015 17:45:00";"4";"0";"326";"4,55";"16777216";"2066953";"12,32";"3";"169";"166";"27";"7"
"06.11.2015 17:50:00";"4";"0";"253";"3,53";"16777216";"2290090";"13,65";"0";"129";"166";"4";"5"
"06.11.2015 17:55:00";"4";"0";"221";"3,08";"16777216";"1551892";"9,25";"0";"91";"166";"2";"3"
"06.11.2015 18:00:00";"4";"0";"322";"4,48";"16777216";"2447796";"14,59";"0";"134";"166";"2";"3"
"06.11.2015 18:05:00";"4";"0";"317";"4,42";"16777216";"2704487";"16,12";"1";"162";"166";"4";"4"
"06.11.2015 18:10:00";"4";"0";"230";"3,2";"16777216";"2246469";"13,39";"1";"106";"166";"2";"3"
"06.11.2015 18:15:00";"4";"0";"281";"3,91";"16777216";"1541826";"9,19";"18";"135";"166";"2";"3"
"06.11.2015 18:20:00";"4";"0";"271";"3,77";"16777216";"1999844";"11,92";"1";"149";"166";"4";"5"
"06.11.2015 18:25:00";"4";"0";"265";"3,69";"16777216";"2347132";"13,99";"9";"136";"166";"2";"3"
"06.11.2015 18:30:00";"4";"0";"252";"3,51";"16777216";"2088763";"12,45";"5";"139";"166";"2";"3"
"06.11.2015 18:35:00";"4";"0";"343";"4,78";"16777216";"1853882";"11,05";"1";"152";"166";"57";"58"
"06.11.2015 18:40:00";"4";"0";"316";"4,41";"16777216";"1988100";"11,85";"0";"112";"166";"58";"61"
"06.11.2015 18:45:00";"4";"0";"270";"3,76";"16777216";"1999844";"11,92";"0";"118";"166";"15";"17"
"06.11.2015 18:50:00";"4";"0";"285";"3,97";"16777216";"2436052";"14,52";"0";"182";"166";"42";"11"
"06.11.2015 18:55:00";"4";"0";"264";"3,68";"16777216";"1920991";"11,45";"0";"101";"166";"24";"28"
"06.11.2015 19:00:00";"4";"0";"297";"4,14";"16777216";"1978034";"11,79";"2";"134";"166";"13";"15"
"06.11.2015 19:05:00";"4";"0";"293";"4,08";"16777216";"2793406";"16,65";"1";"147";"166";"11";"12"
"06.11.2015 19:10:00";"4";"0";"274";"3,82";"16777216";"2424308";"14,45";"1";"127";"166";"22";"26"
"06.11.2015 19:15:00";"4";"0";"281";"3,91";"16777216";"2088763";"12,45";"0";"126";"166";"18";"21"
"06.11.2015 19:20:00";"4";"0";"286";"3,98";"16777216";"1932735";"11,52";"0";"137";"166";"24";"28"
"06.11.2015 19:25:00";"4";"0";"269";"3,76";"16777216";"2021655";"12,05";"0";"93";"166";"25";"28"
"06.11.2015 19:30:00";"4";"0";"280";"3,9";"16777216";"2122318";"12,65";"0";"123";"166";"29";"34"
"06.11.2015 19:35:00";"4";"0";"291";"4,06";"16777216";"1786773";"10,65";"2";"147";"166";"9";"10"
"06.11.2015 19:40:00";"4";"0";"247";"3,44";"16777216";"2055209";"12,25";"0";"128";"166";"7";"8"
"06.11.2015 19:45:00";"4";"0";"343";"4,78";"16777216";"1798518";"10,72";"0";"170";"166";"43";"24"
"06.11.2015 19:50:00";"4";"0";"303";"4,22";"16777216";"2649122";"15,79";"0";"143";"166";"29";"32"
"06.11.2015 19:55:00";"4";"0";"255";"3,56";"16777216";"2189427";"13,05";"0";"102";"166";"19";"22"
"06.11.2015 20:00:00";"4";"0";"737";"10,26";"16777216";"3263169";"19,45";"6202";"494";"166";"3";"4"
"06.11.2015 20:05:00";"4";"0";"874";"12,18";"16777216";"6350176";"37,85";"89604";"1270";"166";"75";"6543"
"06.11.2015 20:10:00";"4";"0";"294";"4,1";"16777216";"5333477";"31,79";"174";"159";"166";"11";"12"
"06.11.2015 20:15:00";"4";"0";"255";"3,56";"16777216";"3018221";"17,99";"13";"126";"166";"7";"8"
"06.11.2015 20:20:00";"4";"0";"297";"4,14";"16777216";"2167616";"12,92";"98";"149";"166";"10";"11"
"06.11.2015 20:25:00";"4";"0";"233";"3,25";"16777216";"2246469";"13,39";"8";"118";"166";"2";"3"
"06.11.2015 20:30:00";"4";"0";"245";"3,41";"16777216";"1798518";"10,72";"7";"115";"166";"2";"3"
"06.11.2015 20:35:00";"4";"0";"278";"3,88";"16777216";"1887437";"11,25";"12";"143";"166";"4";"5"
"06.11.2015 20:40:00";"4";"0";"286";"3,99";"16777216";"2189427";"13,05";"24";"117";"166";"2";"3"
"06.11.2015 20:45:00";"4";"0";"317";"4,42";"16777216";"2335388";"13,92";"11";"165";"166";"27";"7"
"06.11.2015 20:50:00";"4";"0";"266";"3,71";"16777216";"1978034";"11,79";"9";"132";"166";"5";"6"
"06.11.2015 20:55:00";"4";"0";"232";"3,24";"16777216";"2246469";"13,39";"10";"104";"166";"3";"4"
"06.11.2015 21:00:00";"4";"0";"270";"3,76";"16777216";"1585447";"9,45";"7";"124";"166";"16";"17"
"06.11.2015 21:05:00";"4";"0";"390";"5,43";"16777216";"2424308";"14,45";"11";"445";"166";"53";"116"
"06.11.2015 21:10:00";"4";"0";"242";"3,38";"16777216";"2234725";"13,32";"1";"118";"166";"14";"15"
"06.11.2015 21:15:00";"4";"0";"250";"3,49";"16777216";"1865626";"11,12";"1";"116";"166";"7";"8"
"06.11.2015 21:20:00";"4";"0";"276";"3,84";"16777216";"2357199";"14,05";"1";"134";"166";"9";"10"
"06.11.2015 21:25:00";"4";"0";"253";"3,52";"16777216";"1999844";"11,92";"1";"105";"166";"10";"10"
"06.11.2015 21:30:00";"4";"0";"252";"3,52";"16777216";"1978034";"11,79";"2";"116";"166";"5";"6"
"06.11.2015 21:35:00";"4";"0";"296";"4,12";"16777216";"2078697";"12,39";"2";"151";"166";"18";"19"
"06.11.2015 21:40:00";"4";"0";"256";"3,57";"16777216";"2179360";"12,99";"2";"107";"166";"7";"7"
"06.11.2015 21:45:00";"4";"0";"313";"4,36";"16777216";"2078697";"12,39";"5";"168";"166";"29";"9"
"06.11.2015 21:50:00";"4";"0";"294";"4,1";"16777216";"2045143";"12,19";"3";"137";"166";"27";"27"
"06.11.2015 21:55:00";"4";"0";"259";"3,61";"16777216";"2078697";"12,39";"2";"104";"166";"22";"22"
"06.11.2015 22:00:00";"4";"0";"363";"5,05";"16777216";"2145806";"12,79";"104";"146";"166";"23";"23"
"06.11.2015 22:05:00";"4";"0";"994";"13,85";"16777216";"5590168";"33,32";"5006";"410";"166";"13";"14"
"06.11.2015 22:10:00";"4";"0";"268";"3,74";"16777216";"4863715";"28,99";"1";"295";"166";"14";"16"
"06.11.2015 22:15:00";"4";"0";"258";"3,6";"16777216";"2582014";"15,39";"3";"120";"166";"5";"6"
"06.11.2015 22:20:00";"4";"0";"368";"5,12";"16777216";"2145806";"12,79";"3";"166";"166";"14";"15"
"06.11.2015 22:25:00";"4";"0";"250";"3,48";"16777216";"2280024";"13,59";"1";"144";"166";"6";"8"
"06.11.2015 22:30:00";"4";"0";"325";"4,53";"16777216";"2179360";"12,99";"4";"140";"166";"41";"43"
"06.11.2015 22:35:00";"4";"0";"281";"3,92";"16777216";"2078697";"12,39";"3";"144";"166";"9";"10"
"06.11.2015 22:40:00";"4";"0";"264";"3,67";"16777216";"1642489";"9,79";"3";"107";"166";"11";"13"
"06.11.2015 22:45:00";"4";"0";"260";"3,63";"16777216";"1944479";"11,59";"3";"119";"166";"2";"4"
"06.11.2015 22:50:00";"4";"0";"287";"3,99";"16777216";"2548459";"15,19";"3";"134";"166";"5";"6"
"06.11.2015 22:55:00";"4";"0";"322";"4,49";"16777216";"1944479";"11,59";"4";"151";"166";"29";"9"
"06.11.2015 23:00:00";"4";"0";"345";"4,8";"16777216";"2212915";"13,19";"19";"142";"166";"4";"5"
"06.11.2015 23:05:00";"4";"0";"303";"4,22";"16777216";"3185993";"18,99";"8";"153";"166";"4";"4"
"06.11.2015 23:10:00";"4";"0";"241";"3,36";"16777216";"2212915";"13,19";"18";"115";"166";"2";"3"
"06.11.2015 23:15:00";"4";"0";"270";"3,76";"16777216";"2280024";"13,59";"4";"120";"166";"2";"3"
"06.11.2015 23:20:00";"4";"0";"279";"3,89";"16777216";"2033399";"12,12";"1";"141";"166";"4";"4"
"06.11.2015 23:25:00";"4";"0";"243";"3,39";"16777216";"2313578";"13,79";"2";"108";"166";"2";"3"
"06.11.2015 23:30:00";"4";"0";"271";"3,78";"16777216";"1719665";"10,25";"1";"133";"166";"2";"3"
"06.11.2015 23:35:00";"4";"0";"276";"3,85";"16777216";"1944479";"11,59";"0";"146";"166";"4";"5"
"06.11.2015 23:40:00";"4";"0";"289";"4,03";"16777216";"2222981";"13,25";"2";"129";"166";"2";"3"
"06.11.2015 23:45:00";"4";"0";"275";"3,84";"16777216";"2246469";"13,39";"1";"136";"166";"3";"3"
"06.11.2015 23:50:00";"4";"0";"342";"4,77";"16777216";"1753219";"10,45";"0";"192";"166";"29";"9"
"06.11.2015 23:55:00";"4";"0";"243";"3,38";"16777216";"2380687";"14,19";"3";"100";"166";"2";"3"
"07.11.2015 00:00:00";"4";"0";"440";"6,13";"16777216";"2402497";"14,32";"302";"608";"166";"2";"3"
"07.11.2015 00:05:00";"4";"0";"455";"6,34";"16777216";"4102029";"24,45";"35";"643";"166";"63";"7"
"07.11.2015 00:10:00";"4";"0";"434";"6,05";"16777216";"2649122";"15,79";"80";"723";"166";"55";"5"
"07.11.2015 00:15:00";"4";"0";"629";"8,76";"16777216";"3430941";"20,45";"826";"516";"166";"61";"5"
"07.11.2015 00:20:00";"4";"0";"298";"4,15";"16777216";"2603824";"15,52";"16";"95";"166";"64";"7"
"07.11.2015 00:25:00";"4";"0";"1623";"22,61";"16777216";"4202692";"25,05";"299";"13180";"166";"22";"3"
"07.11.2015 00:30:00";"4";"0";"399";"5,57";"16777216";"5858604";"34,92";"88";"1016";"166";"117";"7"
"07.11.2015 00:35:00";"4";"0";"1360";"18,94";"16777216";"4226181";"25,19";"540";"4020";"166";"4";"5"
"07.11.2015 00:40:00";"4";"0";"256";"3,57";"16777216";"4046665";"24,12";"25";"522";"166";"2";"3"
"07.11.2015 00:45:00";"4";"0";"247";"3,44";"16777216";"2290090";"13,65";"19";"79";"166";"2";"3"
"07.11.2015 00:50:00";"4";"0";"282";"3,93";"16777216";"2301834";"13,72";"1136";"86";"166";"4";"4"
"07.11.2015 00:55:00";"4";"0";"240";"3,34";"16777216";"2280024";"13,59";"8";"75";"166";"2";"3"
"07.11.2015 01:00:00";"4";"0";"270";"3,76";"16777216";"1820328";"10,85";"13";"80";"166";"2";"3"
"07.11.2015 01:05:00";"4";"0";"1190";"16,58";"16777216";"3610457";"21,52";"7970";"265";"166";"19";"2304"
"07.11.2015 01:10:00";"4";"0";"376";"5,23";"16777216";"3464495";"20,65";"627";"213";"166";"40";"205"
"07.11.2015 01:15:00";"4";"0";"261";"3,64";"16777216";"2514905";"14,99";"12";"83";"166";"2";"3"
"07.11.2015 01:20:00";"4";"0";"291";"4,06";"16777216";"2033399";"12,12";"1135";"90";"166";"4";"5"
"07.11.2015 01:25:00";"4";"0";"661";"9,21";"16777216";"2793406";"16,65";"6367";"391";"166";"44";"2389"
"07.11.2015 01:30:00";"4";"0";"260";"3,62";"16777216";"3878892";"23,12";"22";"87";"166";"2";"3"
"07.11.2015 01:35:00";"4";"0";"281";"3,92";"16777216";"2155872";"12,85";"18";"87";"166";"4";"4"
"07.11.2015 01:40:00";"4";"0";"259";"3,61";"16777216";"1954546";"11,65";"0";"91";"166";"2";"3"
"07.11.2015 01:45:00";"4";"0";"273";"3,81";"16777216";"1865626";"11,12";"13";"92";"166";"3";"3"
"07.11.2015 01:50:00";"4";"0";"294";"4,09";"16777216";"1731409";"10,32";"1116";"93";"166";"4";"5"
"07.11.2015 01:55:00";"4";"0";"330";"4,59";"16777216";"2268280";"13,52";"4";"125";"166";"26";"7"
"07.11.2015 02:00:00";"4";"0";"353";"4,92";"16777216";"2088763";"12,45";"59";"113";"166";"2";"3"
"07.11.2015 02:05:00";"4";"0";"307";"4,28";"16777216";"3342021";"19,92";"53";"116";"166";"4";"4"
"07.11.2015 02:10:00";"4";"0";"237";"3,31";"16777216";"2301834";"13,72";"0";"96";"166";"2";"3"
"07.11.2015 02:15:00";"4";"0";"269";"3,76";"16777216";"2167616";"12,92";"5";"90";"166";"2";"3"
"07.11.2015 02:20:00";"4";"0";"271";"3,77";"16777216";"2368943";"14,12";"0";"100";"166";"4";"5"
"07.11.2015 02:25:00";"4";"0";"232";"3,23";"16777216";"2424308";"14,45";"1";"78";"166";"2";"3"
"07.11.2015 02:30:00";"4";"0";"259";"3,61";"16777216";"1988100";"11,85";"0";"84";"166";"2";"3"
"07.11.2015 02:35:00";"4";"0";"290";"4,04";"16777216";"2503161";"14,92";"1";"104";"166";"5";"5"
"07.11.2015 02:40:00";"4";"0";"279";"3,89";"16777216";"2134062";"12,72";"27";"97";"166";"3";"3"
"07.11.2015 02:45:00";"4";"0";"242";"3,37";"16777216";"2088763";"12,45";"9";"83";"166";"2";"3"
"07.11.2015 02:50:00";"4";"0";"256";"3,56";"16777216";"2615568";"15,59";"1";"88";"166";"4";"5"
"07.11.2015 02:55:00";"4";"0";"230";"3,2";"16777216";"2290090";"13,65";"1";"80";"166";"2";"3"
"07.11.2015 03:00:00";"4";"0";"248";"3,46";"16777216";"2155872";"12,85";"0";"86";"166";"2";"3"
"07.11.2015 03:05:00";"4";"0";"520";"7,25";"16777216";"2659189";"15,85";"32";"332";"166";"4";"4"
"07.11.2015 03:10:00";"4";"0";"231";"3,22";"16777216";"2347132";"13,99";"7";"246";"166";"2";"3"
"07.11.2015 03:15:00";"4";"0";"234";"3,26";"16777216";"2011588";"11,99";"7";"86";"166";"2";"3"
"07.11.2015 03:20:00";"4";"0";"312";"4,35";"16777216";"2280024";"13,59";"22";"109";"166";"4";"5"
"07.11.2015 03:25:00";"4";"0";"222";"3,1";"16777216";"1743153";"10,39";"6";"95";"166";"2";"3"
"07.11.2015 03:30:00";"4";"0";"242";"3,37";"16777216";"1541826";"9,19";"8";"84";"166";"2";"3"
"07.11.2015 03:35:00";"4";"0";"272";"3,79";"16777216";"2212915";"13,19";"5";"103";"166";"4";"5"
"07.11.2015 03:40:00";"4";"0";"244";"3,4";"16777216";"1978034";"11,79";"6";"90";"166";"2";"3"
"07.11.2015 03:45:00";"4";"0";"265";"3,7";"16777216";"1978034";"11,79";"28";"140";"166";"2";"3"
"07.11.2015 03:50:00";"4";"0";"256";"3,57";"16777216";"1944479";"11,59";"4";"94";"166";"4";"5"
"07.11.2015 03:55:00";"4";"0";"290";"4,04";"16777216";"1776707";"10,59";"9";"119";"166";"20";"5"
"07.11.2015 04:00:00";"4";"0";"334";"4,65";"16777216";"2280024";"13,59";"15";"118";"166";"8";"4"
"07.11.2015 04:05:00";"4";"0";"353";"4,92";"16777216";"3353765";"19,99";"164";"186";"166";"4";"4"
"07.11.2015 04:10:00";"4";"0";"235";"3,27";"16777216";"2615568";"15,59";"23";"161";"166";"2";"3"
"07.11.2015 04:15:00";"4";"0";"279";"3,88";"16777216";"2582014";"15,39";"23";"94";"166";"2";"3"
"07.11.2015 04:20:00";"4";"0";"266";"3,71";"16777216";"2481350";"14,79";"14";"120";"166";"4";"5"
"07.11.2015 04:25:00";"4";"0";"279";"3,89";"16777216";"2380687";"14,19";"3";"104";"166";"2";"3"
"07.11.2015 04:30:00";"4";"0";"242";"3,38";"16777216";"2045143";"12,19";"0";"108";"166";"2";"3"
"07.11.2015 04:35:00";"4";"0";"340";"4,73";"16777216";"2212915";"13,19";"2";"148";"166";"25";"10"
"07.11.2015 04:40:00";"4";"0";"244";"3,4";"16777216";"1944479";"11,59";"0";"96";"166";"4";"4"
"07.11.2015 04:45:00";"4";"0";"240";"3,34";"16777216";"1776707";"10,59";"0";"85";"166";"2";"3"
"07.11.2015 04:50:00";"4";"0";"275";"3,83";"16777216";"2112252";"12,59";"0";"96";"166";"16";"15"
"07.11.2015 04:55:00";"4";"0";"243";"3,38";"16777216";"1877370";"11,19";"0";"89";"166";"15";"14"
"07.11.2015 05:00:00";"4";"0";"324";"4,52";"16777216";"1676044";"9,99";"0";"124";"166";"35";"23"
"07.11.2015 05:05:00";"4";"0";"544";"7,57";"16777216";"3487983";"20,79";"29";"1298";"166";"67";"400"
"07.11.2015 05:10:00";"4";"0";"336";"4,69";"16777216";"2759852";"16,45";"21";"151";"166";"15";"6"
"07.11.2015 05:15:00";"4";"0";"247";"3,44";"16777216";"1954546";"11,65";"3";"103";"166";"2";"3"
"07.11.2015 05:20:00";"4";"0";"274";"3,82";"16777216";"2514905";"14,99";"0";"101";"166";"4";"5"
"07.11.2015 05:25:00";"4";"0";"233";"3,25";"16777216";"2189427";"13,05";"0";"85";"166";"2";"3"
"07.11.2015 05:30:00";"4";"0";"242";"3,37";"16777216";"1731409";"10,32";"0";"93";"166";"2";"3"
"07.11.2015 05:35:00";"4";"0";"268";"3,74";"16777216";"1652556";"9,85";"2";"113";"166";"4";"5"
"07.11.2015 05:40:00";"4";"0";"314";"4,37";"16777216";"2536715";"15,12";"1";"99";"166";"2";"3"
"07.11.2015 05:45:00";"4";"0";"258";"3,6";"16777216";"3253102";"19,39";"0";"97";"166";"6";"4"
"07.11.2015 05:50:00";"4";"0";"333";"4,64";"16777216";"2984667";"17,79";"0";"149";"166";"26";"8"
"07.11.2015 05:55:00";"4";"0";"254";"3,53";"16777216";"2414241";"14,39";"5";"114";"166";"2";"3"
"07.11.2015 06:00:00";"4";"0";"384";"5,36";"16777216";"3286657";"19,59";"759";"283";"166";"2";"3"
"07.11.2015 06:05:00";"4";"0";"1152";"16,05";"16777216";"5791495";"34,52";"77038";"756";"166";"23";"4824"
"07.11.2015 06:10:00";"4";"0";"337";"4,69";"16777216";"5321733";"31,72";"14982";"129";"166";"40";"134"
"07.11.2015 06:15:00";"4";"0";"257";"3,58";"16777216";"3051776";"18,19";"39";"85";"166";"2";"3"
"07.11.2015 06:20:00";"4";"0";"277";"3,86";"16777216";"2145806";"12,79";"22";"107";"166";"4";"5"
"07.11.2015 06:25:00";"4";"0";"243";"3,39";"16777216";"2380687";"14,19";"6";"89";"166";"2";"3"
"07.11.2015 06:30:00";"4";"0";"246";"3,42";"16777216";"2335388";"13,92";"7";"90";"166";"2";"3"
"07.11.2015 06:35:00";"4";"0";"294";"4,11";"16777216";"2558525";"15,25";"13";"99";"166";"6";"6"
"07.11.2015 06:40:00";"4";"0";"269";"3,75";"16777216";"1920991";"11,45";"7";"94";"166";"5";"4"
"07.11.2015 06:45:00";"4";"0";"327";"4,56";"16777216";"1920991";"11,45";"18";"145";"166";"25";"6"
"07.11.2015 06:50:00";"4";"0";"272";"3,8";"16777216";"1743153";"10,39";"8";"103";"166";"4";"5"
"07.11.2015 06:55:00";"4";"0";"240";"3,34";"16777216";"2313578";"13,79";"8";"86";"166";"1";"3"
"07.11.2015 07:00:00";"4";"0";"258";"3,6";"16777216";"1709598";"10,19";"7";"87";"166";"2";"3"
"07.11.2015 07:05:00";"4";"0";"286";"3,98";"16777216";"2592080";"15,45";"29";"105";"166";"4";"4"
"07.11.2015 07:10:00";"4";"0";"242";"3,37";"16777216";"1575381";"9,39";"7";"100";"166";"2";"3"
"07.11.2015 07:15:00";"4";"0";"258";"3,59";"16777216";"1585447";"9,45";"8";"92";"166";"2";"3"
"07.11.2015 07:20:00";"4";"0";"277";"3,87";"16777216";"2380687";"14,19";"13";"99";"166";"4";"5"
"07.11.2015 07:25:00";"4";"0";"238";"3,32";"16777216";"1776707";"10,59";"6";"83";"166";"2";"3"
"07.11.2015 07:30:00";"4";"0";"261";"3,64";"16777216";"2212915";"13,19";"5";"95";"166";"2";"3"
"07.11.2015 07:35:00";"4";"0";"287";"4";"16777216";"1843816";"10,99";"14";"114";"166";"4";"5"
"07.11.2015 07:40:00";"4";"0";"255";"3,56";"16777216";"2011588";"11,99";"0";"109";"166";"2";"3"
"07.11.2015 07:45:00";"4";"0";"320";"4,46";"16777216";"1743153";"10,39";"8";"141";"166";"27";"7"
"07.11.2015 07:50:00";"4";"0";"271";"3,77";"16777216";"2078697";"12,39";"0";"98";"166";"4";"5"
"07.11.2015 07:55:00";"4";"0";"236";"3,29";"16777216";"2280024";"13,59";"0";"82";"166";"1";"3"
"07.11.2015 08:00:00";"4";"0";"347";"4,84";"16777216";"2122318";"12,65";"42";"113";"166";"2";"3"
"07.11.2015 08:05:00";"4";"0";"294";"4,1";"16777216";"2972923";"17,72";"2";"127";"166";"4";"4"
"07.11.2015 08:10:00";"4";"0";"249";"3,47";"16777216";"1966290";"11,72";"1";"106";"166";"2";"3"
"07.11.2015 08:15:00";"4";"0";"295";"4,11";"16777216";"2033399";"12,12";"1";"110";"166";"2";"3"
"07.11.2015 08:20:00";"4";"0";"269";"3,75";"16777216";"2189427";"13,05";"0";"114";"166";"4";"4"
"07.11.2015 08:25:00";"4";"0";"332";"4,63";"16777216";"2357199";"14,05";"326";"494";"166";"1";"3"
"07.11.2015 08:30:00";"4";"0";"261";"3,64";"16777216";"2280024";"13,59";"0";"498";"166";"2";"3"
"07.11.2015 08:35:00";"4";"0";"282";"3,92";"16777216";"1676044";"9,99";"0";"112";"166";"4";"5"
"07.11.2015 08:40:00";"4";"0";"288";"4,02";"16777216";"1820328";"10,85";"6";"101";"166";"2";"3"
"07.11.2015 08:45:00";"4";"0";"482";"6,71";"16777216";"2145806";"12,79";"131";"149";"166";"27";"7"
"07.11.2015 08:50:00";"4";"0";"265";"3,69";"16777216";"2649122";"15,79";"0";"112";"166";"4";"5"
"07.11.2015 08:55:00";"4";"0";"242";"3,37";"16777216";"2447796";"14,59";"0";"84";"166";"1";"3"
"07.11.2015 09:00:00";"4";"0";"268";"3,74";"16777216";"1776707";"10,59";"0";"97";"166";"2";"3"
"07.11.2015 09:05:00";"4";"0";"460";"6,41";"16777216";"3018221";"17,99";"8";"1160";"166";"44";"344"
"07.11.2015 09:10:00";"4";"0";"239";"3,33";"16777216";"2313578";"13,79";"1";"105";"166";"2";"3"
"07.11.2015 09:15:00";"4";"0";"270";"3,76";"16777216";"2011588";"11,99";"1";"102";"166";"2";"3"
"07.11.2015 09:20:00";"4";"0";"281";"3,91";"16777216";"2179360";"12,99";"1";"120";"166";"4";"5"
"07.11.2015 09:25:00";"4";"0";"252";"3,52";"16777216";"1709598";"10,19";"0";"95";"166";"2";"2"
"07.11.2015 09:30:00";"4";"0";"267";"3,72";"16777216";"1910925";"11,39";"0";"102";"166";"2";"3"
"07.11.2015 09:35:00";"4";"0";"294";"4,1";"16777216";"2313578";"13,79";"0";"130";"166";"4";"5"
"07.11.2015 09:40:00";"4";"0";"262";"3,65";"16777216";"2414241";"14,39";"0";"102";"166";"2";"3"
"07.11.2015 09:45:00";"4";"0";"357";"4,97";"16777216";"2347132";"13,99";"0";"159";"166";"27";"7"
"07.11.2015 09:50:00";"4";"0";"283";"3,95";"16777216";"2301834";"13,72";"1";"126";"166";"4";"4"
"07.11.2015 09:55:00";"4";"0";"234";"3,26";"16777216";"2280024";"13,59";"1";"97";"166";"2";"3"
"07.11.2015 10:00:00";"4";"0";"514";"7,16";"16777216";"2615568";"15,59";"175";"554";"166";"2";"3"
"07.11.2015 10:05:00";"4";"0";"550";"7,66";"16777216";"3924191";"23,39";"402";"511";"166";"4";"4"
"07.11.2015 10:10:00";"4";"0";"241";"3,36";"16777216";"3454429";"20,59";"9";"217";"166";"2";"3"
"07.11.2015 10:15:00";"4";"0";"274";"3,82";"16777216";"2078697";"12,39";"27";"106";"166";"2";"3"
"07.11.2015 10:20:00";"4";"0";"532";"7,42";"16777216";"2011588";"11,99";"856";"120";"166";"4";"4"
"07.11.2015 10:25:00";"4";"0";"241";"3,36";"16777216";"2212915";"13,19";"7";"92";"166";"2";"3"
"07.11.2015 10:30:00";"4";"0";"264";"3,67";"16777216";"1776707";"10,59";"10";"103";"166";"2";"3"
"07.11.2015 10:35:00";"4";"0";"270";"3,77";"16777216";"2011588";"11,99";"11";"114";"166";"4";"4"
"07.11.2015 10:40:00";"4";"0";"246";"3,43";"16777216";"1910925";"11,39";"6";"90";"166";"2";"3"
"07.11.2015 10:45:00";"4";"0";"257";"3,58";"16777216";"1776707";"10,59";"9";"91";"166";"2";"3"
"07.11.2015 10:50:00";"4";"0";"273";"3,8";"16777216";"1865626";"11,12";"9";"105";"166";"4";"4"
"07.11.2015 10:55:00";"4";"0";"245";"3,42";"16777216";"2179360";"12,99";"7";"91";"166";"2";"3"
"07.11.2015 11:00:00";"4";"0";"289";"4,03";"16777216";"1966290";"11,72";"20";"120";"166";"2";"3"
"07.11.2015 11:05:00";"4";"0";"300";"4,19";"16777216";"3253102";"19,39";"20";"140";"166";"4";"5"
"07.11.2015 11:10:00";"4";"0";"283";"3,94";"16777216";"2301834";"13,72";"15";"133";"166";"2";"3"
"07.11.2015 11:15:00";"4";"0";"302";"4,21";"16777216";"2011588";"11,99";"30";"157";"166";"2";"3"
"07.11.2015 11:20:00";"4";"0";"300";"4,19";"16777216";"2301834";"13,72";"12";"151";"166";"4";"5"
"07.11.2015 11:25:00";"4";"0";"235";"3,28";"16777216";"2503161";"14,92";"7";"96";"166";"2";"3"
"07.11.2015 11:30:00";"4";"0";"250";"3,49";"16777216";"1899181";"11,32";"7";"94";"166";"2";"3"
"07.11.2015 11:35:00";"4";"0";"281";"3,91";"16777216";"2078697";"12,39";"10";"116";"166";"4";"5"
"07.11.2015 11:40:00";"4";"0";"289";"4,03";"16777216";"1932735";"11,52";"11";"108";"166";"2";"3"
"07.11.2015 11:45:00";"4";"0";"318";"4,43";"16777216";"2179360";"12,99";"11";"141";"166";"19";"6"
"07.11.2015 11:50:00";"4";"0";"311";"4,33";"16777216";"2301834";"13,72";"8";"133";"166";"13";"6"
"07.11.2015 11:55:00";"4";"0";"239";"3,32";"16777216";"1910925";"11,39";"7";"88";"166";"2";"3"
"07.11.2015 12:00:00";"4";"0";"396";"5,51";"16777216";"2134062";"12,72";"82";"131";"166";"2";"3"
"07.11.2015 12:05:00";"4";"0";"1430";"19,92";"16777216";"4952634";"29,52";"93";"3089";"166";"4";"4"
"07.11.2015 12:10:00";"4";"0";"267";"3,73";"16777216";"3878892";"23,12";"11";"1163";"166";"2";"3"
"07.11.2015 12:15:00";"4";"0";"293";"4,08";"16777216";"2347132";"13,99";"14";"117";"166";"2";"3"
"07.11.2015 12:20:00";"4";"0";"311";"4,34";"16777216";"2055209";"12,25";"18";"157";"166";"4";"5"
"07.11.2015 12:25:00";"4";"0";"278";"3,88";"16777216";"2280024";"13,59";"12";"129";"166";"2";"3"
"07.11.2015 12:30:00";"4";"0";"267";"3,72";"16777216";"2134062";"12,72";"9";"119";"166";"2";"3"
"07.11.2015 12:35:00";"4";"0";"306";"4,26";"16777216";"2268280";"13,52";"13";"131";"166";"4";"5"
"07.11.2015 12:40:00";"4";"0";"298";"4,15";"16777216";"1899181";"11,32";"11";"144";"166";"18";"5"
"07.11.2015 12:45:00";"4";"0";"314";"4,38";"16777216";"2033399";"12,12";"16";"127";"166";"11";"5"
"07.11.2015 12:50:00";"4";"0";"283";"3,94";"16777216";"1832072";"10,92";"9";"122";"166";"4";"5"
"07.11.2015 12:55:00";"4";"0";"246";"3,43";"16777216";"1786773";"10,65";"8";"98";"166";"2";"3"
"07.11.2015 13:00:00";"4";"0";"261";"3,63";"16777216";"1508272";"8,99";"7";"104";"166";"2";"3"
"07.11.2015 13:05:00";"4";"0";"614";"8,56";"16777216";"3588646";"21,39";"39";"536";"166";"45";"682"
"07.11.2015 13:10:00";"4";"0";"254";"3,54";"16777216";"2826961";"16,85";"0";"116";"166";"2";"3"
"07.11.2015 13:15:00";"4";"0";"277";"3,86";"16777216";"2100508";"12,52";"0";"110";"166";"2";"3"
"07.11.2015 13:20:00";"4";"0";"276";"3,84";"16777216";"2122318";"12,65";"0";"122";"166";"4";"5"
"07.11.2015 13:25:00";"4";"0";"256";"3,57";"16777216";"1954546";"11,65";"0";"94";"166";"2";"3"
"07.11.2015 13:30:00";"4";"0";"311";"4,33";"16777216";"2134062";"12,72";"2";"129";"166";"2";"3"
"07.11.2015 13:35:00";"4";"0";"293";"4,09";"16777216";"2268280";"13,52";"2";"161";"166";"4";"5"
"07.11.2015 13:40:00";"4";"0";"314";"4,38";"16777216";"2301834";"13,72";"0";"169";"166";"25";"7"
"07.11.2015 13:45:00";"4";"0";"270";"3,77";"16777216";"2167616";"12,92";"0";"122";"166";"4";"3"
"07.11.2015 13:50:00";"4";"0";"267";"3,71";"16777216";"2256536";"13,45";"1";"122";"166";"4";"5"
"07.11.2015 13:55:00";"4";"0";"259";"3,61";"16777216";"2414241";"14,39";"0";"102";"166";"2";"2"
"07.11.2015 14:00:00";"4";"0";"436";"6,07";"16777216";"2481350";"14,79";"115";"196";"166";"2";"3"
"07.11.2015 14:05:00";"4";"0";"465";"6,48";"16777216";"3711120";"22,12";"102";"216";"166";"4";"4"
"07.11.2015 14:10:00";"4";"0";"256";"3,56";"16777216";"2649122";"15,79";"9";"155";"166";"2";"3"
"07.11.2015 14:15:00";"4";"0";"268";"3,74";"16777216";"2256536";"13,45";"8";"125";"166";"2";"3"
"07.11.2015 14:20:00";"4";"0";"296";"4,13";"16777216";"2414241";"14,39";"13";"147";"166";"4";"5"
"07.11.2015 14:25:00";"4";"0";"264";"3,69";"16777216";"2514905";"14,99";"11";"134";"166";"2";"3"
"07.11.2015 14:30:00";"4";"0";"302";"4,21";"16777216";"2424308";"14,45";"18";"158";"166";"2";"3"
"07.11.2015 14:35:00";"4";"0";"283";"3,94";"16777216";"2256536";"13,45";"8";"156";"166";"5";"5"
"07.11.2015 14:40:00";"4";"0";"358";"4,98";"16777216";"1753219";"10,45";"12";"153";"166";"25";"7"
"07.11.2015 14:45:00";"4";"0";"287";"4";"16777216";"2246469";"13,39";"6";"129";"166";"4";"4"
"07.11.2015 14:50:00";"4";"0";"271";"3,78";"16777216";"1743153";"10,39";"0";"135";"166";"4";"5"
"07.11.2015 14:55:00";"4";"0";"240";"3,35";"16777216";"2179360";"12,99";"1";"87";"166";"1";"3"
"07.11.2015 15:00:00";"4";"0";"268";"3,73";"16777216";"1877370";"11,19";"1";"120";"166";"2";"3"
"07.11.2015 15:05:00";"4";"0";"291";"4,06";"16777216";"2615568";"15,59";"11";"147";"166";"4";"4"
"07.11.2015 15:10:00";"4";"0";"241";"3,36";"16777216";"1966290";"11,72";"7";"109";"166";"2";"3"
"07.11.2015 15:15:00";"4";"0";"276";"3,85";"16777216";"2313578";"13,79";"10";"120";"166";"2";"3"
"07.11.2015 15:20:00";"4";"0";"273";"3,81";"16777216";"2112252";"12,59";"7";"134";"166";"4";"4"
"07.11.2015 15:25:00";"4";"0";"379";"5,28";"16777216";"2212915";"13,19";"324";"120";"166";"2";"3"
"07.11.2015 15:30:00";"4";"0";"294";"4,1";"16777216";"2414241";"14,39";"13";"156";"166";"2";"3"
"07.11.2015 15:35:00";"4";"0";"287";"4";"16777216";"2313578";"13,79";"9";"155";"166";"4";"5"
"07.11.2015 15:40:00";"4";"0";"283";"3,94";"16777216";"2011588";"11,99";"10";"121";"166";"2";"3"
"07.11.2015 15:45:00";"4";"0";"358";"4,99";"16777216";"2481350";"14,79";"14";"186";"166";"27";"7"
"07.11.2015 15:50:00";"4";"0";"302";"4,21";"16777216";"2313578";"13,79";"12";"151";"166";"4";"5"
"07.11.2015 15:55:00";"4";"0";"251";"3,5";"16777216";"2145806";"12,79";"7";"124";"166";"2";"3"
"07.11.2015 16:00:00";"4";"0";"417";"5,81";"16777216";"2649122";"15,79";"29";"166";"166";"2";"3"
"07.11.2015 16:05:00";"4";"0";"302";"4,21";"16777216";"3342021";"19,92";"11";"169";"166";"4";"4"
"07.11.2015 16:10:00";"4";"0";"259";"3,62";"16777216";"2514905";"14,99";"8";"113";"166";"2";"3"
"07.11.2015 16:15:00";"4";"0";"283";"3,94";"16777216";"2380687";"14,19";"11";"128";"166";"2";"3"
"07.11.2015 16:20:00";"4";"0";"302";"4,21";"16777216";"2112252";"12,59";"12";"165";"166";"4";"5"
"07.11.2015 16:25:00";"4";"0";"243";"3,38";"16777216";"2145806";"12,79";"6";"104";"166";"2";"3"
"07.11.2015 16:30:00";"4";"0";"261";"3,64";"16777216";"1843816";"10,99";"7";"115";"166";"2";"3"
"07.11.2015 16:35:00";"4";"0";"317";"4,41";"16777216";"2179360";"12,99";"13";"158";"166";"4";"5"
"07.11.2015 16:40:00";"4";"0";"261";"3,64";"16777216";"2313578";"13,79";"7";"123";"166";"2";"3"
"07.11.2015 16:45:00";"4";"0";"339";"4,73";"16777216";"2145806";"12,79";"10";"166";"166";"27";"7"
"07.11.2015 16:50:00";"4";"0";"273";"3,8";"16777216";"1920991";"11,45";"7";"127";"166";"4";"5"
"07.11.2015 16:55:00";"4";"0";"247";"3,45";"16777216";"2313578";"13,79";"7";"87";"166";"1";"3"
"07.11.2015 17:00:00";"4";"0";"281";"3,92";"16777216";"2179360";"12,99";"10";"124";"166";"2";"3"
"07.11.2015 17:05:00";"4";"0";"490";"6,82";"16777216";"3722864";"22,19";"28";"1257";"166";"43";"380"
"07.11.2015 17:10:00";"4";"0";"273";"3,8";"16777216";"2514905";"14,99";"11";"134";"166";"2";"3"
"07.11.2015 17:15:00";"4";"0";"261";"3,64";"16777216";"2045143";"12,19";"7";"133";"166";"2";"3"
"07.11.2015 17:20:00";"4";"0";"295";"4,1";"16777216";"2290090";"13,65";"16";"137";"166";"4";"5"
"07.11.2015 17:25:00";"4";"0";"301";"4,2";"16777216";"2145806";"12,79";"14";"132";"166";"2";"3"
"07.11.2015 17:30:00";"4";"0";"291";"4,06";"16777216";"1999844";"11,92";"12";"150";"166";"2";"3"
"07.11.2015 17:35:00";"4";"0";"287";"4,01";"16777216";"1709598";"10,19";"9";"141";"166";"4";"5"
"07.11.2015 17:40:00";"4";"0";"296";"4,12";"16777216";"1664300";"9,92";"13";"116";"166";"2";"3"
"07.11.2015 17:45:00";"4";"0";"284";"3,96";"16777216";"1999844";"11,92";"17";"131";"166";"3";"4"
"07.11.2015 17:50:00";"4";"0";"289";"4,03";"16777216";"2212915";"13,19";"7";"145";"166";"8";"6"
"07.11.2015 17:55:00";"4";"0";"310";"4,31";"16777216";"2771596";"16,52";"8";"137";"166";"23";"6"
"07.11.2015 18:00:00";"4";"0";"346";"4,82";"16777216";"2112252";"12,59";"9";"134";"166";"2";"3"
"07.11.2015 18:05:00";"4";"0";"454";"6,33";"16777216";"3464495";"20,65";"19";"198";"166";"4";"4"
"07.11.2015 18:10:00";"4";"0";"244";"3,4";"16777216";"2570269";"15,32";"7";"155";"166";"2";"3"
"07.11.2015 18:15:00";"4";"0";"292";"4,07";"16777216";"1944479";"11,59";"18";"135";"166";"2";"3"
"07.11.2015 18:20:00";"4";"0";"291";"4,06";"16777216";"2212915";"13,19";"16";"156";"166";"4";"5"
"07.11.2015 18:25:00";"4";"0";"261";"3,64";"16777216";"2793406";"16,65";"10";"127";"166";"2";"3"
"07.11.2015 18:30:00";"4";"0";"265";"3,69";"16777216";"2066953";"12,32";"3";"134";"166";"2";"3"
"07.11.2015 18:35:00";"4";"0";"363";"5,06";"16777216";"1764963";"10,52";"1";"145";"166";"55";"56"
"07.11.2015 18:40:00";"4";"0";"347";"4,83";"16777216";"1944479";"11,59";"0";"107";"166";"59";"62"
"07.11.2015 18:45:00";"4";"0";"275";"3,83";"16777216";"1719665";"10,25";"1";"117";"166";"10";"11"
"07.11.2015 18:50:00";"4";"0";"306";"4,26";"16777216";"1932735";"11,52";"0";"185";"166";"46";"16"
"07.11.2015 18:55:00";"4";"0";"274";"3,82";"16777216";"2100508";"12,52";"0";"97";"166";"18";"21"
"07.11.2015 19:00:00";"4";"0";"323";"4,5";"16777216";"2290090";"13,65";"1";"137";"166";"17";"20"
"07.11.2015 19:05:00";"4";"0";"305";"4,25";"16777216";"2972923";"17,72";"1";"150";"166";"11";"13"
"07.11.2015 19:10:00";"4";"0";"277";"3,87";"16777216";"1978034";"11,79";"0";"123";"166";"19";"22"
"07.11.2015 19:15:00";"4";"0";"284";"3,95";"16777216";"1832072";"10,92";"0";"126";"166";"21";"24"
"07.11.2015 19:20:00";"4";"0";"303";"4,23";"16777216";"1798518";"10,72";"0";"135";"166";"27";"31"
"07.11.2015 19:25:00";"4";"0";"261";"3,64";"16777216";"1853882";"11,05";"0";"98";"166";"19";"22"
"07.11.2015 19:30:00";"4";"0";"299";"4,17";"16777216";"1719665";"10,25";"0";"125";"166";"33";"38"
"07.11.2015 19:35:00";"4";"0";"294";"4,1";"16777216";"1597191";"9,52";"4";"141";"166";"9";"10"
"07.11.2015 19:40:00";"4";"0";"259";"3,61";"16777216";"2582014";"15,39";"0";"126";"166";"6";"7"
"07.11.2015 19:45:00";"4";"0";"274";"3,82";"16777216";"1944479";"11,59";"0";"120";"166";"15";"17"
"07.11.2015 19:50:00";"4";"0";"390";"5,44";"16777216";"2134062";"12,72";"0";"192";"166";"51";"33"
"07.11.2015 19:55:00";"4";"0";"279";"3,89";"16777216";"1988100";"11,85";"0";"104";"166";"25";"28"
"07.11.2015 20:00:00";"4";"0";"767";"10,68";"16777216";"3766485";"22,45";"4209";"533";"166";"4";"6"
"07.11.2015 20:05:00";"4";"0";"1024";"14,26";"16777216";"5836794";"34,79";"89483";"1402";"166";"77";"6679"
"07.11.2015 20:10:00";"4";"0";"274";"3,81";"16777216";"5132150";"30,59";"169";"155";"166";"9";"10"
"07.11.2015 20:15:00";"4";"0";"272";"3,79";"16777216";"2894070";"17,25";"32";"129";"166";"8";"9"
"07.11.2015 20:20:00";"4";"0";"307";"4,28";"16777216";"2457862";"14,65";"120";"148";"166";"11";"11"
"07.11.2015 20:25:00";"4";"0";"247";"3,45";"16777216";"2357199";"14,05";"8";"125";"166";"2";"3"
"07.11.2015 20:30:00";"4";"0";"260";"3,62";"16777216";"1753219";"10,45";"8";"117";"166";"2";"3"
"07.11.2015 20:35:00";"4";"0";"291";"4,05";"16777216";"2256536";"13,45";"17";"141";"166";"4";"5"
"07.11.2015 20:40:00";"4";"0";"303";"4,22";"16777216";"2280024";"13,59";"23";"120";"166";"3";"3"
"07.11.2015 20:45:00";"4";"0";"358";"4,98";"16777216";"2222981";"13,25";"13";"171";"166";"28";"8"
"07.11.2015 20:50:00";"4";"0";"287";"4";"16777216";"2380687";"14,19";"8";"130";"166";"4";"5"
"07.11.2015 20:55:00";"4";"0";"259";"3,61";"16777216";"1999844";"11,92";"7";"107";"166";"7";"8"
"07.11.2015 21:00:00";"4";"0";"299";"4,17";"16777216";"2033399";"12,12";"8";"127";"166";"21";"22"
"07.11.2015 21:05:00";"4";"0";"411";"5,73";"16777216";"3085330";"18,39";"32";"441";"166";"53";"115"
"07.11.2015 21:10:00";"4";"0";"252";"3,51";"16777216";"2402497";"14,32";"6";"112";"166";"6";"7"
"07.11.2015 21:15:00";"4";"0";"271";"3,77";"16777216";"1798518";"10,72";"6";"115";"166";"9";"10"
"07.11.2015 21:20:00";"4";"0";"293";"4,09";"16777216";"1753219";"10,45";"6";"137";"166";"8";"10"
"07.11.2015 21:25:00";"4";"0";"260";"3,63";"16777216";"1954546";"11,65";"4";"105";"166";"8";"8"
"07.11.2015 21:30:00";"4";"0";"265";"3,7";"16777216";"2637378";"15,72";"4";"119";"166";"5";"6"
"07.11.2015 21:35:00";"4";"0";"316";"4,4";"16777216";"2021655";"12,05";"6";"148";"166";"19";"20"
"07.11.2015 21:40:00";"4";"0";"264";"3,68";"16777216";"1786773";"10,65";"3";"109";"166";"5";"5"
"07.11.2015 21:45:00";"4";"0";"363";"5,05";"16777216";"2212915";"13,19";"9";"171";"166";"32";"11"
"07.11.2015 21:50:00";"4";"0";"320";"4,46";"16777216";"1853882";"11,05";"3";"138";"166";"30";"33"
"07.11.2015 21:55:00";"4";"0";"271";"3,78";"16777216";"2088763";"12,45";"3";"103";"166";"19";"20"
"07.11.2015 22:00:00";"4";"0";"388";"5,41";"16777216";"2011588";"11,99";"143";"144";"166";"20";"20"
"07.11.2015 22:05:00";"4";"0";"575";"8,01";"16777216";"3140695";"18,72";"347";"244";"166";"21";"23"
"07.11.2015 22:10:00";"4";"0";"249";"3,47";"16777216";"2447796";"14,59";"6";"188";"166";"6";"7"
"07.11.2015 22:15:00";"4";"0";"264";"3,67";"16777216";"2078697";"12,39";"4";"116";"166";"6";"8"
"07.11.2015 22:20:00";"4";"0";"368";"5,13";"16777216";"2179360";"12,99";"12";"159";"166";"13";"14"
"07.11.2015 22:25:00";"4";"0";"293";"4,08";"16777216";"2380687";"14,19";"4";"139";"166";"32";"33"
"07.11.2015 22:30:00";"4";"0";"303";"4,22";"16777216";"1810262";"10,79";"5";"129";"166";"15";"18"
"07.11.2015 22:35:00";"4";"0";"290";"4,04";"16777216";"1843816";"10,99";"3";"147";"166";"14";"16"
"07.11.2015 22:40:00";"4";"0";"257";"3,59";"16777216";"1853882";"11,05";"4";"103";"166";"4";"5"
"07.11.2015 22:45:00";"4";"0";"258";"3,59";"16777216";"2301834";"13,72";"5";"117";"166";"2";"3"
"07.11.2015 22:50:00";"4";"0";"291";"4,06";"16777216";"1743153";"10,39";"4";"134";"166";"7";"7"
"07.11.2015 22:55:00";"4";"0";"368";"5,13";"16777216";"2280024";"13,59";"19";"163";"166";"28";"8"
"07.11.2015 23:00:00";"4";"0";"297";"4,14";"16777216";"2078697";"12,39";"3";"130";"166";"3";"4"
"07.11.2015 23:05:00";"4";"0";"304";"4,23";"16777216";"3342021";"19,92";"13";"157";"166";"4";"4"
"07.11.2015 23:10:00";"4";"0";"241";"3,36";"16777216";"2380687";"14,19";"20";"114";"166";"2";"3"
"07.11.2015 23:15:00";"4";"0";"270";"3,77";"16777216";"2011588";"11,99";"5";"133";"166";"2";"3"
"07.11.2015 23:20:00";"4";"0";"285";"3,98";"16777216";"2011588";"11,99";"3";"142";"166";"4";"5"
"07.11.2015 23:25:00";"4";"0";"242";"3,38";"16777216";"2212915";"13,19";"4";"104";"166";"2";"3"
"07.11.2015 23:30:00";"4";"0";"275";"3,84";"16777216";"2212915";"13,19";"4";"125";"166";"2";"3"
"07.11.2015 23:35:00";"4";"0";"279";"3,89";"16777216";"2112252";"12,59";"4";"141";"166";"4";"4"
"07.11.2015 23:40:00";"4";"0";"290";"4,04";"16777216";"2212915";"13,19";"4";"124";"166";"2";"3"
"07.11.2015 23:45:00";"4";"0";"273";"3,8";"16777216";"1709598";"10,19";"3";"134";"166";"3";"4"
"07.11.2015 23:50:00";"4";"0";"353";"4,92";"16777216";"1944479";"11,59";"3";"188";"166";"29";"8"
"07.11.2015 23:55:00";"4";"0";"240";"3,35";"16777216";"2514905";"14,99";"4";"98";"166";"2";"3"
"08.11.2015 00:00:00";"4";"0";"343";"4,79";"16777216";"1978034";"11,79";"10";"139";"166";"2";"3"
"08.11.2015 00:05:00";"4";"0";"439";"6,11";"16777216";"3085330";"18,39";"32";"454";"166";"63";"7"
"08.11.2015 00:10:00";"4";"0";"725";"10,1";"16777216";"2414241";"14,39";"1956";"726";"166";"59";"297"
"08.11.2015 00:15:00";"4";"0";"1037";"14,45";"16777216";"6395475";"38,12";"6814";"1100";"166";"112";"2104"
"08.11.2015 00:20:00";"4";"0";"312";"4,35";"16777216";"3744675";"22,32";"887";"110";"166";"68";"7"
"08.11.2015 00:25:00";"4";"0";"1566";"21,81";"16777216";"4236247";"25,25";"519";"12981";"166";"17";"3"
"08.11.2015 00:30:00";"4";"0";"345";"4,8";"16777216";"5534804";"32,99";"64";"970";"166";"120";"7"
"08.11.2015 00:35:00";"4";"0";"1441";"20,07";"16777216";"3722864";"22,19";"560";"2114";"166";"4";"4"
"08.11.2015 00:40:00";"4";"0";"253";"3,52";"16777216";"4393953";"26,19";"0";"578";"166";"2";"3"
"08.11.2015 00:45:00";"4";"0";"252";"3,5";"16777216";"2749786";"16,39";"0";"78";"166";"2";"3"
"08.11.2015 00:50:00";"4";"0";"273";"3,8";"16777216";"2066953";"12,32";"954";"95";"166";"4";"5"
"08.11.2015 00:55:00";"4";"0";"242";"3,37";"16777216";"2301834";"13,72";"2";"81";"166";"2";"3"
"08.11.2015 01:00:00";"4";"0";"255";"3,56";"16777216";"1954546";"11,65";"4";"80";"166";"2";"3"
"08.11.2015 01:05:00";"4";"0";"1203";"16,75";"16777216";"3811783";"22,72";"7531";"1968";"166";"19";"2193"
"08.11.2015 01:10:00";"4";"0";"315";"4,39";"16777216";"3655756";"21,79";"355";"215";"166";"39";"134"
"08.11.2015 01:15:00";"4";"0";"263";"3,66";"16777216";"2380687";"14,19";"17";"82";"166";"2";"3"
"08.11.2015 01:20:00";"4";"0";"279";"3,89";"16777216";"1810262";"10,79";"970";"87";"166";"4";"5"
"08.11.2015 01:25:00";"4";"0";"265";"3,69";"16777216";"2134062";"12,72";"9";"77";"166";"2";"3"
"08.11.2015 01:30:00";"4";"0";"252";"3,52";"16777216";"1709598";"10,19";"9";"81";"166";"2";"3"
"08.11.2015 01:35:00";"4";"0";"282";"3,93";"16777216";"1764963";"10,52";"22";"88";"166";"4";"4"
"08.11.2015 01:40:00";"4";"0";"249";"3,47";"16777216";"2045143";"12,19";"7";"87";"166";"2";"3"
"08.11.2015 01:45:00";"4";"0";"265";"3,69";"16777216";"2011588";"11,99";"27";"87";"166";"3";"3"
"08.11.2015 01:50:00";"4";"0";"274";"3,82";"16777216";"2716231";"16,19";"7";"93";"166";"4";"5"
"08.11.2015 01:55:00";"4";"0";"256";"3,57";"16777216";"1820328";"10,85";"10";"86";"166";"6";"4"
"08.11.2015 02:00:00";"4";"0";"372";"5,18";"16777216";"2380687";"14,19";"169";"149";"166";"23";"6"
"08.11.2015 02:05:00";"4";"0";"341";"4,75";"16777216";"3174249";"18,92";"61";"114";"166";"4";"4"
"08.11.2015 02:10:00";"4";"0";"227";"3,16";"16777216";"2234725";"13,32";"8";"99";"166";"2";"3"
"08.11.2015 02:15:00";"4";"0";"262";"3,65";"16777216";"1575381";"9,39";"13";"87";"166";"2";"3"
"08.11.2015 02:20:00";"4";"0";"256";"3,57";"16777216";"2066953";"12,32";"6";"90";"166";"4";"5"
"08.11.2015 02:25:00";"4";"0";"225";"3,14";"16777216";"1944479";"11,59";"9";"72";"166";"2";"2"
"08.11.2015 02:30:00";"4";"0";"244";"3,4";"16777216";"1608935";"9,59";"13";"84";"166";"2";"3"
"08.11.2015 02:35:00";"4";"0";"274";"3,82";"16777216";"2100508";"12,52";"15";"93";"166";"5";"5"
"08.11.2015 02:40:00";"4";"0";"277";"3,86";"16777216";"2066953";"12,32";"27";"92";"166";"3";"3"
"08.11.2015 02:45:00";"4";"0";"239";"3,33";"16777216";"1932735";"11,52";"9";"80";"166";"2";"3"
"08.11.2015 02:50:00";"4";"0";"266";"3,7";"16777216";"1843816";"10,99";"13";"91";"166";"4";"5"
"08.11.2015 02:55:00";"4";"0";"228";"3,17";"16777216";"1899181";"11,32";"12";"86";"166";"2";"3"
"08.11.2015 03:00:00";"4";"0";"249";"3,47";"16777216";"1920991";"11,45";"9";"97";"166";"2";"3"
"08.11.2015 03:05:00";"4";"0";"514";"7,16";"16777216";"3531604";"21,05";"46";"331";"166";"4";"4"
"08.11.2015 03:10:00";"4";"0";"238";"3,31";"16777216";"2469606";"14,72";"7";"239";"166";"2";"3"
"08.11.2015 03:15:00";"4";"0";"250";"3,49";"16777216";"2066953";"12,32";"9";"90";"166";"2";"3"
"08.11.2015 03:20:00";"4";"0";"314";"4,37";"16777216";"1798518";"10,72";"19";"112";"166";"4";"4"
"08.11.2015 03:25:00";"4";"0";"225";"3,13";"16777216";"1978034";"11,79";"7";"90";"166";"2";"3"
"08.11.2015 03:30:00";"4";"0";"247";"3,45";"16777216";"1810262";"10,79";"8";"89";"166";"2";"3"
"08.11.2015 03:35:00";"4";"0";"268";"3,74";"16777216";"1887437";"11,25";"11";"101";"166";"4";"5"
"08.11.2015 03:40:00";"4";"0";"241";"3,35";"16777216";"1877370";"11,19";"8";"91";"166";"2";"3"
"08.11.2015 03:45:00";"4";"0";"244";"3,41";"16777216";"1575381";"9,39";"7";"87";"166";"3";"3"
"08.11.2015 03:50:00";"4";"0";"361";"5,02";"16777216";"2145806";"12,79";"370";"187";"166";"26";"8"
"08.11.2015 03:55:00";"4";"0";"234";"3,26";"16777216";"2212915";"13,19";"7";"82";"166";"4";"3"
"08.11.2015 04:00:00";"4";"0";"419";"5,84";"16777216";"2313578";"13,79";"353";"486";"166";"2";"3"
"08.11.2015 04:05:00";"4";"0";"339";"4,72";"16777216";"3521538";"20,99";"210";"414";"166";"4";"4"
"08.11.2015 04:10:00";"4";"0";"240";"3,35";"16777216";"2414241";"14,39";"26";"173";"166";"2";"3"
"08.11.2015 04:15:00";"4";"0";"274";"3,81";"16777216";"2201171";"13,12";"22";"98";"166";"2";"3"
"08.11.2015 04:20:00";"4";"0";"273";"3,8";"16777216";"2222981";"13,25";"20";"115";"166";"4";"4"
"08.11.2015 04:25:00";"4";"0";"290";"4,04";"16777216";"2246469";"13,39";"18";"110";"166";"2";"3"
"08.11.2015 04:30:00";"4";"0";"249";"3,47";"16777216";"2112252";"12,59";"8";"114";"166";"2";"3"
"08.11.2015 04:35:00";"4";"0";"324";"4,51";"16777216";"1944479";"11,59";"10";"130";"166";"16";"8"
"08.11.2015 04:40:00";"4";"0";"266";"3,7";"16777216";"2414241";"14,39";"8";"108";"166";"9";"6"
"08.11.2015 04:45:00";"4";"0";"268";"3,73";"16777216";"2112252";"12,59";"7";"99";"166";"15";"14"
"08.11.2015 04:50:00";"4";"0";"347";"4,83";"16777216";"2179360";"12,99";"10";"142";"166";"34";"15"
"08.11.2015 04:55:00";"4";"0";"260";"3,63";"16777216";"2514905";"14,99";"11";"88";"166";"22";"24"
"08.11.2015 05:00:00";"4";"0";"350";"4,88";"16777216";"1910925";"11,39";"16";"156";"166";"29";"8"
"08.11.2015 05:05:00";"4";"0";"550";"7,66";"16777216";"3622201";"21,59";"87";"1653";"166";"46";"486"
"08.11.2015 05:10:00";"4";"0";"254";"3,54";"16777216";"3521538";"20,99";"47";"120";"166";"2";"3"
"08.11.2015 05:15:00";"4";"0";"247";"3,44";"16777216";"2045143";"12,19";"49";"103";"166";"2";"3"
"08.11.2015 05:20:00";"4";"0";"260";"3,62";"16777216";"1910925";"11,39";"18";"97";"166";"4";"5"
"08.11.2015 05:25:00";"4";"0";"238";"3,31";"16777216";"1944479";"11,59";"7";"84";"166";"2";"2"
"08.11.2015 05:30:00";"4";"0";"242";"3,38";"16777216";"1786773";"10,65";"9";"89";"166";"2";"3"
"08.11.2015 05:35:00";"4";"0";"272";"3,79";"16777216";"1541826";"9,19";"12";"110";"166";"4";"5"
"08.11.2015 05:40:00";"4";"0";"282";"3,94";"16777216";"2078697";"12,39";"16";"95";"166";"2";"3"
"08.11.2015 05:45:00";"4";"0";"252";"3,51";"16777216";"1865626";"11,12";"7";"89";"166";"2";"3"
"08.11.2015 05:50:00";"4";"0";"316";"4,4";"16777216";"2078697";"12,39";"10";"126";"166";"21";"7"
"08.11.2015 05:55:00";"4";"0";"318";"4,43";"16777216";"2816895";"16,79";"13";"133";"166";"23";"6"
"08.11.2015 06:00:00";"4";"0";"394";"5,49";"16777216";"2234725";"13,32";"761";"252";"166";"2";"3"
"08.11.2015 06:05:00";"4";"0";"2077";"28,92";"16777216";"5187515";"30,92";"70834";"708";"166";"23";"4590"
"08.11.2015 06:10:00";"4";"0";"413";"5,76";"16777216";"5803239";"34,59";"19852";"161";"166";"40";"196"
"08.11.2015 06:15:00";"4";"0";"253";"3,53";"16777216";"3353765";"19,99";"10";"110";"166";"2";"3"
"08.11.2015 06:20:00";"4";"0";"283";"3,94";"16777216";"2558525";"15,25";"114";"104";"166";"4";"5"
"08.11.2015 06:25:00";"4";"0";"241";"3,36";"16777216";"2189427";"13,05";"5";"93";"166";"2";"3"
"08.11.2015 06:30:00";"4";"0";"250";"3,49";"16777216";"1619001";"9,65";"5";"89";"166";"2";"3"
"08.11.2015 06:35:00";"4";"0";"292";"4,07";"16777216";"2021655";"12,05";"9";"107";"166";"6";"6"
"08.11.2015 06:40:00";"4";"0";"265";"3,7";"16777216";"1865626";"11,12";"3";"94";"166";"3";"4"
"08.11.2015 06:45:00";"4";"0";"325";"4,53";"16777216";"2246469";"13,39";"6";"153";"166";"27";"7"
"08.11.2015 06:50:00";"4";"0";"278";"3,88";"16777216";"2066953";"12,32";"7";"98";"166";"4";"4"
"08.11.2015 06:55:00";"4";"0";"241";"3,37";"16777216";"2234725";"13,32";"4";"86";"166";"2";"3"
"08.11.2015 07:00:00";"4";"0";"264";"3,68";"16777216";"1810262";"10,79";"9";"100";"166";"2";"3"
"08.11.2015 07:05:00";"4";"0";"288";"4,01";"16777216";"2112252";"12,59";"23";"111";"166";"4";"4"
"08.11.2015 07:10:00";"4";"0";"238";"3,31";"16777216";"1786773";"10,65";"5";"105";"166";"2";"3"
"08.11.2015 07:15:00";"4";"0";"254";"3,53";"16777216";"1887437";"11,25";"5";"103";"166";"2";"3"
"08.11.2015 07:20:00";"4";"0";"275";"3,84";"16777216";"2313578";"13,79";"4";"111";"166";"4";"5"
"08.11.2015 07:25:00";"4";"0";"242";"3,38";"16777216";"2179360";"12,99";"6";"85";"166";"2";"3"
"08.11.2015 07:30:00";"4";"0";"259";"3,6";"16777216";"2246469";"13,39";"4";"96";"166";"2";"3"
"08.11.2015 07:35:00";"4";"0";"289";"4,03";"16777216";"2112252";"12,59";"13";"117";"166";"4";"5"
"08.11.2015 07:40:00";"4";"0";"256";"3,57";"16777216";"2078697";"12,39";"4";"107";"166";"3";"4"
"08.11.2015 07:45:00";"4";"0";"317";"4,42";"16777216";"1978034";"11,79";"6";"143";"166";"27";"7"
"08.11.2015 07:50:00";"4";"0";"267";"3,72";"16777216";"1843816";"10,99";"3";"100";"166";"4";"4"
"08.11.2015 07:55:00";"4";"0";"236";"3,28";"16777216";"1978034";"11,79";"4";"82";"166";"2";"3"
"08.11.2015 08:00:00";"4";"0";"380";"5,29";"16777216";"2323644";"13,85";"292";"176";"166";"2";"3"
"08.11.2015 08:05:00";"4";"0";"334";"4,66";"16777216";"3128951";"18,65";"96";"181";"166";"4";"4"
"08.11.2015 08:10:00";"4";"0";"253";"3,53";"16777216";"2179360";"12,99";"2";"107";"166";"2";"3"
"08.11.2015 08:15:00";"4";"0";"292";"4,07";"16777216";"1541826";"9,19";"12";"108";"166";"2";"3"
"08.11.2015 08:20:00";"4";"0";"276";"3,85";"16777216";"2078697";"12,39";"8";"120";"166";"4";"5"
"08.11.2015 08:25:00";"4";"0";"339";"4,73";"16777216";"2212915";"13,19";"329";"532";"166";"2";"3"
"08.11.2015 08:30:00";"4";"0";"260";"3,63";"16777216";"2301834";"13,72";"0";"515";"166";"2";"3"
"08.11.2015 08:35:00";"4";"0";"293";"4,09";"16777216";"2234725";"13,32";"16";"134";"166";"4";"5"
"08.11.2015 08:40:00";"4";"0";"311";"4,33";"16777216";"2469606";"14,72";"42";"120";"166";"2";"3"
"08.11.2015 08:45:00";"4";"0";"336";"4,68";"16777216";"1786773";"10,65";"14";"149";"166";"27";"7"
"08.11.2015 08:50:00";"4";"0";"267";"3,72";"16777216";"1731409";"10,32";"7";"107";"166";"4";"5"
"08.11.2015 08:55:00";"4";"0";"241";"3,36";"16777216";"2357199";"14,05";"8";"85";"166";"2";"3"
"08.11.2015 09:00:00";"4";"0";"274";"3,82";"16777216";"1764963";"10,52";"11";"102";"166";"2";"3"
"08.11.2015 09:05:00";"4";"0";"472";"6,58";"16777216";"3107140";"18,52";"14";"1281";"166";"44";"380"
"08.11.2015 09:10:00";"4";"0";"244";"3,4";"16777216";"2582014";"15,39";"0";"105";"166";"2";"3"
"08.11.2015 09:15:00";"4";"0";"276";"3,85";"16777216";"2066953";"12,32";"1";"106";"166";"2";"3"
"08.11.2015 09:20:00";"4";"0";"286";"3,98";"16777216";"2335388";"13,92";"1";"133";"166";"4";"5"
"08.11.2015 09:25:00";"4";"0";"251";"3,5";"16777216";"1954546";"11,65";"0";"105";"166";"2";"3"
"08.11.2015 09:30:00";"4";"0";"265";"3,7";"16777216";"1843816";"10,99";"0";"105";"166";"2";"3"
"08.11.2015 09:35:00";"4";"0";"295";"4,11";"16777216";"1743153";"10,39";"5";"129";"166";"4";"5"
"08.11.2015 09:40:00";"4";"0";"253";"3,53";"16777216";"1910925";"11,39";"0";"102";"166";"2";"3"
"08.11.2015 09:45:00";"4";"0";"357";"4,98";"16777216";"2212915";"13,19";"1";"153";"166";"27";"7"
"08.11.2015 09:50:00";"4";"0";"290";"4,04";"16777216";"2045143";"12,19";"1";"130";"166";"4";"4"
"08.11.2015 09:55:00";"4";"0";"246";"3,44";"16777216";"2011588";"11,99";"0";"88";"166";"2";"3"
"08.11.2015 10:00:00";"4";"0";"430";"5,99";"16777216";"2055209";"12,25";"15";"134";"166";"2";"3"
"08.11.2015 10:05:00";"4";"0";"721";"10,04";"16777216";"2783340";"16,59";"2395";"291";"166";"4";"4"
"08.11.2015 10:10:00";"4";"0";"322";"4,49";"16777216";"4662388";"27,79";"509";"266";"166";"2";"3"
"08.11.2015 10:15:00";"4";"0";"279";"3,88";"16777216";"2615568";"15,59";"22";"127";"166";"2";"3"
"08.11.2015 10:20:00";"4";"0";"541";"7,54";"16777216";"2749786";"16,39";"341";"123";"166";"4";"5"
"08.11.2015 10:25:00";"4";"0";"241";"3,36";"16777216";"2313578";"13,79";"7";"95";"166";"1";"3"
"08.11.2015 10:30:00";"4";"0";"268";"3,74";"16777216";"2011588";"11,99";"9";"103";"166";"2";"3"
"08.11.2015 10:35:00";"4";"0";"269";"3,74";"16777216";"2011588";"11,99";"8";"109";"166";"4";"4"
"08.11.2015 10:40:00";"4";"0";"249";"3,47";"16777216";"1630745";"9,72";"7";"88";"166";"2";"3"
"08.11.2015 10:45:00";"4";"0";"255";"3,55";"16777216";"1362310";"8,12";"7";"88";"166";"2";"3"
"08.11.2015 10:50:00";"4";"0";"276";"3,84";"16777216";"1810262";"10,79";"10";"104";"166";"4";"5"
"08.11.2015 10:55:00";"4";"0";"247";"3,44";"16777216";"2078697";"12,39";"8";"90";"166";"2";"3"
"08.11.2015 11:00:00";"4";"0";"291";"4,06";"16777216";"1954546";"11,65";"12";"118";"166";"2";"3"
"08.11.2015 11:05:00";"4";"0";"323";"4,5";"16777216";"2838705";"16,92";"18";"144";"166";"4";"4"
"08.11.2015 11:10:00";"4";"0";"277";"3,87";"16777216";"2290090";"13,65";"13";"134";"166";"2";"3"
"08.11.2015 11:15:00";"4";"0";"295";"4,12";"16777216";"1743153";"10,39";"15";"146";"166";"2";"3"
"08.11.2015 11:20:00";"4";"0";"305";"4,25";"16777216";"2066953";"12,32";"11";"148";"166";"4";"5"
"08.11.2015 11:25:00";"4";"0";"241";"3,36";"16777216";"2246469";"13,39";"15";"92";"166";"2";"2"
"08.11.2015 11:30:00";"4";"0";"255";"3,55";"16777216";"1877370";"11,19";"7";"93";"166";"2";"3"
"08.11.2015 11:35:00";"4";"0";"282";"3,93";"16777216";"2347132";"13,99";"10";"114";"166";"4";"4"
"08.11.2015 11:40:00";"4";"0";"297";"4,15";"16777216";"1944479";"11,59";"10";"108";"166";"2";"3"
"08.11.2015 11:45:00";"4";"0";"276";"3,85";"16777216";"1786773";"10,65";"9";"112";"166";"3";"4"
"08.11.2015 11:50:00";"4";"0";"354";"4,93";"16777216";"2313578";"13,79";"9";"166";"166";"29";"8"
"08.11.2015 11:55:00";"4";"0";"241";"3,36";"16777216";"2323644";"13,85";"7";"91";"166";"1";"2"
"08.11.2015 12:00:00";"4";"0";"394";"5,49";"16777216";"2558525";"15,25";"49";"124";"166";"2";"3"
"08.11.2015 12:05:00";"4";"0";"1424";"19,83";"16777216";"4159072";"24,79";"75";"1063";"166";"4";"5"
"08.11.2015 12:10:00";"4";"0";"259";"3,61";"16777216";"3420874";"20,39";"9";"1160";"166";"2";"3"
"08.11.2015 12:15:00";"4";"0";"284";"3,95";"16777216";"2570269";"15,32";"12";"117";"166";"2";"3"
"08.11.2015 12:20:00";"4";"0";"309";"4,3";"16777216";"1999844";"11,92";"14";"147";"166";"4";"5"
"08.11.2015 12:25:00";"4";"0";"277";"3,86";"16777216";"2179360";"12,99";"13";"129";"166";"2";"3"
"08.11.2015 12:30:00";"4";"0";"264";"3,68";"16777216";"1988100";"11,85";"9";"114";"166";"2";"3"
"08.11.2015 12:35:00";"4";"0";"306";"4,26";"16777216";"2234725";"13,32";"11";"132";"166";"4";"5"
"08.11.2015 12:40:00";"4";"0";"307";"4,29";"16777216";"2212915";"13,19";"9";"137";"166";"18";"5"
"08.11.2015 12:45:00";"4";"0";"306";"4,26";"16777216";"2390753";"14,25";"9";"121";"166";"11";"5"
"08.11.2015 12:50:00";"4";"0";"277";"3,86";"16777216";"2222981";"13,25";"9";"114";"166";"4";"5"
"08.11.2015 12:55:00";"4";"0";"247";"3,44";"16777216";"2167616";"12,92";"7";"92";"166";"2";"3"
"08.11.2015 13:00:00";"4";"0";"260";"3,62";"16777216";"1731409";"10,32";"8";"94";"166";"2";"3"
"08.11.2015 13:05:00";"4";"0";"593";"8,26";"16777216";"3454429";"20,59";"45";"2185";"166";"45";"592"
"08.11.2015 13:10:00";"4";"0";"250";"3,48";"16777216";"3107140";"18,52";"8";"125";"166";"2";"3"
"08.11.2015 13:15:00";"4";"0";"272";"3,8";"16777216";"2481350";"14,79";"10";"111";"166";"2";"3"
"08.11.2015 13:20:00";"4";"0";"284";"3,96";"16777216";"1978034";"11,79";"8";"123";"166";"4";"4"
"08.11.2015 13:25:00";"4";"0";"258";"3,59";"16777216";"2280024";"13,59";"7";"102";"166";"2";"2"
"08.11.2015 13:30:00";"4";"0";"313";"4,37";"16777216";"2112252";"12,59";"17";"137";"166";"2";"3"
"08.11.2015 13:35:00";"4";"0";"294";"4,09";"16777216";"2078697";"12,39";"13";"150";"166";"4";"5"
"08.11.2015 13:40:00";"4";"0";"253";"3,53";"16777216";"1910925";"11,39";"7";"110";"166";"2";"3"
"08.11.2015 13:45:00";"4";"0";"330";"4,6";"16777216";"1642489";"9,79";"9";"148";"166";"25";"7"
"08.11.2015 13:50:00";"4";"0";"285";"3,98";"16777216";"2189427";"13,05";"8";"117";"166";"6";"5"
"08.11.2015 13:55:00";"4";"0";"251";"3,5";"16777216";"1910925";"11,39";"9";"97";"166";"2";"3"
"08.11.2015 14:00:00";"4";"0";"427";"5,95";"16777216";"2246469";"13,39";"29";"176";"166";"2";"3"
"08.11.2015 14:05:00";"4";"0";"449";"6,25";"16777216";"3162505";"18,85";"308";"197";"166";"4";"4"
"08.11.2015 14:10:00";"4";"0";"275";"3,83";"16777216";"3152439";"18,79";"11";"149";"166";"2";"3"
"08.11.2015 14:15:00";"4";"0";"259";"3,61";"16777216";"2347132";"13,99";"10";"115";"166";"2";"3"
"08.11.2015 14:20:00";"4";"0";"298";"4,15";"16777216";"2011588";"11,99";"11";"130";"166";"4";"5"
"08.11.2015 14:25:00";"4";"0";"261";"3,64";"16777216";"2212915";"13,19";"12";"116";"166";"2";"3"
"08.11.2015 14:30:00";"4";"0";"310";"4,32";"16777216";"2145806";"12,79";"19";"154";"166";"2";"3"
"08.11.2015 14:35:00";"4";"0";"283";"3,95";"16777216";"2212915";"13,19";"8";"152";"166";"5";"5"
"08.11.2015 14:40:00";"4";"0";"357";"4,97";"16777216";"2145806";"12,79";"14";"154";"166";"25";"7"
"08.11.2015 14:45:00";"4";"0";"281";"3,92";"16777216";"2246469";"13,39";"11";"130";"166";"4";"3"
"08.11.2015 14:50:00";"4";"0";"280";"3,9";"16777216";"2390753";"14,25";"8";"131";"166";"4";"5"
"08.11.2015 14:55:00";"4";"0";"240";"3,34";"16777216";"2347132";"13,99";"9";"93";"166";"2";"3"
"08.11.2015 15:00:00";"4";"0";"267";"3,73";"16777216";"2011588";"11,99";"8";"124";"166";"2";"3"
"08.11.2015 15:05:00";"4";"0";"296";"4,12";"16777216";"3430941";"20,45";"19";"150";"166";"3";"4"
"08.11.2015 15:10:00";"4";"0";"242";"3,37";"16777216";"2179360";"12,99";"7";"112";"166";"2";"3"
"08.11.2015 15:15:00";"4";"0";"276";"3,84";"16777216";"1743153";"10,39";"11";"123";"166";"2";"3"
"08.11.2015 15:20:00";"4";"0";"273";"3,8";"16777216";"1541826";"9,19";"8";"131";"166";"4";"5"
"08.11.2015 15:25:00";"4";"0";"378";"5,26";"16777216";"1709598";"10,19";"328";"124";"166";"2";"3"
"08.11.2015 15:30:00";"4";"0";"291";"4,06";"16777216";"1910925";"11,39";"15";"155";"166";"2";"3"
"08.11.2015 15:35:00";"4";"0";"284";"3,95";"16777216";"1686110";"10,05";"10";"152";"166";"4";"5"
"08.11.2015 15:40:00";"4";"0";"278";"3,88";"16777216";"2145806";"12,79";"11";"125";"166";"2";"3"
"08.11.2015 15:45:00";"4";"0";"344";"4,79";"16777216";"1810262";"10,79";"17";"191";"166";"27";"7"
"08.11.2015 15:50:00";"4";"0";"296";"4,13";"16777216";"2179360";"12,99";"11";"159";"166";"4";"5"
"08.11.2015 15:55:00";"4";"0";"242";"3,38";"16777216";"2078697";"12,39";"7";"130";"166";"1";"3"
"08.11.2015 16:00:00";"4";"0";"489";"6,81";"16777216";"3207804";"19,12";"598";"607";"166";"2";"3"
"08.11.2015 16:05:00";"4";"0";"304";"4,23";"16777216";"3420874";"20,39";"24";"343";"166";"4";"4"
"08.11.2015 16:10:00";"4";"0";"250";"3,49";"16777216";"2380687";"14,19";"9";"120";"166";"2";"3"
"08.11.2015 16:15:00";"4";"0";"274";"3,82";"16777216";"1944479";"11,59";"11";"133";"166";"2";"3"
"08.11.2015 16:20:00";"4";"0";"294";"4,1";"16777216";"2548459";"15,19";"11";"159";"166";"4";"5"
"08.11.2015 16:25:00";"4";"0";"238";"3,31";"16777216";"2212915";"13,19";"7";"105";"166";"2";"3"
"08.11.2015 16:30:00";"4";"0";"260";"3,62";"16777216";"1776707";"10,59";"7";"118";"166";"2";"3"
"08.11.2015 16:35:00";"4";"0";"308";"4,3";"16777216";"2045143";"12,19";"14";"158";"166";"4";"5"
"08.11.2015 16:40:00";"4";"0";"256";"3,57";"16777216";"2280024";"13,59";"7";"127";"166";"2";"3"
"08.11.2015 16:45:00";"4";"0";"335";"4,67";"16777216";"2222981";"13,25";"11";"172";"166";"27";"7"
"08.11.2015 16:50:00";"4";"0";"272";"3,79";"16777216";"2011588";"11,99";"8";"136";"166";"4";"4"
"08.11.2015 16:55:00";"4";"0";"240";"3,34";"16777216";"1932735";"11,52";"8";"100";"166";"2";"3"
"08.11.2015 17:00:00";"4";"0";"276";"3,85";"16777216";"1920991";"11,45";"15";"120";"166";"2";"3"
"08.11.2015 17:05:00";"4";"0";"506";"7,05";"16777216";"3274913";"19,52";"8";"1570";"166";"44";"461"
"08.11.2015 17:10:00";"4";"0";"271";"3,78";"16777216";"2793406";"16,65";"2";"124";"166";"2";"3"
"08.11.2015 17:15:00";"4";"0";"259";"3,61";"16777216";"2122318";"12,65";"3";"135";"166";"2";"3"
"08.11.2015 17:20:00";"4";"0";"292";"4,07";"16777216";"2045143";"12,19";"5";"140";"166";"4";"5"
"08.11.2015 17:25:00";"4";"0";"301";"4,19";"16777216";"2390753";"14,25";"9";"128";"166";"2";"3"
"08.11.2015 17:30:00";"4";"0";"284";"3,96";"16777216";"2212915";"13,19";"6";"156";"166";"2";"3"
"08.11.2015 17:35:00";"4";"0";"277";"3,86";"16777216";"1518338";"9,05";"5";"135";"166";"4";"4"
"08.11.2015 17:40:00";"4";"0";"295";"4,11";"16777216";"1999844";"11,92";"10";"112";"166";"2";"3"
"08.11.2015 17:45:00";"4";"0";"273";"3,81";"16777216";"2189427";"13,05";"5";"128";"166";"3";"4"
"08.11.2015 17:50:00";"4";"0";"288";"4,01";"16777216";"1932735";"11,52";"6";"141";"166";"6";"5"
"08.11.2015 17:55:00";"4";"0";"325";"4,53";"16777216";"2759852";"16,45";"5";"142";"166";"25";"6"
"08.11.2015 18:00:00";"4";"0";"341";"4,75";"16777216";"2738042";"16,32";"129";"137";"166";"2";"3"
"08.11.2015 18:05:00";"4";"0";"522";"7,27";"16777216";"2771596";"16,52";"1077";"232";"166";"4";"4"
"08.11.2015 18:10:00";"4";"0";"254";"3,54";"16777216";"4024854";"23,99";"9";"165";"166";"2";"3"
"08.11.2015 18:15:00";"4";"0";"267";"3,72";"16777216";"2424308";"14,45";"15";"117";"166";"2";"3"
"08.11.2015 18:20:00";"4";"0";"301";"4,19";"16777216";"2524971";"15,05";"19";"149";"166";"4";"5"
"08.11.2015 18:25:00";"4";"0";"261";"3,64";"16777216";"2234725";"13,32";"11";"133";"166";"2";"3"
"08.11.2015 18:30:00";"4";"0";"265";"3,69";"16777216";"1877370";"11,19";"9";"133";"166";"2";"3"
"08.11.2015 18:35:00";"4";"0";"341";"4,75";"16777216";"2112252";"12,59";"10";"148";"166";"54";"55"
"08.11.2015 18:40:00";"4";"0";"339";"4,72";"16777216";"1920991";"11,45";"8";"114";"166";"58";"60"
"08.11.2015 18:45:00";"4";"0";"261";"3,64";"16777216";"1832072";"10,92";"8";"115";"166";"8";"9"
"08.11.2015 18:50:00";"4";"0";"314";"4,37";"16777216";"1865626";"11,12";"8";"185";"166";"49";"18"
"08.11.2015 18:55:00";"4";"0";"255";"3,55";"16777216";"2112252";"12,59";"7";"98";"166";"15";"18"
"08.11.2015 19:00:00";"4";"0";"325";"4,53";"16777216";"1944479";"11,59";"15";"136";"166";"19";"22"
"08.11.2015 19:05:00";"4";"0";"293";"4,09";"16777216";"3162505";"18,85";"11";"148";"166";"12";"14"
"08.11.2015 19:10:00";"4";"0";"292";"4,07";"16777216";"2414241";"14,39";"10";"120";"166";"24";"27"
"08.11.2015 19:15:00";"4";"0";"277";"3,87";"16777216";"2011588";"11,99";"8";"128";"166";"19";"22"
"08.11.2015 19:20:00";"4";"0";"310";"4,32";"16777216";"2145806";"12,79";"8";"140";"166";"25";"28"
"08.11.2015 19:25:00";"4";"0";"266";"3,71";"16777216";"2078697";"12,39";"7";"94";"166";"23";"26"
"08.11.2015 19:30:00";"4";"0";"296";"4,13";"16777216";"1853882";"11,05";"8";"122";"166";"30";"35"
"08.11.2015 19:35:00";"4";"0";"290";"4,03";"16777216";"2246469";"13,39";"21";"144";"166";"9";"10"
"08.11.2015 19:40:00";"4";"0";"273";"3,81";"16777216";"2011588";"11,99";"9";"130";"166";"6";"7"
"08.11.2015 19:45:00";"4";"0";"359";"5";"16777216";"1474717";"8,79";"11";"173";"166";"42";"23"
"08.11.2015 19:50:00";"4";"0";"317";"4,41";"16777216";"1877370";"11,19";"8";"142";"166";"27";"30"
"08.11.2015 19:55:00";"4";"0";"270";"3,77";"16777216";"2078697";"12,39";"7";"106";"166";"22";"26"
"08.11.2015 20:00:00";"4";"0";"729";"10,16";"16777216";"3363832";"20,05";"3957";"510";"166";"3";"4"
"08.11.2015 20:05:00";"4";"0";"949";"13,22";"16777216";"5400586";"32,19";"38036";"1329";"166";"118";"26164"
"08.11.2015 20:10:00";"4";"0";"838";"11,67";"16777216";"5825050";"34,72";"35127";"1334";"166";"3710";"22175"
"08.11.2015 20:15:00";"4";"0";"269";"3,74";"16777216";"3732931";"22,25";"38";"134";"166";"7";"8"
"08.11.2015 20:20:00";"4";"0";"319";"4,45";"16777216";"2558525";"15,25";"1042";"152";"166";"11";"11"
"08.11.2015 20:25:00";"4";"0";"248";"3,45";"16777216";"2592080";"15,45";"39";"124";"166";"2";"3"
"08.11.2015 20:30:00";"4";"0";"263";"3,66";"16777216";"1932735";"11,52";"10";"117";"166";"2";"3"
"08.11.2015 20:35:00";"4";"0";"287";"4";"16777216";"1676044";"9,99";"24";"145";"166";"5";"6"
"08.11.2015 20:40:00";"4";"0";"312";"4,34";"16777216";"1999844";"11,92";"43";"127";"166";"3";"4"
"08.11.2015 20:45:00";"4";"0";"355";"4,94";"16777216";"1932735";"11,52";"16";"177";"166";"33";"13"
"08.11.2015 20:50:00";"4";"0";"310";"4,32";"16777216";"2078697";"12,39";"8";"139";"166";"22";"23"
"08.11.2015 20:55:00";"4";"0";"262";"3,65";"16777216";"2021655";"12,05";"10";"104";"166";"15";"17"
"08.11.2015 21:00:00";"4";"0";"270";"3,76";"16777216";"2033399";"12,12";"8";"111";"166";"5";"6"
"08.11.2015 21:05:00";"4";"0";"384";"5,35";"16777216";"2749786";"16,39";"31";"437";"166";"48";"108"
"08.11.2015 21:10:00";"4";"0";"255";"3,55";"16777216";"2066953";"12,32";"8";"116";"166";"8";"10"
"08.11.2015 21:15:00";"4";"0";"253";"3,53";"16777216";"1865626";"11,12";"8";"118";"166";"7";"6"
"08.11.2015 21:20:00";"4";"0";"302";"4,21";"16777216";"2021655";"12,05";"10";"142";"166";"15";"16"
"08.11.2015 21:25:00";"4";"0";"258";"3,59";"16777216";"1877370";"11,19";"9";"106";"166";"6";"8"
"08.11.2015 21:30:00";"4";"0";"265";"3,69";"16777216";"1743153";"10,39";"9";"119";"166";"4";"5"
"08.11.2015 21:35:00";"4";"0";"304";"4,23";"16777216";"1944479";"11,59";"12";"151";"166";"20";"21"
"08.11.2015 21:40:00";"4";"0";"299";"4,17";"16777216";"2145806";"12,79";"8";"117";"166";"27";"27"
"08.11.2015 21:45:00";"4";"0";"352";"4,9";"16777216";"2011588";"11,99";"15";"171";"166";"44";"27"
"08.11.2015 21:50:00";"4";"0";"296";"4,12";"16777216";"2045143";"12,19";"8";"139";"166";"21";"20"
"08.11.2015 21:55:00";"4";"0";"258";"3,6";"16777216";"1978034";"11,79";"11";"100";"166";"14";"17"
"08.11.2015 22:00:00";"4";"0";"361";"5,04";"16777216";"1910925";"11,39";"56";"138";"166";"6";"6"
"08.11.2015 22:05:00";"4";"0";"466";"6,49";"16777216";"2951112";"17,59";"303";"224";"166";"13";"15"
"08.11.2015 22:10:00";"4";"0";"258";"3,59";"16777216";"2615568";"15,59";"4";"184";"166";"12";"10"
"08.11.2015 22:15:00";"4";"0";"294";"4,09";"16777216";"1877370";"11,19";"10";"119";"166";"34";"40"
"08.11.2015 22:20:00";"4";"0";"356";"4,96";"16777216";"1966290";"11,72";"16";"159";"166";"10";"11"
"08.11.2015 22:25:00";"4";"0";"252";"3,51";"16777216";"2670933";"15,92";"5";"131";"166";"10";"12"
"08.11.2015 22:30:00";"4";"0";"280";"3,91";"16777216";"2045143";"12,19";"7";"128";"166";"3";"4"
"08.11.2015 22:35:00";"4";"0";"265";"3,69";"16777216";"1764963";"10,52";"5";"151";"166";"4";"5"
"08.11.2015 22:40:00";"4";"0";"305";"4,25";"16777216";"2011588";"11,99";"5";"149";"166";"27";"9"
"08.11.2015 22:45:00";"4";"0";"320";"4,46";"16777216";"2055209";"12,25";"27";"140";"166";"6";"5"
"08.11.2015 22:50:00";"4";"0";"339";"4,72";"16777216";"2682677";"15,99";"41";"1061";"166";"4";"5"
"08.11.2015 22:55:00";"4";"0";"242";"3,36";"16777216";"3375576";"20,12";"7";"102";"166";"2";"3"
"08.11.2015 23:00:00";"4";"0";"273";"3,8";"16777216";"1820328";"10,85";"11";"123";"166";"2";"3"
"08.11.2015 23:05:00";"4";"0";"303";"4,22";"16777216";"3241358";"19,32";"78";"155";"166";"4";"4"
"08.11.2015 23:10:00";"4";"0";"239";"3,33";"16777216";"2066953";"12,32";"24";"118";"166";"2";"3"
"08.11.2015 23:15:00";"4";"0";"267";"3,72";"16777216";"1810262";"10,79";"10";"119";"166";"2";"3"
"08.11.2015 23:20:00";"4";"0";"274";"3,82";"16777216";"1988100";"11,85";"7";"137";"166";"4";"5"
"08.11.2015 23:25:00";"4";"0";"245";"3,41";"16777216";"1978034";"11,79";"6";"105";"166";"2";"3"
"08.11.2015 23:30:00";"4";"0";"275";"3,83";"16777216";"1518338";"9,05";"9";"127";"166";"2";"3"
"08.11.2015 23:35:00";"4";"0";"275";"3,84";"16777216";"1944479";"11,59";"8";"145";"166";"4";"5"
"08.11.2015 23:40:00";"4";"0";"291";"4,05";"16777216";"2357199";"14,05";"40";"118";"166";"2";"3"
"08.11.2015 23:45:00";"4";"0";"277";"3,86";"16777216";"2414241";"14,39";"10";"131";"166";"3";"4"
"08.11.2015 23:50:00";"4";"0";"354";"4,93";"16777216";"2246469";"13,39";"14";"191";"166";"29";"8"
"08.11.2015 23:55:00";"4";"0";"247";"3,45";"16777216";"2112252";"12,59";"7";"109";"166";"2";"3"
"09.11.2015 00:00:00";"4";"0";"313";"4,36";"16777216";"2280024";"13,59";"64";"136";"166";"2";"3"
"09.11.2015 00:05:00";"4";"0";"471";"6,56";"16777216";"3555092";"21,19";"183";"453";"166";"54";"6"
"09.11.2015 00:10:00";"4";"0";"554";"7,71";"16777216";"2481350";"14,79";"301";"521";"166";"50";"5"
"09.11.2015 00:15:00";"4";"0";"696";"9,69";"16777216";"3555092";"21,19";"1153";"358";"166";"63";"5"
"09.11.2015 00:20:00";"4";"0";"304";"4,23";"16777216";"3085330";"18,39";"33";"100";"166";"67";"7"
"09.11.2015 00:25:00";"4";"0";"1366";"19,02";"16777216";"3363832";"20,05";"662";"8109";"166";"27";"4"
"09.11.2015 00:30:00";"4";"0";"675";"9,39";"16777216";"5266368";"31,39";"158";"5582";"166";"124";"7"
"09.11.2015 00:35:00";"4";"0";"1356";"18,88";"16777216";"4863715";"28,99";"556";"2588";"166";"4";"4"
"09.11.2015 00:40:00";"4";"0";"254";"3,54";"16777216";"3924191";"23,39";"0";"509";"166";"2";"3"
"09.11.2015 00:45:00";"4";"0";"256";"3,57";"16777216";"2514905";"14,99";"0";"84";"166";"2";"3"
"09.11.2015 00:50:00";"4";"0";"275";"3,84";"16777216";"1776707";"10,59";"6";"92";"166";"4";"5"
"09.11.2015 00:55:00";"4";"0";"242";"3,38";"16777216";"2280024";"13,59";"0";"77";"166";"1";"3"
"09.11.2015 01:00:00";"4";"0";"485";"6,76";"16777216";"1810262";"10,79";"3316";"247";"166";"37";"1534"
"09.11.2015 01:05:00";"4";"0";"1369";"19,07";"16777216";"5601912";"33,39";"7857";"2040";"166";"49";"3053"
"09.11.2015 01:10:00";"4";"0";"339";"4,72";"16777216";"4226181";"25,19";"545";"221";"166";"41";"190"
"09.11.2015 01:15:00";"4";"0";"250";"3,48";"16777216";"2536715";"15,12";"11";"81";"166";"2";"3"
"09.11.2015 01:20:00";"4";"0";"268";"3,74";"16777216";"2045143";"12,19";"94";"82";"166";"4";"5"
"09.11.2015 01:25:00";"4";"0";"258";"3,6";"16777216";"1988100";"11,85";"8";"77";"166";"1";"3"
"09.11.2015 01:30:00";"4";"0";"257";"3,58";"16777216";"1697854";"10,12";"8";"82";"166";"2";"3"
"09.11.2015 01:35:00";"4";"0";"280";"3,9";"16777216";"1899181";"11,32";"15";"86";"166";"4";"5"
"09.11.2015 01:40:00";"4";"0";"257";"3,58";"16777216";"1843816";"10,99";"12";"89";"166";"2";"3"
"09.11.2015 01:45:00";"4";"0";"266";"3,71";"16777216";"2066953";"12,32";"22";"89";"166";"3";"3"
"09.11.2015 01:50:00";"4";"0";"279";"3,88";"16777216";"1932735";"11,52";"7";"91";"166";"4";"5"
"09.11.2015 01:55:00";"4";"0";"331";"4,61";"16777216";"1731409";"10,32";"10";"133";"166";"27";"6"
"09.11.2015 02:00:00";"4";"0";"376";"5,23";"16777216";"2347132";"13,99";"604";"189";"166";"2";"3"
"09.11.2015 02:05:00";"4";"0";"309";"4,31";"16777216";"2917558";"17,39";"60";"156";"166";"4";"4"
"09.11.2015 02:10:00";"4";"0";"230";"3,21";"16777216";"2201171";"13,12";"7";"93";"166";"2";"3"
"09.11.2015 02:15:00";"4";"0";"247";"3,44";"16777216";"1999844";"11,92";"13";"80";"166";"2";"3"
"09.11.2015 02:20:00";"4";"0";"276";"3,85";"16777216";"2088763";"12,45";"10";"99";"166";"4";"5"
"09.11.2015 02:25:00";"4";"0";"223";"3,11";"16777216";"1865626";"11,12";"8";"76";"166";"2";"3"
"09.11.2015 02:30:00";"4";"0";"246";"3,43";"16777216";"1585447";"9,45";"8";"84";"166";"2";"3"
"09.11.2015 02:35:00";"4";"0";"278";"3,88";"16777216";"2670933";"15,92";"39";"103";"166";"5";"5"
"09.11.2015 02:40:00";"4";"0";"274";"3,82";"16777216";"2021655";"12,05";"13";"95";"166";"3";"4"
"09.11.2015 02:45:00";"4";"0";"238";"3,31";"16777216";"1764963";"10,52";"8";"79";"166";"2";"3"
"09.11.2015 02:50:00";"4";"0";"272";"3,79";"16777216";"2503161";"14,92";"16";"87";"166";"4";"5"
"09.11.2015 02:55:00";"4";"0";"227";"3,16";"16777216";"2167616";"12,92";"7";"80";"166";"2";"3"
"09.11.2015 03:00:00";"4";"0";"251";"3,49";"16777216";"1642489";"9,79";"7";"84";"166";"2";"3"
"09.11.2015 03:05:00";"4";"0";"518";"7,22";"16777216";"3162505";"18,85";"52";"332";"166";"4";"4"
"09.11.2015 03:10:00";"4";"0";"239";"3,33";"16777216";"2357199";"14,05";"8";"250";"166";"2";"3"
"09.11.2015 03:15:00";"4";"0";"238";"3,32";"16777216";"1978034";"11,79";"7";"80";"166";"2";"3"
"09.11.2015 03:20:00";"4";"0";"325";"4,54";"16777216";"2112252";"12,59";"21";"111";"166";"4";"5"
"09.11.2015 03:25:00";"4";"0";"248";"3,46";"16777216";"2033399";"12,12";"167";"140";"166";"1";"3"
"09.11.2015 03:30:00";"4";"0";"250";"3,49";"16777216";"2335388";"13,92";"8";"88";"166";"2";"3"
"09.11.2015 03:35:00";"4";"0";"266";"3,71";"16777216";"2189427";"13,05";"8";"97";"166";"4";"5"
"09.11.2015 03:40:00";"4";"0";"245";"3,42";"16777216";"2189427";"13,05";"6";"90";"166";"2";"3"
"09.11.2015 03:45:00";"4";"0";"247";"3,44";"16777216";"1630745";"9,72";"6";"85";"166";"2";"3"
"09.11.2015 03:50:00";"4";"0";"258";"3,6";"16777216";"2066953";"12,32";"7";"91";"166";"4";"5"
"09.11.2015 03:55:00";"4";"0";"276";"3,84";"16777216";"2021655";"12,05";"8";"107";"166";"18";"5"
"09.11.2015 04:00:00";"4";"0";"370";"5,16";"16777216";"2582014";"15,39";"100";"142";"166";"10";"5"
"09.11.2015 04:05:00";"4";"0";"334";"4,66";"16777216";"3107140";"18,52";"205";"189";"166";"3";"4"
"09.11.2015 04:10:00";"4";"0";"240";"3,34";"16777216";"2447796";"14,59";"20";"161";"166";"2";"3"
"09.11.2015 04:15:00";"4";"0";"270";"3,77";"16777216";"2592080";"15,45";"35";"99";"166";"2";"3"
"09.11.2015 04:20:00";"4";"0";"278";"3,88";"16777216";"2368943";"14,12";"18";"119";"166";"4";"5"
"09.11.2015 04:25:00";"4";"0";"280";"3,9";"16777216";"1944479";"11,59";"22";"103";"166";"2";"3"
"09.11.2015 04:30:00";"4";"0";"249";"3,48";"16777216";"2066953";"12,32";"7";"107";"166";"2";"3"
"09.11.2015 04:35:00";"4";"0";"304";"4,23";"16777216";"2268280";"13,52";"14";"150";"166";"28";"10"
"09.11.2015 04:40:00";"4";"0";"266";"3,7";"16777216";"2548459";"15,19";"7";"95";"166";"13";"13"
"09.11.2015 04:45:00";"4";"0";"314";"4,37";"16777216";"1966290";"11,72";"9";"134";"166";"37";"17"
"09.11.2015 04:50:00";"4";"0";"293";"4,08";"16777216";"2323644";"13,85";"9";"100";"166";"17";"17"
"09.11.2015 04:55:00";"4";"0";"298";"4,15";"16777216";"2033399";"12,12";"12";"131";"166";"33";"14"
"09.11.2015 05:00:00";"4";"0";"316";"4,41";"16777216";"1999844";"11,92";"19";"111";"166";"6";"5"
"09.11.2015 05:05:00";"4";"0";"488";"6,8";"16777216";"4001366";"23,85";"27";"1306";"166";"44";"409"
"09.11.2015 05:10:00";"4";"0";"256";"3,56";"16777216";"3363832";"20,05";"11";"124";"166";"2";"3"
"09.11.2015 05:15:00";"4";"0";"238";"3,32";"16777216";"2201171";"13,12";"8";"106";"166";"2";"3"
"09.11.2015 05:20:00";"4";"0";"267";"3,72";"16777216";"2212915";"13,19";"7";"99";"166";"4";"5"
"09.11.2015 05:25:00";"4";"0";"233";"3,25";"16777216";"1944479";"11,59";"7";"79";"166";"2";"3"
"09.11.2015 05:30:00";"4";"0";"248";"3,46";"16777216";"1731409";"10,32";"7";"91";"166";"2";"3"
"09.11.2015 05:35:00";"4";"0";"271";"3,78";"16777216";"2100508";"12,52";"8";"110";"166";"4";"5"
"09.11.2015 05:40:00";"4";"0";"300";"4,18";"16777216";"1899181";"11,32";"9";"105";"166";"2";"3"
"09.11.2015 05:45:00";"4";"0";"245";"3,41";"16777216";"2380687";"14,19";"7";"88";"166";"2";"3"
"09.11.2015 05:50:00";"4";"0";"347";"4,84";"16777216";"2145806";"12,79";"12";"151";"166";"29";"8"
"09.11.2015 05:55:00";"4";"0";"249";"3,47";"16777216";"1910925";"11,39";"11";"111";"166";"2";"3"
"09.11.2015 06:00:00";"4";"0";"468";"6,52";"16777216";"2625634";"15,65";"1072";"628";"166";"2";"3"
"09.11.2015 06:05:00";"4";"0";"666";"9,28";"16777216";"4482872";"26,72";"72027";"1120";"166";"23";"4886"
"09.11.2015 06:10:00";"4";"0";"356";"4,96";"16777216";"6205892";"36,99";"17898";"137";"166";"40";"140"
"09.11.2015 06:15:00";"4";"0";"233";"3,24";"16777216";"3286657";"19,59";"7";"91";"166";"2";"3"
"09.11.2015 06:20:00";"4";"0";"266";"3,71";"16777216";"1810262";"10,79";"86";"97";"166";"4";"5"
"09.11.2015 06:25:00";"4";"0";"230";"3,21";"16777216";"2179360";"12,99";"4";"80";"166";"2";"3"
"09.11.2015 06:30:00";"4";"0";"242";"3,38";"16777216";"1676044";"9,99";"4";"93";"166";"2";"3"
"09.11.2015 06:35:00";"4";"0";"289";"4,03";"16777216";"2033399";"12,12";"20";"107";"166";"6";"6"
"09.11.2015 06:40:00";"4";"0";"262";"3,66";"16777216";"2246469";"13,39";"4";"99";"166";"3";"4"
"09.11.2015 06:45:00";"4";"0";"320";"4,45";"16777216";"1843816";"10,99";"10";"144";"166";"27";"7"
"09.11.2015 06:50:00";"4";"0";"267";"3,72";"16777216";"1810262";"10,79";"3";"100";"166";"4";"5"
"09.11.2015 06:55:00";"4";"0";"228";"3,18";"16777216";"2447796";"14,59";"4";"79";"166";"2";"3"
"09.11.2015 07:00:00";"4";"0";"252";"3,52";"16777216";"2011588";"11,99";"4";"91";"166";"2";"3"
"09.11.2015 07:05:00";"4";"0";"276";"3,85";"16777216";"3454429";"20,59";"38";"105";"166";"4";"4"
"09.11.2015 07:10:00";"4";"0";"235";"3,27";"16777216";"2347132";"13,99";"0";"97";"166";"2";"3"
"09.11.2015 07:15:00";"4";"0";"244";"3,4";"16777216";"2179360";"12,99";"1";"96";"166";"2";"3"
"09.11.2015 07:20:00";"4";"0";"275";"3,83";"16777216";"2112252";"12,59";"3";"104";"166";"4";"5"
"09.11.2015 07:25:00";"4";"0";"227";"3,17";"16777216";"1944479";"11,59";"1";"82";"166";"1";"3"
"09.11.2015 07:30:00";"4";"0";"252";"3,51";"16777216";"1676044";"9,99";"4";"93";"166";"2";"3"
"09.11.2015 07:35:00";"4";"0";"279";"3,89";"16777216";"1508272";"8,99";"8";"118";"166";"4";"5"
"09.11.2015 07:40:00";"4";"0";"249";"3,47";"16777216";"2066953";"12,32";"4";"109";"166";"2";"3"
"09.11.2015 07:45:00";"4";"0";"300";"4,17";"16777216";"2078697";"12,39";"5";"135";"166";"25";"7"
"09.11.2015 07:50:00";"4";"0";"277";"3,86";"16777216";"2155872";"12,85";"3";"107";"166";"6";"5"
"09.11.2015 07:55:00";"4";"0";"228";"3,18";"16777216";"2122318";"12,65";"1";"82";"166";"1";"2"
"09.11.2015 08:00:00";"4";"0";"341";"4,75";"16777216";"2189427";"13,05";"122";"115";"166";"2";"3"
"09.11.2015 08:05:00";"4";"0";"278";"3,88";"16777216";"2927624";"17,45";"6";"128";"166";"4";"4"
"09.11.2015 08:10:00";"4";"0";"248";"3,46";"16777216";"2045143";"12,19";"5";"103";"166";"2";"3"
"09.11.2015 08:15:00";"4";"0";"266";"3,72";"16777216";"1697854";"10,12";"6";"103";"166";"2";"3"
"09.11.2015 08:20:00";"4";"0";"274";"3,82";"16777216";"1877370";"11,19";"8";"118";"166";"4";"5"
"09.11.2015 08:25:00";"4";"0";"324";"4,51";"16777216";"2088763";"12,45";"264";"494";"166";"2";"3"
"09.11.2015 08:30:00";"4";"0";"253";"3,53";"16777216";"2783340";"16,59";"0";"493";"166";"2";"3"
"09.11.2015 08:35:00";"4";"0";"268";"3,73";"16777216";"2246469";"13,39";"0";"117";"166";"4";"5"
"09.11.2015 08:40:00";"4";"0";"297";"4,13";"16777216";"1810262";"10,79";"7";"107";"166";"3";"4"
"09.11.2015 08:45:00";"4";"0";"314";"4,37";"16777216";"2189427";"13,05";"7";"142";"166";"26";"6"
"09.11.2015 08:50:00";"4";"0";"268";"3,74";"16777216";"2189427";"13,05";"1";"101";"166";"4";"5"
"09.11.2015 08:55:00";"4";"0";"232";"3,23";"16777216";"2402497";"14,32";"1";"82";"166";"2";"3"
"09.11.2015 09:00:00";"4";"0";"269";"3,74";"16777216";"1743153";"10,39";"0";"105";"166";"2";"3"
"09.11.2015 09:05:00";"4";"0";"450";"6,26";"16777216";"3732931";"22,25";"12";"1170";"166";"43";"344"
"09.11.2015 09:10:00";"4";"0";"238";"3,32";"16777216";"2514905";"14,99";"0";"100";"166";"2";"3"
"09.11.2015 09:15:00";"4";"0";"258";"3,59";"16777216";"2313578";"13,79";"0";"102";"166";"2";"3"
"09.11.2015 09:20:00";"4";"0";"277";"3,87";"16777216";"2514905";"14,99";"0";"124";"166";"4";"5"
"09.11.2015 09:25:00";"4";"0";"236";"3,29";"16777216";"1944479";"11,59";"1";"90";"166";"1";"2"
"09.11.2015 09:30:00";"4";"0";"253";"3,53";"16777216";"1642489";"9,79";"0";"99";"166";"2";"3"
"09.11.2015 09:35:00";"4";"0";"282";"3,93";"16777216";"1978034";"11,79";"0";"134";"166";"4";"5"
"09.11.2015 09:40:00";"4";"0";"249";"3,47";"16777216";"1474717";"8,79";"0";"103";"166";"2";"3"
"09.11.2015 09:45:00";"4";"0";"335";"4,67";"16777216";"2592080";"15,45";"1";"159";"166";"27";"7"
"09.11.2015 09:50:00";"4";"0";"275";"3,83";"16777216";"2625634";"15,65";"1";"128";"166";"4";"4"
"09.11.2015 09:55:00";"4";"0";"230";"3,21";"16777216";"2078697";"12,39";"0";"92";"166";"2";"2"
"09.11.2015 10:00:00";"4";"0";"401";"5,59";"16777216";"2055209";"12,25";"6";"132";"166";"2";"3"
"09.11.2015 10:05:00";"4";"0";"279";"3,89";"16777216";"3420874";"20,39";"0";"145";"166";"4";"4"
"09.11.2015 10:10:00";"4";"0";"230";"3,21";"16777216";"2481350";"14,79";"0";"106";"166";"2";"3"
"09.11.2015 10:15:00";"4";"0";"266";"3,71";"16777216";"2625634";"15,65";"12";"110";"166";"2";"3"
"09.11.2015 10:20:00";"4";"0";"525";"7,31";"16777216";"2335388";"13,92";"28";"126";"166";"4";"5"
"09.11.2015 10:25:00";"4";"0";"226";"3,15";"16777216";"2112252";"12,59";"0";"97";"166";"1";"2"
"09.11.2015 10:30:00";"4";"0";"253";"3,53";"16777216";"1731409";"10,32";"0";"102";"166";"2";"3"
"09.11.2015 10:35:00";"4";"0";"254";"3,54";"16777216";"1451229";"8,65";"1";"110";"166";"4";"4"
"09.11.2015 10:40:00";"4";"0";"236";"3,29";"16777216";"1541826";"9,19";"0";"89";"166";"2";"3"
"09.11.2015 10:45:00";"4";"0";"242";"3,38";"16777216";"1798518";"10,72";"0";"92";"166";"2";"3"
"09.11.2015 10:50:00";"4";"0";"260";"3,63";"16777216";"2290090";"13,65";"0";"102";"166";"4";"5"
"09.11.2015 10:55:00";"4";"0";"233";"3,24";"16777216";"2256536";"13,45";"0";"90";"166";"2";"2"
"09.11.2015 11:00:00";"4";"0";"278";"3,87";"16777216";"1920991";"11,45";"1";"120";"166";"2";"3"
"09.11.2015 11:05:00";"4";"0";"302";"4,21";"16777216";"3308467";"19,72";"9";"144";"166";"4";"4"
"09.11.2015 11:10:00";"4";"0";"257";"3,59";"16777216";"2357199";"14,05";"0";"130";"166";"2";"3"
"09.11.2015 11:15:00";"4";"0";"280";"3,91";"16777216";"2524971";"15,05";"1";"141";"166";"2";"3"
"09.11.2015 11:20:00";"4";"0";"291";"4,06";"16777216";"2179360";"12,99";"2";"139";"166";"4";"5"
"09.11.2015 11:25:00";"4";"0";"230";"3,21";"16777216";"2335388";"13,92";"19";"91";"166";"2";"3"
"09.11.2015 11:30:00";"4";"0";"240";"3,35";"16777216";"1988100";"11,85";"15";"95";"166";"2";"3"
"09.11.2015 11:35:00";"4";"0";"296";"4,13";"16777216";"2290090";"13,65";"2";"126";"166";"6";"7"
"09.11.2015 11:40:00";"4";"0";"274";"3,82";"16777216";"1920991";"11,45";"0";"110";"166";"2";"3"
"09.11.2015 11:45:00";"4";"0";"261";"3,63";"16777216";"1978034";"11,79";"0";"117";"166";"4";"4"
"09.11.2015 11:50:00";"4";"0";"316";"4,41";"16777216";"2122318";"12,65";"2";"156";"166";"27";"8"
"09.11.2015 11:55:00";"4";"0";"228";"3,18";"16777216";"2033399";"12,12";"0";"86";"166";"2";"3"
"09.11.2015 12:00:00";"4";"0";"370";"5,16";"16777216";"2558525";"15,25";"3";"125";"166";"2";"3"
"09.11.2015 12:05:00";"4";"0";"1367";"19,04";"16777216";"3632267";"21,65";"69";"1053";"166";"4";"5"
"09.11.2015 12:10:00";"4";"0";"252";"3,51";"16777216";"2961179";"17,65";"9";"1162";"166";"2";"3"
"09.11.2015 12:15:00";"4";"0";"279";"3,88";"16777216";"2357199";"14,05";"16";"125";"166";"2";"3"
"09.11.2015 12:20:00";"4";"0";"286";"3,99";"16777216";"2134062";"12,72";"12";"147";"166";"4";"5"
"09.11.2015 12:25:00";"4";"0";"259";"3,61";"16777216";"2167616";"12,92";"11";"128";"166";"2";"3"
"09.11.2015 12:30:00";"4";"0";"246";"3,43";"16777216";"1664300";"9,92";"9";"120";"166";"2";"3"
"09.11.2015 12:35:00";"4";"0";"280";"3,9";"16777216";"2268280";"13,52";"10";"134";"166";"4";"5"
"09.11.2015 12:40:00";"4";"0";"262";"3,65";"16777216";"2078697";"12,39";"10";"116";"166";"3";"4"
"09.11.2015 12:45:00";"4";"0";"250";"3,48";"16777216";"2155872";"12,85";"10";"108";"166";"3";"4"
"09.11.2015 12:50:00";"4";"0";"330";"4,59";"16777216";"1753219";"10,45";"10";"157";"166";"27";"8"
"09.11.2015 12:55:00";"4";"0";"248";"3,46";"16777216";"2201171";"13,12";"8";"100";"166";"4";"3"
"09.11.2015 13:00:00";"4";"0";"247";"3,44";"16777216";"1597191";"9,52";"7";"103";"166";"2";"3"
"09.11.2015 13:05:00";"4";"0";"558";"7,76";"16777216";"3744675";"22,32";"32";"2006";"166";"44";"546"
"09.11.2015 13:10:00";"4";"0";"242";"3,38";"16777216";"3085330";"18,39";"8";"111";"166";"2";"3"
"09.11.2015 13:15:00";"4";"0";"264";"3,69";"16777216";"2256536";"13,45";"10";"112";"166";"2";"3"
"09.11.2015 13:20:00";"4";"0";"265";"3,69";"16777216";"1899181";"11,32";"8";"120";"166";"4";"5"
"09.11.2015 13:25:00";"4";"0";"250";"3,48";"16777216";"2323644";"13,85";"6";"89";"166";"2";"3"
"09.11.2015 13:30:00";"4";"0";"306";"4,27";"16777216";"2011588";"11,99";"15";"129";"166";"3";"6"
"09.11.2015 13:35:00";"4";"0";"283";"3,94";"16777216";"2112252";"12,59";"10";"146";"166";"4";"5"
"09.11.2015 13:40:00";"4";"0";"251";"3,49";"16777216";"1810262";"10,79";"7";"111";"166";"2";"4"
"09.11.2015 13:45:00";"4";"0";"318";"4,44";"16777216";"2155872";"12,85";"10";"150";"166";"27";"7"
"09.11.2015 13:50:00";"4";"0";"264";"3,68";"16777216";"2212915";"13,19";"7";"114";"166";"4";"5"
"09.11.2015 13:55:00";"4";"0";"254";"3,54";"16777216";"2301834";"13,72";"10";"96";"166";"2";"3"
"09.11.2015 14:00:00";"4";"0";"404";"5,63";"16777216";"2222981";"13,25";"23";"176";"166";"2";"3"
"09.11.2015 14:05:00";"4";"0";"313";"4,36";"16777216";"3018221";"17,99";"8";"163";"166";"4";"4"
"09.11.2015 14:10:00";"4";"0";"244";"3,4";"16777216";"2066953";"12,32";"9";"117";"166";"2";"3"
"09.11.2015 14:15:00";"4";"0";"250";"3,48";"16777216";"2179360";"12,99";"8";"113";"166";"2";"3"
"09.11.2015 14:20:00";"4";"0";"286";"3,98";"16777216";"1910925";"11,39";"11";"131";"166";"4";"5"
"09.11.2015 14:25:00";"4";"0";"259";"3,61";"16777216";"1887437";"11,25";"11";"123";"166";"2";"2"
"09.11.2015 14:30:00";"4";"0";"295";"4,11";"16777216";"1999844";"11,92";"20";"142";"166";"2";"3"
"09.11.2015 14:35:00";"4";"0";"278";"3,87";"16777216";"2021655";"12,05";"8";"145";"166";"4";"5"
"09.11.2015 14:40:00";"4";"0";"281";"3,92";"16777216";"2112252";"12,59";"8";"105";"166";"2";"3"
"09.11.2015 14:45:00";"4";"0";"391";"5,45";"16777216";"1731409";"10,32";"23";"168";"166";"29";"9"
"09.11.2015 14:50:00";"4";"0";"261";"3,63";"16777216";"2280024";"13,59";"7";"120";"166";"4";"5"
"09.11.2015 14:55:00";"4";"0";"231";"3,22";"16777216";"1978034";"11,79";"8";"86";"166";"1";"3"
"09.11.2015 15:00:00";"4";"0";"255";"3,56";"16777216";"1843816";"10,99";"9";"103";"166";"2";"3"
"09.11.2015 15:05:00";"4";"0";"287";"4";"16777216";"2414241";"14,39";"9";"128";"166";"4";"4"
"09.11.2015 15:10:00";"4";"0";"235";"3,27";"16777216";"2167616";"12,92";"7";"106";"166";"2";"3"
"09.11.2015 15:15:00";"4";"0";"262";"3,65";"16777216";"2045143";"12,19";"10";"108";"166";"3";"4"
"09.11.2015 15:20:00";"4";"0";"335";"4,66";"16777216";"2872260";"17,12";"181";"132";"166";"5";"6"
"09.11.2015 15:25:00";"4";"0";"366";"5,09";"16777216";"2323644";"13,85";"310";"115";"166";"2";"4"
"09.11.2015 15:30:00";"4";"0";"298";"4,15";"16777216";"2313578";"13,79";"15";"143";"166";"3";"5"
"09.11.2015 15:35:00";"4";"0";"270";"3,76";"16777216";"1798518";"10,72";"8";"136";"166";"5";"5"
"09.11.2015 15:40:00";"4";"0";"266";"3,71";"16777216";"2100508";"12,52";"10";"116";"166";"2";"3"
"09.11.2015 15:45:00";"4";"0";"323";"4,51";"16777216";"1731409";"10,32";"13";"167";"166";"25";"7"
"09.11.2015 15:50:00";"4";"0";"276";"3,85";"16777216";"2189427";"13,05";"8";"126";"166";"6";"5"
"09.11.2015 15:55:00";"4";"0";"253";"3,52";"16777216";"2436052";"14,52";"10";"106";"166";"1";"3"
"09.11.2015 16:00:00";"4";"0";"407";"5,66";"16777216";"2045143";"12,19";"124";"186";"166";"2";"3"
"09.11.2015 16:05:00";"4";"0";"276";"3,85";"16777216";"3118884";"18,59";"8";"171";"166";"4";"4"
"09.11.2015 16:10:00";"4";"0";"268";"3,73";"16777216";"2380687";"14,19";"14";"122";"166";"6";"5"
"09.11.2015 16:15:00";"4";"0";"254";"3,54";"16777216";"2447796";"14,59";"11";"141";"166";"2";"3"
"09.11.2015 16:20:00";"4";"0";"287";"4";"16777216";"2280024";"13,59";"13";"164";"166";"4";"5"
"09.11.2015 16:25:00";"4";"0";"228";"3,18";"16777216";"1978034";"11,79";"7";"102";"166";"1";"3"
"09.11.2015 16:30:00";"4";"0";"250";"3,49";"16777216";"1798518";"10,72";"7";"113";"166";"2";"3"
"09.11.2015 16:35:00";"4";"0";"293";"4,09";"16777216";"1877370";"11,19";"11";"154";"166";"4";"5"
"09.11.2015 16:40:00";"4";"0";"256";"3,57";"16777216";"2390753";"14,25";"7";"127";"166";"2";"3"
"09.11.2015 16:45:00";"4";"0";"317";"4,42";"16777216";"1810262";"10,79";"10";"170";"166";"27";"7"
"09.11.2015 16:50:00";"4";"0";"266";"3,71";"16777216";"1776707";"10,59";"8";"133";"166";"4";"4"
"09.11.2015 16:55:00";"4";"0";"226";"3,15";"16777216";"1731409";"10,32";"6";"88";"166";"1";"2"
"09.11.2015 17:00:00";"4";"0";"269";"3,75";"16777216";"2011588";"11,99";"31";"127";"166";"2";"3"
"09.11.2015 17:05:00";"4";"0";"461";"6,43";"16777216";"3253102";"19,39";"15";"1236";"166";"43";"370"
"09.11.2015 17:10:00";"4";"0";"262";"3,66";"16777216";"2424308";"14,45";"1";"127";"166";"2";"3"
"09.11.2015 17:15:00";"4";"0";"240";"3,35";"16777216";"2212915";"13,19";"1";"127";"166";"2";"3"
"09.11.2015 17:20:00";"4";"0";"283";"3,95";"16777216";"2234725";"13,32";"8";"131";"166";"4";"4"
"09.11.2015 17:25:00";"4";"0";"283";"3,94";"16777216";"2280024";"13,59";"2";"141";"166";"2";"3"
"09.11.2015 17:30:00";"4";"0";"276";"3,85";"16777216";"2189427";"13,05";"1";"151";"166";"2";"3"
"09.11.2015 17:35:00";"4";"0";"268";"3,73";"16777216";"2045143";"12,19";"1";"137";"166";"4";"4"
"09.11.2015 17:40:00";"4";"0";"294";"4,1";"16777216";"1865626";"11,12";"3";"125";"166";"2";"3"
"09.11.2015 17:45:00";"4";"0";"253";"3,53";"16777216";"1743153";"10,39";"2";"132";"166";"3";"3"
"09.11.2015 17:50:00";"4";"0";"273";"3,8";"16777216";"2100508";"12,52";"0";"133";"166";"4";"5"
"09.11.2015 17:55:00";"4";"0";"294";"4,1";"16777216";"1966290";"11,72";"1";"139";"166";"26";"6"
"09.11.2015 18:00:00";"4";"0";"337";"4,7";"16777216";"2021655";"12,05";"8";"137";"166";"2";"3"
"09.11.2015 18:05:00";"4";"0";"298";"4,16";"16777216";"2503161";"14,92";"1";"156";"166";"4";"4"
"09.11.2015 18:10:00";"4";"0";"258";"3,6";"16777216";"1999844";"11,92";"0";"113";"166";"2";"3"
"09.11.2015 18:15:00";"4";"0";"255";"3,55";"16777216";"2167616";"12,92";"10";"126";"166";"2";"3"
"09.11.2015 18:20:00";"4";"0";"296";"4,12";"16777216";"2222981";"13,25";"3";"145";"166";"4";"5"
"09.11.2015 18:25:00";"4";"0";"246";"3,42";"16777216";"1978034";"11,79";"2";"123";"166";"2";"3"
"09.11.2015 18:30:00";"4";"0";"259";"3,61";"16777216";"1910925";"11,39";"0";"131";"166";"2";"3"
"09.11.2015 18:35:00";"4";"0";"334";"4,65";"16777216";"1877370";"11,19";"0";"146";"166";"54";"55"
"09.11.2015 18:40:00";"4";"0";"321";"4,47";"16777216";"1709598";"10,19";"0";"105";"166";"54";"56"
"09.11.2015 18:45:00";"4";"0";"259";"3,61";"16777216";"2145806";"12,79";"2";"118";"166";"14";"16"
"09.11.2015 18:50:00";"4";"0";"302";"4,21";"16777216";"1743153";"10,39";"0";"185";"166";"49";"18"
"09.11.2015 18:55:00";"4";"0";"258";"3,59";"16777216";"1608935";"9,59";"0";"104";"166";"19";"22"
"09.11.2015 19:00:00";"4";"0";"309";"4,31";"16777216";"1843816";"10,99";"2";"142";"166";"16";"19"
"09.11.2015 19:05:00";"4";"0";"286";"3,98";"16777216";"3174249";"18,92";"1";"154";"166";"11";"13"
"09.11.2015 19:10:00";"4";"0";"272";"3,79";"16777216";"2280024";"13,59";"0";"128";"166";"17";"20"
"09.11.2015 19:15:00";"4";"0";"266";"3,71";"16777216";"1877370";"11,19";"0";"131";"166";"20";"22"
"09.11.2015 19:20:00";"4";"0";"308";"4,3";"16777216";"1776707";"10,59";"0";"136";"166";"30";"34"
"09.11.2015 19:25:00";"4";"0";"253";"3,53";"16777216";"1776707";"10,59";"0";"98";"166";"16";"18"
"09.11.2015 19:30:00";"4";"0";"296";"4,12";"16777216";"1877370";"11,19";"0";"121";"166";"35";"41"
"09.11.2015 19:35:00";"4";"0";"286";"3,98";"16777216";"1954546";"11,65";"1";"150";"166";"10";"11"
"09.11.2015 19:40:00";"4";"0";"257";"3,58";"16777216";"2414241";"14,39";"0";"129";"166";"6";"7"
"09.11.2015 19:45:00";"4";"0";"328";"4,57";"16777216";"1743153";"10,39";"1";"170";"166";"37";"18"
"09.11.2015 19:50:00";"4";"0";"309";"4,31";"16777216";"1853882";"11,05";"0";"143";"166";"26";"29"
"09.11.2015 19:55:00";"4";"0";"263";"3,67";"16777216";"2414241";"14,39";"0";"102";"166";"24";"27"
"09.11.2015 20:00:00";"4";"0";"747";"10,41";"16777216";"3162505";"18,85";"3938";"495";"166";"8";"10"
"09.11.2015 20:05:00";"4";"0";"859";"11,96";"16777216";"5736130";"34,19";"89947";"1257";"166";"47";"6275"
"09.11.2015 20:10:00";"4";"0";"336";"4,69";"16777216";"5132150";"30,59";"172";"192";"166";"44";"65"
"09.11.2015 20:15:00";"4";"0";"260";"3,63";"16777216";"3073586";"18,32";"8";"133";"166";"10";"11"
"09.11.2015 20:20:00";"4";"0";"308";"4,29";"16777216";"2380687";"14,19";"445";"152";"166";"12";"12"
"09.11.2015 20:25:00";"4";"0";"240";"3,34";"16777216";"2323644";"13,85";"4";"123";"166";"2";"3"
"09.11.2015 20:30:00";"4";"0";"249";"3,47";"16777216";"1697854";"10,12";"3";"118";"166";"2";"3"
"09.11.2015 20:35:00";"4";"0";"276";"3,85";"16777216";"2078697";"12,39";"6";"143";"166";"5";"6"
"09.11.2015 20:40:00";"4";"0";"298";"4,16";"16777216";"1764963";"10,52";"18";"122";"166";"3";"4"
"09.11.2015 20:45:00";"4";"0";"328";"4,56";"16777216";"2436052";"14,52";"10";"174";"166";"33";"13"
"09.11.2015 20:50:00";"4";"0";"298";"4,15";"16777216";"2033399";"12,12";"5";"136";"166";"22";"23"
"09.11.2015 20:55:00";"4";"0";"252";"3,51";"16777216";"2021655";"12,05";"3";"102";"166";"15";"16"
"09.11.2015 21:00:00";"4";"0";"263";"3,66";"16777216";"1686110";"10,05";"5";"119";"166";"5";"6"
"09.11.2015 21:05:00";"4";"0";"374";"5,21";"16777216";"3095396";"18,45";"8";"438";"166";"48";"109"
"09.11.2015 21:10:00";"4";"0";"245";"3,41";"16777216";"2491417";"14,85";"0";"122";"166";"9";"10"
"09.11.2015 21:15:00";"4";"0";"247";"3,45";"16777216";"2424308";"14,45";"0";"118";"166";"8";"7"
"09.11.2015 21:20:00";"4";"0";"291";"4,05";"16777216";"1853882";"11,05";"7";"146";"166";"17";"18"
"09.11.2015 21:25:00";"4";"0";"250";"3,48";"16777216";"1686110";"10,05";"0";"107";"166";"5";"6"
"09.11.2015 21:30:00";"4";"0";"252";"3,51";"16777216";"1798518";"10,72";"1";"118";"166";"4";"6"
"09.11.2015 21:35:00";"4";"0";"302";"4,2";"16777216";"1877370";"11,19";"1";"148";"166";"24";"24"
"09.11.2015 21:40:00";"4";"0";"281";"3,91";"16777216";"1786773";"10,65";"1";"115";"166";"23";"24"
"09.11.2015 21:45:00";"4";"0";"344";"4,79";"16777216";"2457862";"14,65";"5";"171";"166";"47";"27"
"09.11.2015 21:50:00";"4";"0";"283";"3,94";"16777216";"2414241";"14,39";"0";"131";"166";"20";"22"
"09.11.2015 21:55:00";"4";"0";"248";"3,45";"16777216";"2380687";"14,19";"1";"96";"166";"12";"13"
"09.11.2015 22:00:00";"4";"0";"331";"4,61";"16777216";"2201171";"13,12";"63";"135";"166";"6";"6"
"09.11.2015 22:05:00";"4";"0";"821";"11,44";"16777216";"4226181";"25,19";"1798";"375";"166";"14";"15"
"09.11.2015 22:10:00";"4";"0";"274";"3,81";"16777216";"3655756";"21,79";"1";"311";"166";"23";"22"
"09.11.2015 22:15:00";"4";"0";"292";"4,07";"16777216";"2167616";"12,92";"1";"120";"166";"25";"29"
"09.11.2015 22:20:00";"4";"0";"355";"4,95";"16777216";"2457862";"14,65";"5";"157";"166";"15";"17"
"09.11.2015 22:25:00";"4";"0";"272";"3,79";"16777216";"3006477";"17,92";"4";"141";"166";"3";"4"
"09.11.2015 22:30:00";"4";"0";"279";"3,89";"16777216";"2335388";"13,92";"3";"134";"166";"2";"3"
"09.11.2015 22:35:00";"4";"0";"288";"4,02";"16777216";"2078697";"12,39";"4";"151";"166";"6";"6"
"09.11.2015 22:40:00";"4";"0";"325";"4,53";"16777216";"2155872";"12,85";"17";"156";"166";"29";"9"
"09.11.2015 22:45:00";"4";"0";"318";"4,43";"16777216";"1832072";"10,92";"6";"127";"166";"3";"4"
"09.11.2015 22:50:00";"4";"0";"285";"3,97";"16777216";"2424308";"14,45";"4";"140";"166";"4";"5"
"09.11.2015 22:55:00";"4";"0";"252";"3,51";"16777216";"2402497";"14,32";"5";"99";"166";"2";"3"
"09.11.2015 23:00:00";"4";"0";"273";"3,81";"16777216";"1709598";"10,19";"4";"125";"166";"2";"3"
"09.11.2015 23:05:00";"4";"0";"305";"4,25";"16777216";"2603824";"15,52";"12";"156";"166";"4";"4"
"09.11.2015 23:10:00";"4";"0";"239";"3,34";"16777216";"2167616";"12,92";"17";"116";"166";"2";"3"
"09.11.2015 23:15:00";"4";"0";"269";"3,75";"16777216";"2021655";"12,05";"3";"119";"166";"2";"3"
"09.11.2015 23:20:00";"4";"0";"276";"3,85";"16777216";"1810262";"10,79";"4";"140";"166";"4";"5"
"09.11.2015 23:25:00";"4";"0";"246";"3,43";"16777216";"2021655";"12,05";"3";"105";"166";"1";"3"
"09.11.2015 23:30:00";"4";"0";"273";"3,81";"16777216";"1999844";"11,92";"2";"127";"166";"2";"3"
"09.11.2015 23:35:00";"4";"0";"274";"3,82";"16777216";"1630745";"9,72";"5";"145";"166";"4";"5"
"09.11.2015 23:40:00";"4";"0";"302";"4,21";"16777216";"1944479";"11,59";"5";"123";"166";"2";"3"
"09.11.2015 23:45:00";"4";"0";"285";"3,98";"16777216";"1619001";"9,65";"4";"134";"166";"5";"4"
"09.11.2015 23:50:00";"4";"0";"331";"4,6";"16777216";"2335388";"13,92";"5";"184";"166";"27";"8"
"09.11.2015 23:55:00";"4";"0";"238";"3,31";"16777216";"2011588";"11,99";"6";"100";"166";"2";"2"
"10.11.2015 00:00:00";"4";"0";"368";"5,13";"16777216";"2469606";"14,72";"69";"203";"166";"2";"3"
"10.11.2015 00:05:00";"4";"0";"464";"6,47";"16777216";"3476239";"20,72";"51";"415";"166";"33";"6"
"10.11.2015 00:10:00";"4";"0";"259";"3,61";"16777216";"2738042";"16,32";"71";"377";"166";"2";"3"
"10.11.2015 00:15:00";"4";"0";"265";"3,7";"16777216";"2100508";"12,52";"11";"102";"166";"2";"3"
"10.11.2015 00:20:00";"4";"0";"282";"3,93";"16777216";"1999844";"11,92";"8";"98";"166";"4";"5"
"10.11.2015 00:25:00";"4";"0";"237";"3,3";"16777216";"2256536";"13,45";"6";"74";"166";"2";"3"
"10.11.2015 00:30:00";"4";"0";"252";"3,51";"16777216";"1843816";"10,99";"7";"79";"166";"2";"3"
"10.11.2015 00:35:00";"4";"0";"841";"11,71";"16777216";"3800039";"22,65";"7467";"781";"166";"65";"2502"
"10.11.2015 00:40:00";"4";"0";"248";"3,45";"16777216";"3823528";"22,79";"8";"89";"166";"2";"3"
"10.11.2015 00:45:00";"4";"0";"253";"3,52";"16777216";"2155872";"12,85";"14";"85";"166";"2";"3"
"10.11.2015 00:50:00";"4";"0";"275";"3,83";"16777216";"2078697";"12,39";"551";"86";"166";"4";"5"
"10.11.2015 00:55:00";"4";"0";"235";"3,27";"16777216";"1719665";"10,25";"7";"73";"166";"2";"3"
"10.11.2015 01:00:00";"4";"0";"263";"3,67";"16777216";"2368943";"14,12";"10";"80";"166";"2";"3"
"10.11.2015 01:05:00";"4";"0";"656";"9,14";"16777216";"3207804";"19,12";"553";"1558";"166";"44";"473"
"10.11.2015 01:10:00";"4";"0";"256";"3,57";"16777216";"2805150";"16,72";"22";"135";"166";"2";"3"
"10.11.2015 01:15:00";"4";"0";"256";"3,57";"16777216";"2033399";"12,12";"47";"87";"166";"2";"3"
"10.11.2015 01:20:00";"4";"0";"288";"4,02";"16777216";"2155872";"12,85";"576";"91";"166";"4";"5"
"10.11.2015 01:25:00";"4";"0";"256";"3,56";"16777216";"2078697";"12,39";"10";"77";"166";"2";"3"
"10.11.2015 01:30:00";"4";"0";"263";"3,67";"16777216";"1563636";"9,32";"9";"84";"166";"2";"3"
"10.11.2015 01:35:00";"4";"0";"279";"3,9";"16777216";"2033399";"12,12";"17";"95";"166";"4";"5"
"10.11.2015 01:40:00";"4";"0";"252";"3,51";"16777216";"1944479";"11,59";"9";"100";"166";"2";"3"
"10.11.2015 01:45:00";"4";"0";"266";"3,7";"16777216";"2100508";"12,52";"30";"96";"166";"3";"3"
"10.11.2015 01:50:00";"4";"0";"276";"3,85";"16777216";"1920991";"11,45";"7";"95";"166";"4";"5"
"10.11.2015 01:55:00";"4";"0";"253";"3,53";"16777216";"2201171";"13,12";"7";"90";"166";"5";"3"
"10.11.2015 02:00:00";"4";"0";"503";"7,01";"16777216";"2558525";"15,25";"667";"598";"166";"24";"6"
"10.11.2015 02:05:00";"4";"0";"312";"4,35";"16777216";"3028287";"18,05";"80";"308";"166";"4";"4"
"10.11.2015 02:10:00";"4";"0";"232";"3,24";"16777216";"2481350";"14,79";"8";"99";"166";"2";"3"
"10.11.2015 02:15:00";"4";"0";"263";"3,66";"16777216";"1910925";"11,39";"33";"90";"166";"2";"3"
"10.11.2015 02:20:00";"4";"0";"265";"3,69";"16777216";"1642489";"9,79";"12";"99";"166";"4";"4"
"10.11.2015 02:25:00";"4";"0";"231";"3,22";"16777216";"1877370";"11,19";"10";"75";"166";"2";"3"
"10.11.2015 02:30:00";"4";"0";"247";"3,44";"16777216";"1508272";"8,99";"9";"85";"166";"2";"3"
"10.11.2015 02:35:00";"4";"0";"280";"3,91";"16777216";"2414241";"14,39";"55";"111";"166";"4";"5"
"10.11.2015 02:40:00";"4";"0";"281";"3,92";"16777216";"1944479";"11,59";"16";"93";"166";"3";"4"
"10.11.2015 02:45:00";"4";"0";"241";"3,36";"16777216";"1575381";"9,39";"7";"82";"166";"2";"3"
"10.11.2015 02:50:00";"4";"0";"263";"3,66";"16777216";"1910925";"11,39";"8";"87";"166";"4";"5"
"10.11.2015 02:55:00";"4";"0";"228";"3,18";"16777216";"1575381";"9,39";"8";"79";"166";"2";"3"
"10.11.2015 03:00:00";"4";"0";"255";"3,56";"16777216";"1877370";"11,19";"11";"89";"166";"2";"3"
"10.11.2015 03:05:00";"4";"0";"523";"7,29";"16777216";"2917558";"17,39";"52";"355";"166";"4";"4"
"10.11.2015 03:10:00";"4";"0";"235";"3,28";"16777216";"2246469";"13,39";"9";"256";"166";"2";"3"
"10.11.2015 03:15:00";"4";"0";"260";"3,63";"16777216";"2347132";"13,99";"119";"135";"166";"2";"3"
"10.11.2015 03:20:00";"4";"0";"325";"4,53";"16777216";"2212915";"13,19";"19";"117";"166";"4";"4"
"10.11.2015 03:25:00";"4";"0";"230";"3,21";"16777216";"1944479";"11,59";"7";"98";"166";"2";"3"
"10.11.2015 03:30:00";"4";"0";"244";"3,4";"16777216";"1843816";"10,99";"8";"84";"166";"2";"3"
"10.11.2015 03:35:00";"4";"0";"270";"3,77";"16777216";"1988100";"11,85";"12";"96";"166";"4";"5"
"10.11.2015 03:40:00";"4";"0";"245";"3,42";"16777216";"2179360";"12,99";"9";"87";"166";"2";"3"
"10.11.2015 03:45:00";"4";"0";"249";"3,46";"16777216";"1731409";"10,32";"7";"88";"166";"2";"3"
"10.11.2015 03:50:00";"4";"0";"264";"3,68";"16777216";"1764963";"10,52";"7";"100";"166";"4";"5"
"10.11.2015 03:55:00";"4";"0";"299";"4,16";"16777216";"2011588";"11,99";"10";"135";"166";"22";"6"
"10.11.2015 04:00:00";"4";"0";"343";"4,78";"16777216";"2021655";"12,05";"130";"134";"166";"6";"4"
"10.11.2015 04:05:00";"4";"0";"343";"4,79";"16777216";"3118884";"18,59";"166";"182";"166";"4";"4"
"10.11.2015 04:10:00";"4";"0";"241";"3,35";"16777216";"1954546";"11,65";"24";"156";"166";"2";"3"
"10.11.2015 04:15:00";"4";"0";"280";"3,91";"16777216";"1820328";"10,85";"28";"107";"166";"2";"3"
"10.11.2015 04:20:00";"4";"0";"271";"3,77";"16777216";"2033399";"12,12";"19";"125";"166";"4";"5"
"10.11.2015 04:25:00";"4";"0";"286";"3,99";"16777216";"2122318";"12,65";"14";"107";"166";"2";"3"
"10.11.2015 04:30:00";"4";"0";"249";"3,47";"16777216";"2380687";"14,19";"7";"118";"166";"2";"3"
"10.11.2015 04:35:00";"4";"0";"345";"4,81";"16777216";"1899181";"11,32";"15";"157";"166";"27";"10"
"10.11.2015 04:40:00";"4";"0";"259";"3,6";"16777216";"1697854";"10,12";"7";"98";"166";"10";"10"
"10.11.2015 04:45:00";"4";"0";"332";"4,63";"16777216";"2301834";"13,72";"10";"136";"166";"35";"16"
"10.11.2015 04:50:00";"4";"0";"292";"4,07";"16777216";"1966290";"11,72";"9";"103";"166";"17";"17"
"10.11.2015 04:55:00";"4";"0";"281";"3,91";"16777216";"2088763";"12,45";"9";"126";"166";"31";"18"
"10.11.2015 05:00:00";"4";"0";"337";"4,69";"16777216";"1899181";"11,32";"17";"124";"166";"13";"6"
"10.11.2015 05:05:00";"4";"0";"528";"7,35";"16777216";"3699376";"22,05";"116";"1606";"166";"44";"478"
"10.11.2015 05:10:00";"4";"0";"247";"3,44";"16777216";"3420874";"20,39";"67";"131";"166";"2";"3"
"10.11.2015 05:15:00";"4";"0";"242";"3,38";"16777216";"2234725";"13,32";"12";"114";"166";"2";"3"
"10.11.2015 05:20:00";"4";"0";"269";"3,76";"16777216";"1988100";"11,85";"80";"103";"166";"4";"5"
"10.11.2015 05:25:00";"4";"0";"241";"3,36";"16777216";"2201171";"13,12";"7";"90";"166";"2";"3"
"10.11.2015 05:30:00";"4";"0";"246";"3,43";"16777216";"1709598";"10,19";"8";"100";"166";"2";"3"
"10.11.2015 05:35:00";"4";"0";"275";"3,83";"16777216";"2222981";"13,25";"36";"125";"166";"4";"5"
"10.11.2015 05:40:00";"4";"0";"281";"3,92";"16777216";"2033399";"12,12";"40";"105";"166";"2";"3"
"10.11.2015 05:45:00";"4";"0";"315";"4,39";"16777216";"1954546";"11,65";"11";"139";"166";"27";"7"
"10.11.2015 05:50:00";"4";"0";"267";"3,73";"16777216";"1954546";"11,65";"8";"93";"166";"4";"5"
"10.11.2015 05:55:00";"4";"0";"264";"3,67";"16777216";"2268280";"13,52";"22";"101";"166";"2";"3"
"10.11.2015 06:00:00";"4";"0";"391";"5,45";"16777216";"2716231";"16,19";"621";"231";"166";"2";"3"
"10.11.2015 06:05:00";"4";"0";"724";"10,09";"16777216";"3811783";"22,72";"80077";"463";"166";"13";"1598"
"10.11.2015 06:10:00";"4";"0";"373";"5,2";"16777216";"5971011";"35,59";"10779";"150";"166";"40";"103"
"10.11.2015 06:15:00";"4";"0";"242";"3,37";"16777216";"2951112";"17,59";"14";"115";"166";"2";"3"
"10.11.2015 06:20:00";"4";"0";"268";"3,73";"16777216";"2246469";"13,39";"16";"98";"166";"4";"5"
"10.11.2015 06:25:00";"4";"0";"228";"3,18";"16777216";"2045143";"12,19";"7";"82";"166";"2";"3"
"10.11.2015 06:30:00";"4";"0";"242";"3,38";"16777216";"2011588";"11,99";"9";"88";"166";"2";"3"
"10.11.2015 06:35:00";"4";"0";"285";"3,97";"16777216";"1910925";"11,39";"13";"117";"166";"6";"6"
"10.11.2015 06:40:00";"4";"0";"258";"3,6";"16777216";"1978034";"11,79";"8";"101";"166";"3";"4"
"10.11.2015 06:45:00";"4";"0";"320";"4,45";"16777216";"2481350";"14,79";"16";"166";"166";"27";"7"
"10.11.2015 06:50:00";"4";"0";"266";"3,71";"16777216";"2313578";"13,79";"9";"104";"166";"4";"5"
"10.11.2015 06:55:00";"4";"0";"229";"3,2";"16777216";"2447796";"14,59";"8";"81";"166";"2";"3"
"10.11.2015 07:00:00";"4";"0";"254";"3,54";"16777216";"1877370";"11,19";"10";"89";"166";"2";"3"
"10.11.2015 07:05:00";"4";"0";"271";"3,78";"16777216";"2457862";"14,65";"44";"122";"166";"4";"4"
"10.11.2015 07:10:00";"4";"0";"233";"3,25";"16777216";"2280024";"13,59";"7";"107";"166";"2";"3"
"10.11.2015 07:15:00";"4";"0";"244";"3,39";"16777216";"2222981";"13,25";"18";"88";"166";"2";"3"
"10.11.2015 07:20:00";"4";"0";"271";"3,78";"16777216";"2145806";"12,79";"11";"115";"166";"4";"5"
"10.11.2015 07:25:00";"4";"0";"225";"3,13";"16777216";"1810262";"10,79";"6";"86";"166";"2";"3"
"10.11.2015 07:30:00";"4";"0";"255";"3,55";"16777216";"1810262";"10,79";"10";"99";"166";"2";"3"
"10.11.2015 07:35:00";"4";"0";"275";"3,84";"16777216";"1910925";"11,39";"13";"125";"166";"4";"5"
"10.11.2015 07:40:00";"4";"0";"246";"3,42";"16777216";"1944479";"11,59";"6";"117";"166";"2";"3"
"10.11.2015 07:45:00";"4";"0";"276";"3,84";"16777216";"1944479";"11,59";"11";"119";"166";"18";"5"
"10.11.2015 07:50:00";"4";"0";"308";"4,29";"16777216";"2145806";"12,79";"12";"128";"166";"13";"6"
"10.11.2015 07:55:00";"4";"0";"228";"3,17";"16777216";"2011588";"11,99";"9";"84";"166";"2";"3"
"10.11.2015 08:00:00";"4";"0";"323";"4,51";"16777216";"1978034";"11,79";"72";"132";"166";"2";"3"
"10.11.2015 08:05:00";"4";"0";"294";"4,1";"16777216";"3073586";"18,32";"27";"143";"166";"4";"4"
"10.11.2015 08:10:00";"4";"0";"413";"5,76";"16777216";"3040032";"18,12";"245";"125";"166";"4";"11"
"10.11.2015 08:15:00";"4";"0";"333";"4,63";"16777216";"2246469";"13,39";"135";"132";"166";"3";"9"
"10.11.2015 08:20:00";"4";"0";"282";"3,93";"16777216";"2682677";"15,99";"26";"131";"166";"4";"5"
"10.11.2015 08:25:00";"4";"0";"336";"4,69";"16777216";"2268280";"13,52";"341";"562";"166";"2";"3"
"10.11.2015 08:30:00";"4";"0";"257";"3,58";"16777216";"2256536";"13,45";"10";"554";"166";"2";"3"
"10.11.2015 08:35:00";"4";"0";"269";"3,74";"16777216";"2390753";"14,25";"8";"124";"166";"4";"5"
"10.11.2015 08:40:00";"4";"0";"291";"4,06";"16777216";"1731409";"10,32";"16";"101";"166";"2";"3"
"10.11.2015 08:45:00";"4";"0";"320";"4,46";"16777216";"1843816";"10,99";"12";"147";"166";"27";"7"
"10.11.2015 08:50:00";"4";"0";"273";"3,8";"16777216";"2491417";"14,85";"1107";"116";"166";"4";"5"
"10.11.2015 08:55:00";"4";"0";"229";"3,2";"16777216";"2357199";"14,05";"10";"86";"166";"2";"3"
"10.11.2015 09:00:00";"4";"0";"254";"3,54";"16777216";"2301834";"13,72";"8";"95";"166";"2";"3"
"10.11.2015 09:05:00";"4";"0";"473";"6,59";"16777216";"3353765";"19,99";"16";"1248";"166";"43";"365"
"10.11.2015 09:10:00";"4";"0";"232";"3,23";"16777216";"2961179";"17,65";"0";"115";"166";"2";"3"
"10.11.2015 09:15:00";"4";"0";"251";"3,5";"16777216";"2134062";"12,72";"0";"107";"166";"2";"3"
"10.11.2015 09:20:00";"4";"0";"283";"3,94";"16777216";"2066953";"12,32";"0";"138";"166";"4";"5"
"10.11.2015 09:25:00";"4";"0";"241";"3,36";"16777216";"1764963";"10,52";"1";"98";"166";"2";"3"
"10.11.2015 09:30:00";"4";"0";"255";"3,55";"16777216";"1865626";"11,12";"1";"113";"166";"2";"3"
"10.11.2015 09:35:00";"4";"0";"283";"3,94";"16777216";"2615568";"15,59";"0";"148";"166";"4";"5"
"10.11.2015 09:40:00";"4";"0";"251";"3,5";"16777216";"2066953";"12,32";"4";"118";"166";"2";"3"
"10.11.2015 09:45:00";"4";"0";"314";"4,37";"16777216";"1764963";"10,52";"1";"156";"166";"25";"7"
"10.11.2015 09:50:00";"4";"0";"294";"4,09";"16777216";"2357199";"14,05";"3";"151";"166";"6";"5"
"10.11.2015 09:55:00";"4";"0";"230";"3,2";"16777216";"1865626";"11,12";"0";"104";"166";"2";"3"
"10.11.2015 10:00:00";"4";"0";"401";"5,58";"16777216";"2234725";"13,32";"524";"234";"166";"2";"3"
"10.11.2015 10:05:00";"4";"0";"309";"4,3";"16777216";"2826961";"16,85";"12";"189";"166";"4";"4"
"10.11.2015 10:10:00";"4";"0";"314";"4,38";"16777216";"2268280";"13,52";"31";"111";"166";"2";"8"
"10.11.2015 10:15:00";"4";"0";"249";"3,47";"16777216";"2313578";"13,79";"31";"122";"166";"2";"3"
"10.11.2015 10:20:00";"4";"0";"513";"7,14";"16777216";"2582014";"15,39";"46";"127";"166";"4";"5"
"10.11.2015 10:25:00";"4";"0";"224";"3,12";"16777216";"2268280";"13,52";"6";"86";"166";"2";"3"
"10.11.2015 10:30:00";"4";"0";"259";"3,61";"16777216";"1910925";"11,39";"11";"113";"166";"2";"3"
"10.11.2015 10:35:00";"4";"0";"253";"3,52";"16777216";"1753219";"10,45";"10";"125";"166";"3";"4"
"10.11.2015 10:40:00";"4";"0";"246";"3,44";"16777216";"1865626";"11,12";"13";"90";"166";"2";"4"
"10.11.2015 10:45:00";"4";"0";"237";"3,3";"16777216";"1843816";"10,99";"10";"101";"166";"2";"3"
"10.11.2015 10:50:00";"4";"0";"264";"3,68";"16777216";"1697854";"10,12";"8";"110";"166";"4";"5"
"10.11.2015 10:55:00";"4";"0";"229";"3,19";"16777216";"1551892";"9,25";"9";"84";"166";"2";"2"
"10.11.2015 11:00:00";"4";"0";"283";"3,94";"16777216";"1999844";"11,92";"15";"132";"166";"2";"3"
"10.11.2015 11:05:00";"4";"0";"299";"4,17";"16777216";"3107140";"18,52";"30";"160";"166";"4";"6"
"10.11.2015 11:10:00";"4";"0";"263";"3,66";"16777216";"2222981";"13,25";"12";"141";"166";"2";"3"
"10.11.2015 11:15:00";"4";"0";"276";"3,85";"16777216";"1619001";"9,65";"16";"152";"166";"2";"3"
"10.11.2015 11:20:00";"4";"0";"293";"4,09";"16777216";"2088763";"12,45";"11";"158";"166";"4";"5"
"10.11.2015 11:25:00";"4";"0";"227";"3,16";"16777216";"2155872";"12,85";"7";"97";"166";"2";"3"
"10.11.2015 11:30:00";"4";"0";"246";"3,43";"16777216";"1954546";"11,65";"7";"100";"166";"2";"3"
"10.11.2015 11:35:00";"4";"0";"267";"3,72";"16777216";"1944479";"11,59";"9";"129";"166";"4";"5"
"10.11.2015 11:40:00";"4";"0";"299";"4,16";"16777216";"2045143";"12,19";"18";"124";"166";"3";"5"
"10.11.2015 11:45:00";"4";"0";"258";"3,6";"16777216";"2390753";"14,25";"9";"131";"166";"3";"3"
"10.11.2015 11:50:00";"4";"0";"335";"4,67";"16777216";"2134062";"12,72";"10";"174";"166";"29";"9"
"10.11.2015 11:55:00";"4";"0";"230";"3,21";"16777216";"2011588";"11,99";"11";"98";"166";"2";"3"
"10.11.2015 12:00:00";"4";"0";"377";"5,26";"16777216";"2033399";"12,12";"17";"137";"166";"2";"3"
"10.11.2015 12:05:00";"4";"0";"1344";"18,72";"16777216";"3756419";"22,39";"75";"1069";"166";"26";"9"
"10.11.2015 12:10:00";"4";"0";"268";"3,73";"16777216";"3253102";"19,39";"11";"1165";"166";"2";"3"
"10.11.2015 12:15:00";"4";"0";"274";"3,82";"16777216";"2078697";"12,39";"24";"141";"166";"2";"3"
"10.11.2015 12:20:00";"4";"0";"297";"4,15";"16777216";"2045143";"12,19";"17";"166";"166";"4";"5"
"10.11.2015 12:25:00";"4";"0";"374";"5,22";"16777216";"1944479";"11,59";"20";"149";"166";"262";"75"
"10.11.2015 12:30:00";"4";"0";"270";"3,76";"16777216";"2649122";"15,79";"52";"137";"166";"44";"12"
"10.11.2015 12:35:00";"4";"0";"294";"4,1";"16777216";"2491417";"14,85";"19";"154";"166";"4";"5"
"10.11.2015 12:40:00";"4";"0";"258";"3,6";"16777216";"2201171";"13,12";"9";"123";"166";"2";"3"
"10.11.2015 12:45:00";"4";"0";"316";"4,41";"16777216";"2155872";"12,85";"11";"173";"166";"27";"7"
"10.11.2015 12:50:00";"4";"0";"271";"3,77";"16777216";"2256536";"13,45";"9";"128";"166";"4";"4"
"10.11.2015 12:55:00";"4";"0";"230";"3,2";"16777216";"1899181";"11,32";"14";"96";"166";"2";"3"
"10.11.2015 13:00:00";"4";"0";"257";"3,58";"16777216";"1642489";"9,79";"8";"112";"166";"2";"4"
"10.11.2015 13:05:00";"4";"0";"564";"7,85";"16777216";"3722864";"22,19";"61";"2083";"166";"45";"561"
"10.11.2015 13:10:00";"4";"0";"245";"3,42";"16777216";"2783340";"16,59";"9";"125";"166";"2";"3"
"10.11.2015 13:15:00";"4";"0";"262";"3,65";"16777216";"2380687";"14,19";"10";"125";"166";"2";"3"
"10.11.2015 13:20:00";"4";"0";"280";"3,91";"16777216";"2447796";"14,59";"9";"142";"166";"4";"5"
"10.11.2015 13:25:00";"4";"0";"246";"3,43";"16777216";"2682677";"15,99";"7";"97";"166";"2";"2"
"10.11.2015 13:30:00";"4";"0";"309";"4,3";"16777216";"1944479";"11,59";"19";"144";"166";"2";"3"
"10.11.2015 13:35:00";"4";"0";"288";"4,01";"16777216";"1810262";"10,79";"13";"169";"166";"4";"5"
"10.11.2015 13:40:00";"4";"0";"254";"3,54";"16777216";"2246469";"13,39";"9";"128";"166";"3";"3"
"10.11.2015 13:45:00";"4";"0";"323";"4,5";"16777216";"2011588";"11,99";"17";"165";"166";"27";"7"
"10.11.2015 13:50:00";"4";"0";"267";"3,73";"16777216";"2078697";"12,39";"9";"120";"166";"4";"5"
"10.11.2015 13:55:00";"4";"0";"249";"3,47";"16777216";"2078697";"12,39";"15";"100";"166";"2";"2"
"10.11.2015 14:00:00";"4";"0";"413";"5,76";"16777216";"2167616";"12,92";"23";"190";"166";"2";"3"
"10.11.2015 14:05:00";"4";"0";"294";"4,1";"16777216";"3286657";"19,59";"8";"172";"166";"4";"4"
"10.11.2015 14:10:00";"4";"0";"265";"3,69";"16777216";"2347132";"13,99";"11";"121";"166";"2";"3"
"10.11.2015 14:15:00";"4";"0";"266";"3,71";"16777216";"2112252";"12,59";"9";"127";"166";"2";"3"
"10.11.2015 14:20:00";"4";"0";"282";"3,93";"16777216";"1832072";"10,92";"10";"139";"166";"4";"5"
"10.11.2015 14:25:00";"4";"0";"258";"3,6";"16777216";"2088763";"12,45";"13";"129";"166";"2";"3"
"10.11.2015 14:30:00";"4";"0";"301";"4,2";"16777216";"1619001";"9,65";"21";"160";"166";"2";"3"
"10.11.2015 14:35:00";"4";"0";"276";"3,85";"16777216";"2268280";"13,52";"9";"165";"166";"4";"5"
"10.11.2015 14:40:00";"4";"0";"377";"5,25";"16777216";"2222981";"13,25";"196";"108";"166";"2";"3"
"10.11.2015 14:45:00";"4";"0";"330";"4,6";"16777216";"3509794";"20,92";"12";"168";"166";"25";"7"
"10.11.2015 14:50:00";"4";"0";"269";"3,75";"16777216";"2402497";"14,32";"7";"140";"166";"6";"5"
"10.11.2015 14:55:00";"4";"0";"234";"3,27";"16777216";"2179360";"12,99";"7";"86";"166";"2";"3"
"10.11.2015 15:00:00";"4";"0";"259";"3,61";"16777216";"1832072";"10,92";"9";"118";"166";"2";"3"
"10.11.2015 15:05:00";"4";"0";"292";"4,06";"16777216";"3097074";"18,46";"11";"147";"166";"4";"4"
"10.11.2015 15:10:00";"4";"0";"230";"3,21";"16777216";"2234725";"13,32";"7";"112";"166";"2";"3"
"10.11.2015 15:15:00";"4";"0";"260";"3,63";"16777216";"2011588";"11,99";"10";"112";"166";"2";"3"
"10.11.2015 15:20:00";"4";"0";"261";"3,63";"16777216";"2222981";"13,25";"8";"135";"166";"4";"5"
"10.11.2015 15:25:00";"4";"0";"365";"5,09";"16777216";"1597191";"9,52";"325";"111";"166";"2";"3"
"10.11.2015 15:30:00";"4";"0";"281";"3,92";"16777216";"2234725";"13,32";"13";"152";"166";"2";"3"
"10.11.2015 15:35:00";"4";"0";"280";"3,9";"16777216";"1920991";"11,45";"9";"155";"166";"4";"5"
"10.11.2015 15:40:00";"4";"0";"267";"3,72";"16777216";"2469606";"14,72";"9";"124";"166";"3";"3"
"10.11.2015 15:45:00";"4";"0";"335";"4,67";"16777216";"1920991";"11,45";"13";"186";"166";"27";"7"
"10.11.2015 15:50:00";"4";"0";"261";"3,64";"16777216";"2268280";"13,52";"7";"138";"166";"4";"5"
"10.11.2015 15:55:00";"4";"0";"255";"3,55";"16777216";"2155872";"12,85";"10";"122";"166";"2";"3"
"10.11.2015 16:00:00";"4";"0";"386";"5,38";"16777216";"2155872";"12,85";"16";"163";"166";"2";"3"
"10.11.2015 16:05:00";"4";"0";"286";"3,99";"16777216";"2615568";"15,59";"8";"165";"166";"4";"4"
"10.11.2015 16:10:00";"4";"0";"243";"3,39";"16777216";"2033399";"12,12";"9";"122";"166";"2";"3"
"10.11.2015 16:15:00";"4";"0";"258";"3,59";"16777216";"1988100";"11,85";"14";"131";"166";"2";"3"
"10.11.2015 16:20:00";"4";"0";"288";"4,01";"16777216";"1978034";"11,79";"12";"156";"166";"4";"5"
"10.11.2015 16:25:00";"4";"0";"235";"3,28";"16777216";"1966290";"11,72";"8";"102";"166";"2";"3"
"10.11.2015 16:30:00";"4";"0";"250";"3,49";"16777216";"1999844";"11,92";"7";"118";"166";"2";"3"
"10.11.2015 16:35:00";"4";"0";"293";"4,08";"16777216";"1764963";"10,52";"13";"150";"166";"4";"5"
"10.11.2015 16:40:00";"4";"0";"254";"3,54";"16777216";"1999844";"11,92";"7";"123";"166";"2";"3"
"10.11.2015 16:45:00";"4";"0";"319";"4,45";"16777216";"1920991";"11,45";"12";"171";"166";"27";"7"
"10.11.2015 16:50:00";"4";"0";"265";"3,7";"16777216";"1954546";"11,65";"8";"133";"166";"4";"5"
"10.11.2015 16:55:00";"4";"0";"224";"3,13";"16777216";"1887437";"11,25";"9";"88";"166";"2";"3"
"10.11.2015 17:00:00";"4";"0";"264";"3,69";"16777216";"1474717";"8,79";"9";"119";"166";"2";"3"
"10.11.2015 17:05:00";"4";"0";"451";"6,28";"16777216";"2927624";"17,45";"34";"1207";"166";"43";"367"
"10.11.2015 17:10:00";"4";"0";"260";"3,63";"16777216";"2548459";"15,19";"0";"129";"166";"2";"3"
"10.11.2015 17:15:00";"4";"0";"240";"3,35";"16777216";"1652556";"9,85";"1";"128";"166";"2";"3"
"10.11.2015 17:20:00";"4";"0";"286";"3,99";"16777216";"1630745";"9,72";"12";"139";"166";"4";"5"
"10.11.2015 17:25:00";"4";"0";"283";"3,95";"16777216";"1877370";"11,19";"2";"142";"166";"2";"3"
"10.11.2015 17:30:00";"4";"0";"275";"3,83";"16777216";"1966290";"11,72";"1";"156";"166";"2";"3"
"10.11.2015 17:35:00";"4";"0";"259";"3,61";"16777216";"1887437";"11,25";"1";"141";"166";"4";"4"
"10.11.2015 17:40:00";"4";"0";"301";"4,2";"16777216";"1719665";"10,25";"2";"117";"166";"2";"3"
"10.11.2015 17:45:00";"4";"0";"258";"3,59";"16777216";"2301834";"13,72";"2";"129";"166";"3";"3"
"10.11.2015 17:50:00";"4";"0";"297";"4,14";"16777216";"2145806";"12,79";"0";"159";"166";"20";"7"
"10.11.2015 17:55:00";"4";"0";"273";"3,81";"16777216";"2615568";"15,59";"0";"115";"166";"11";"5"
"10.11.2015 18:00:00";"4";"0";"446";"6,21";"16777216";"2615568";"15,59";"834";"661";"166";"2";"3"
"10.11.2015 18:05:00";"4";"0";"288";"4,01";"16777216";"3353765";"19,99";"2";"355";"166";"4";"4"
"10.11.2015 18:10:00";"4";"0";"265";"3,69";"16777216";"2682677";"15,99";"2";"116";"166";"2";"3"
"10.11.2015 18:15:00";"4";"0";"251";"3,5";"16777216";"1697854";"10,12";"5";"120";"166";"2";"3"
"10.11.2015 18:20:00";"4";"0";"298";"4,15";"16777216";"1920991";"11,45";"3";"147";"166";"4";"5"
"10.11.2015 18:25:00";"4";"0";"250";"3,49";"16777216";"2514905";"14,99";"7";"137";"166";"2";"3"
"10.11.2015 18:30:00";"4";"0";"259";"3,61";"16777216";"1563636";"9,32";"9";"133";"166";"2";"3"
"10.11.2015 18:35:00";"4";"0";"333";"4,64";"16777216";"1999844";"11,92";"6";"146";"166";"56";"57"
"10.11.2015 18:40:00";"4";"0";"327";"4,56";"16777216";"1988100";"11,85";"1";"106";"166";"59";"61"
"10.11.2015 18:45:00";"4";"0";"255";"3,55";"16777216";"1877370";"11,19";"0";"119";"166";"9";"10"
"10.11.2015 18:50:00";"4";"0";"300";"4,19";"16777216";"1776707";"10,59";"0";"181";"166";"47";"17"
"10.11.2015 18:55:00";"4";"0";"259";"3,61";"16777216";"2179360";"12,99";"0";"97";"166";"19";"22"
"10.11.2015 19:00:00";"4";"0";"307";"4,27";"16777216";"2078697";"12,39";"1";"132";"166";"16";"19"
"10.11.2015 19:05:00";"4";"0";"289";"4,02";"16777216";"2894070";"17,25";"0";"152";"166";"12";"13"
"10.11.2015 19:10:00";"4";"0";"270";"3,77";"16777216";"1843816";"10,99";"0";"125";"166";"18";"21"
"10.11.2015 19:15:00";"4";"0";"274";"3,81";"16777216";"2045143";"12,19";"1";"131";"166";"20";"23"
"10.11.2015 19:20:00";"4";"0";"300";"4,19";"16777216";"1910925";"11,39";"0";"138";"166";"28";"33"
"10.11.2015 19:25:00";"4";"0";"261";"3,63";"16777216";"1887437";"11,25";"1";"100";"166";"18";"21"
"10.11.2015 19:30:00";"4";"0";"295";"4,11";"16777216";"2078697";"12,39";"3";"119";"166";"34";"39"
"10.11.2015 19:35:00";"4";"0";"290";"4,04";"16777216";"1417675";"8,45";"6";"157";"166";"10";"11"
"10.11.2015 19:40:00";"4";"0";"255";"3,56";"16777216";"1776707";"10,59";"7";"131";"166";"6";"7"
"10.11.2015 19:45:00";"4";"0";"329";"4,59";"16777216";"1743153";"10,39";"10";"169";"166";"37";"18"
"10.11.2015 19:50:00";"4";"0";"304";"4,24";"16777216";"1877370";"11,19";"9";"139";"166";"27";"30"
"10.11.2015 19:55:00";"4";"0";"264";"3,68";"16777216";"2414241";"14,39";"7";"105";"166";"23";"26"
"10.11.2015 20:00:00";"4";"0";"715";"9,96";"16777216";"3677566";"21,92";"5395";"472";"166";"8";"10"
"10.11.2015 20:05:00";"4";"0";"827";"11,51";"16777216";"6977644";"41,59";"90494";"1574";"166";"34";"3972"
"10.11.2015 20:10:00";"4";"0";"313";"4,36";"16777216";"5467695";"32,59";"197";"196";"166";"46";"66"
"10.11.2015 20:15:00";"4";"0";"270";"3,76";"16777216";"3085330";"18,39";"5";"142";"166";"10";"11"
"10.11.2015 20:20:00";"4";"0";"298";"4,16";"16777216";"2078697";"12,39";"727";"147";"166";"11";"12"
"10.11.2015 20:25:00";"4";"0";"243";"3,38";"16777216";"1920991";"11,45";"6";"120";"166";"2";"3"
"10.11.2015 20:30:00";"4";"0";"246";"3,43";"16777216";"1843816";"10,99";"3";"114";"166";"2";"3"
"10.11.2015 20:35:00";"4";"0";"284";"3,96";"16777216";"1764963";"10,52";"16";"143";"166";"5";"6"
"10.11.2015 20:40:00";"4";"0";"293";"4,08";"16777216";"1910925";"11,39";"19";"122";"166";"4";"5"
"10.11.2015 20:45:00";"4";"0";"334";"4,65";"16777216";"2088763";"12,45";"10";"169";"166";"39";"21"
"10.11.2015 20:50:00";"4";"0";"293";"4,09";"16777216";"2201171";"13,12";"5";"143";"166";"16";"16"
"10.11.2015 20:55:00";"4";"0";"255";"3,56";"16777216";"1810262";"10,79";"3";"97";"166";"14";"16"
"10.11.2015 21:00:00";"4";"0";"257";"3,59";"16777216";"1764963";"10,52";"5";"116";"166";"8";"9"
"10.11.2015 21:05:00";"4";"0";"377";"5,25";"16777216";"3174249";"18,92";"9";"440";"166";"47";"110"
"10.11.2015 21:10:00";"4";"0";"242";"3,38";"16777216";"2179360";"12,99";"1";"117";"166";"10";"10"
"10.11.2015 21:15:00";"4";"0";"252";"3,51";"16777216";"1865626";"11,12";"1";"115";"166";"6";"7"
"10.11.2015 21:20:00";"4";"0";"289";"4,03";"16777216";"1776707";"10,59";"1";"143";"166";"17";"18"
"10.11.2015 21:25:00";"4";"0";"254";"3,54";"16777216";"2301834";"13,72";"2";"107";"166";"5";"6"
"10.11.2015 21:30:00";"4";"0";"251";"3,5";"16777216";"1743153";"10,39";"2";"120";"166";"5";"6"
"10.11.2015 21:35:00";"4";"0";"311";"4,34";"16777216";"1944479";"11,59";"4";"153";"166";"29";"30"
"10.11.2015 21:40:00";"4";"0";"271";"3,78";"16777216";"1978034";"11,79";"1";"116";"166";"21";"21"
"10.11.2015 21:45:00";"4";"0";"349";"4,86";"16777216";"2045143";"12,19";"9";"172";"166";"47";"27"
"10.11.2015 21:50:00";"4";"0";"284";"3,96";"16777216";"2246469";"13,39";"1";"136";"166";"21";"23"
"10.11.2015 21:55:00";"4";"0";"241";"3,36";"16777216";"1910925";"11,39";"1";"103";"166";"7";"8"
"10.11.2015 22:00:00";"4";"0";"334";"4,66";"16777216";"2212915";"13,19";"78";"146";"166";"8";"8"
"10.11.2015 22:05:00";"4";"0";"1005";"14";"16777216";"5232814";"31,19";"5062";"432";"166";"12";"13"
"10.11.2015 22:10:00";"4";"0";"276";"3,85";"16777216";"4763052";"28,39";"7";"309";"166";"24";"24"
"10.11.2015 22:15:00";"4";"0";"289";"4,03";"16777216";"2380687";"14,19";"7";"123";"166";"22";"25"
"10.11.2015 22:20:00";"4";"0";"366";"5,1";"16777216";"2246469";"13,39";"21";"158";"166";"11";"12"
"10.11.2015 22:25:00";"4";"0";"271";"3,78";"16777216";"2066953";"12,32";"7";"139";"166";"9";"10"
"10.11.2015 22:30:00";"4";"0";"279";"3,89";"16777216";"2066953";"12,32";"12";"134";"166";"3";"4"
"10.11.2015 22:35:00";"4";"0";"281";"3,92";"16777216";"1753219";"10,45";"8";"151";"166";"6";"7"
"10.11.2015 22:40:00";"4";"0";"322";"4,49";"16777216";"2323644";"13,85";"27";"160";"166";"28";"8"
"10.11.2015 22:45:00";"4";"0";"306";"4,27";"16777216";"1988100";"11,85";"13";"127";"166";"4";"4"
"10.11.2015 22:50:00";"4";"0";"283";"3,94";"16777216";"2536715";"15,12";"11";"141";"166";"4";"4"
"10.11.2015 22:55:00";"4";"0";"242";"3,37";"16777216";"2548459";"15,19";"6";"97";"166";"2";"2"
"10.11.2015 23:00:00";"4";"0";"288";"4,01";"16777216";"1920991";"11,45";"10";"125";"166";"2";"3"
"10.11.2015 23:05:00";"4";"0";"294";"4,1";"16777216";"3028287";"18,05";"21";"158";"166";"4";"4"
"10.11.2015 23:10:00";"4";"0";"244";"3,4";"16777216";"2301834";"13,72";"24";"118";"166";"2";"3"
"10.11.2015 23:15:00";"4";"0";"262";"3,65";"16777216";"2088763";"12,45";"11";"117";"166";"2";"3"
"10.11.2015 23:20:00";"4";"0";"300";"4,18";"16777216";"1764963";"10,52";"6";"142";"166";"4";"4"
"10.11.2015 23:25:00";"4";"0";"243";"3,39";"16777216";"2055209";"12,25";"7";"101";"166";"2";"3"
"10.11.2015 23:30:00";"4";"0";"277";"3,86";"16777216";"1920991";"11,45";"4";"129";"166";"2";"3"
"10.11.2015 23:35:00";"4";"0";"272";"3,79";"16777216";"1776707";"10,59";"4";"143";"166";"4";"5"
"10.11.2015 23:40:00";"4";"0";"303";"4,22";"16777216";"1877370";"11,19";"11";"131";"166";"2";"3"
"10.11.2015 23:45:00";"4";"0";"279";"3,88";"16777216";"2066953";"12,32";"7";"144";"166";"3";"4"
"10.11.2015 23:50:00";"4";"0";"344";"4,79";"16777216";"1686110";"10,05";"5";"192";"166";"29";"8"
"10.11.2015 23:55:00";"4";"0";"237";"3,3";"16777216";"1810262";"10,79";"9";"97";"166";"2";"3"
"11.11.2015 00:00:00";"4";"0";"354";"4,93";"16777216";"1853882";"11,05";"95";"156";"166";"2";"3"
"11.11.2015 00:05:00";"4";"0";"475";"6,62";"16777216";"2994733";"17,85";"190";"388";"166";"30";"6"
"11.11.2015 00:10:00";"4";"0";"265";"3,69";"16777216";"2290090";"13,65";"64";"378";"166";"2";"3"
"11.11.2015 00:15:00";"4";"0";"272";"3,79";"16777216";"1910925";"11,39";"4";"109";"166";"2";"3"
"11.11.2015 00:20:00";"4";"0";"277";"3,86";"16777216";"2301834";"13,72";"0";"99";"166";"4";"5"
"11.11.2015 00:25:00";"4";"0";"239";"3,33";"16777216";"2268280";"13,52";"0";"76";"166";"2";"3"
"11.11.2015 00:30:00";"4";"0";"252";"3,51";"16777216";"1686110";"10,05";"4";"79";"166";"2";"3"
"11.11.2015 00:35:00";"4";"0";"436";"6,07";"16777216";"2100508";"12,52";"36";"86";"166";"4";"4"
"11.11.2015 00:40:00";"4";"0";"243";"3,39";"16777216";"2033399";"12,12";"6";"79";"166";"2";"3"
"11.11.2015 00:45:00";"4";"0";"261";"3,64";"16777216";"1731409";"10,32";"7";"80";"166";"2";"3"
"11.11.2015 00:50:00";"4";"0";"267";"3,72";"16777216";"1988100";"11,85";"7";"87";"166";"4";"5"
"11.11.2015 00:55:00";"4";"0";"244";"3,4";"16777216";"1786773";"10,65";"6";"78";"166";"2";"3"
"11.11.2015 01:00:00";"4";"0";"260";"3,63";"16777216";"2088763";"12,45";"8";"88";"166";"2";"3"
"11.11.2015 01:05:00";"4";"0";"999";"13,92";"16777216";"3543348";"21,12";"7375";"1712";"166";"107";"3002"
"11.11.2015 01:10:00";"4";"0";"317";"4,42";"16777216";"4159072";"24,79";"695";"308";"166";"3";"44"
"11.11.2015 01:15:00";"4";"0";"258";"3,6";"16777216";"2335388";"13,92";"51";"80";"166";"2";"3"
"11.11.2015 01:20:00";"4";"0";"270";"3,77";"16777216";"2033399";"12,12";"59";"82";"166";"4";"5"
"11.11.2015 01:25:00";"4";"0";"255";"3,56";"16777216";"1832072";"10,92";"9";"80";"166";"2";"3"
"11.11.2015 01:30:00";"4";"0";"250";"3,48";"16777216";"2045143";"12,19";"7";"82";"166";"2";"3"
"11.11.2015 01:35:00";"4";"0";"278";"3,87";"16777216";"1832072";"10,92";"19";"88";"166";"4";"5"
"11.11.2015 01:40:00";"4";"0";"248";"3,45";"16777216";"1932735";"11,52";"9";"91";"166";"2";"3"
"11.11.2015 01:45:00";"4";"0";"271";"3,78";"16777216";"1966290";"11,72";"17";"89";"166";"3";"4"
"11.11.2015 01:50:00";"4";"0";"275";"3,83";"16777216";"2033399";"12,12";"7";"95";"166";"4";"5"
"11.11.2015 01:55:00";"4";"0";"305";"4,25";"16777216";"2045143";"12,19";"9";"126";"166";"25";"6"
"11.11.2015 02:00:00";"4";"0";"352";"4,9";"16777216";"2280024";"13,59";"25";"124";"166";"4";"4"
"11.11.2015 02:05:00";"4";"0";"296";"4,13";"16777216";"3196060";"19,05";"24";"132";"166";"4";"4"
"11.11.2015 02:10:00";"4";"0";"228";"3,18";"16777216";"2481350";"14,79";"1";"98";"166";"2";"3"
"11.11.2015 02:15:00";"4";"0";"263";"3,66";"16777216";"1843816";"10,99";"14";"96";"166";"2";"3"
"11.11.2015 02:20:00";"4";"0";"260";"3,63";"16777216";"2189427";"13,05";"7";"98";"166";"4";"5"
"11.11.2015 02:25:00";"4";"0";"228";"3,18";"16777216";"2313578";"13,79";"5";"78";"166";"1";"2"
"11.11.2015 02:30:00";"4";"0";"238";"3,32";"16777216";"2011588";"11,99";"7";"83";"166";"2";"3"
"11.11.2015 02:35:00";"4";"0";"267";"3,72";"16777216";"2447796";"14,59";"9";"106";"166";"5";"5"
"11.11.2015 02:40:00";"4";"0";"274";"3,82";"16777216";"1776707";"10,59";"10";"95";"166";"3";"4"
"11.11.2015 02:45:00";"4";"0";"240";"3,35";"16777216";"1541826";"9,19";"7";"83";"166";"2";"3"
"11.11.2015 02:50:00";"4";"0";"261";"3,64";"16777216";"2011588";"11,99";"8";"89";"166";"4";"5"
"11.11.2015 02:55:00";"4";"0";"231";"3,22";"16777216";"1608935";"9,59";"7";"93";"166";"2";"3"
"11.11.2015 03:00:00";"4";"0";"249";"3,47";"16777216";"1709598";"10,19";"8";"95";"166";"2";"3"
"11.11.2015 03:05:00";"4";"0";"527";"7,34";"16777216";"2649122";"15,79";"39";"352";"166";"4";"4"
"11.11.2015 03:10:00";"4";"0";"233";"3,26";"16777216";"2347132";"13,99";"12";"255";"166";"2";"3"
"11.11.2015 03:15:00";"4";"0";"242";"3,37";"16777216";"1709598";"10,19";"7";"85";"166";"2";"3"
"11.11.2015 03:20:00";"4";"0";"314";"4,38";"16777216";"1719665";"10,25";"15";"118";"166";"4";"5"
"11.11.2015 03:25:00";"4";"0";"231";"3,22";"16777216";"1978034";"11,79";"7";"98";"166";"2";"3"
"11.11.2015 03:30:00";"4";"0";"242";"3,38";"16777216";"1676044";"9,99";"8";"89";"166";"2";"3"
"11.11.2015 03:35:00";"4";"0";"268";"3,74";"16777216";"1719665";"10,25";"10";"105";"166";"4";"5"
"11.11.2015 03:40:00";"4";"0";"236";"3,3";"16777216";"1978034";"11,79";"14";"93";"166";"2";"3"
"11.11.2015 03:45:00";"4";"0";"248";"3,45";"16777216";"1608935";"9,59";"7";"93";"166";"2";"3"
"11.11.2015 03:50:00";"4";"0";"256";"3,56";"16777216";"1978034";"11,79";"7";"95";"166";"4";"5"
"11.11.2015 03:55:00";"4";"0";"229";"3,2";"16777216";"1776707";"10,59";"6";"77";"166";"2";"2"
"11.11.2015 04:00:00";"4";"0";"314";"4,38";"16777216";"2088763";"12,45";"18";"118";"166";"2";"3"
"11.11.2015 04:05:00";"4";"0";"433";"6,03";"16777216";"3219548";"19,19";"155";"243";"166";"28";"8"
"11.11.2015 04:10:00";"4";"0";"235";"3,28";"16777216";"1910925";"11,39";"17";"154";"166";"2";"3"
"11.11.2015 04:15:00";"4";"0";"285";"3,97";"16777216";"2112252";"12,59";"26";"109";"166";"2";"3"
"11.11.2015 04:20:00";"4";"0";"269";"3,75";"16777216";"2313578";"13,79";"14";"127";"166";"4";"5"
"11.11.2015 04:25:00";"4";"0";"308";"4,29";"16777216";"1978034";"11,79";"77";"158";"166";"2";"3"
"11.11.2015 04:30:00";"4";"0";"240";"3,35";"16777216";"1832072";"10,92";"7";"119";"166";"2";"3"
"11.11.2015 04:35:00";"4";"0";"308";"4,29";"16777216";"2145806";"12,79";"8";"149";"166";"28";"11"
"11.11.2015 04:40:00";"4";"0";"274";"3,82";"16777216";"2222981";"13,25";"7";"100";"166";"23";"22"
"11.11.2015 04:45:00";"4";"0";"319";"4,44";"16777216";"1920991";"11,45";"7";"125";"166";"38";"27"
"11.11.2015 04:50:00";"4";"0";"409";"5,71";"16777216";"2347132";"13,99";"15";"206";"166";"40";"11"
"11.11.2015 04:55:00";"4";"0";"292";"4,06";"16777216";"2335388";"13,92";"16";"116";"166";"3";"4"
"11.11.2015 05:00:00";"4";"0";"256";"3,57";"16777216";"1608935";"9,59";"9";"115";"166";"2";"3"
"11.11.2015 05:05:00";"4";"0";"463";"6,45";"16777216";"3061842";"18,25";"17";"1258";"166";"44";"399"
"11.11.2015 05:10:00";"4";"0";"235";"3,28";"16777216";"2692743";"16,05";"3";"101";"166";"2";"3"
"11.11.2015 05:15:00";"4";"0";"243";"3,39";"16777216";"2268280";"13,52";"3";"87";"166";"2";"3"
"11.11.2015 05:20:00";"4";"0";"265";"3,69";"16777216";"1988100";"11,85";"4";"95";"166";"4";"4"
"11.11.2015 05:25:00";"4";"0";"238";"3,32";"16777216";"2167616";"12,92";"3";"81";"166";"2";"3"
"11.11.2015 05:30:00";"4";"0";"247";"3,44";"16777216";"1709598";"10,19";"3";"91";"166";"2";"3"
"11.11.2015 05:35:00";"4";"0";"275";"3,83";"16777216";"1731409";"10,32";"5";"121";"166";"4";"5"
"11.11.2015 05:40:00";"4";"0";"308";"4,3";"16777216";"2122318";"12,65";"6";"117";"166";"3";"4"
"11.11.2015 05:45:00";"4";"0";"308";"4,29";"16777216";"2234725";"13,32";"4";"157";"166";"27";"7"
"11.11.2015 05:50:00";"4";"0";"265";"3,7";"16777216";"2145806";"12,79";"3";"96";"166";"4";"4"
"11.11.2015 05:55:00";"4";"0";"246";"3,42";"16777216";"1877370";"11,19";"5";"98";"166";"2";"3"
"11.11.2015 06:00:00";"4";"0";"342";"4,76";"16777216";"2066953";"12,32";"93";"152";"166";"2";"3"
"11.11.2015 06:05:00";"4";"0";"722";"10,05";"16777216";"3766485";"22,45";"84815";"402";"166";"10";"1416"
"11.11.2015 06:10:00";"4";"0";"312";"4,35";"16777216";"4236247";"25,25";"5915";"143";"166";"39";"48"
"11.11.2015 06:15:00";"4";"0";"238";"3,31";"16777216";"2704487";"16,12";"2";"96";"166";"2";"3"
"11.11.2015 06:20:00";"4";"0";"263";"3,66";"16777216";"2088763";"12,45";"7";"98";"166";"4";"4"
"11.11.2015 06:25:00";"4";"0";"227";"3,17";"16777216";"1764963";"10,52";"0";"83";"166";"2";"3"
"11.11.2015 06:30:00";"4";"0";"244";"3,4";"16777216";"1484784";"8,85";"8";"89";"166";"2";"3"
"11.11.2015 06:35:00";"4";"0";"284";"3,96";"16777216";"2134062";"12,72";"1";"121";"166";"6";"6"
"11.11.2015 06:40:00";"4";"0";"260";"3,63";"16777216";"1966290";"11,72";"0";"102";"166";"3";"4"
"11.11.2015 06:45:00";"4";"0";"296";"4,13";"16777216";"1810262";"10,79";"1";"153";"166";"21";"6"
"11.11.2015 06:50:00";"4";"0";"289";"4,04";"16777216";"2222981";"13,25";"0";"118";"166";"10";"6"
"11.11.2015 06:55:00";"4";"0";"228";"3,18";"16777216";"2246469";"13,39";"0";"80";"166";"2";"3"
"11.11.2015 07:00:00";"4";"0";"250";"3,48";"16777216";"1932735";"11,52";"0";"92";"166";"2";"3"
"11.11.2015 07:05:00";"4";"0";"267";"3,73";"16777216";"2592080";"15,45";"0";"122";"166";"4";"4"
"11.11.2015 07:10:00";"4";"0";"232";"3,24";"16777216";"2100508";"12,52";"0";"96";"166";"2";"3"
"11.11.2015 07:15:00";"4";"0";"247";"3,45";"16777216";"1664300";"9,92";"0";"106";"166";"2";"3"
"11.11.2015 07:20:00";"4";"0";"272";"3,78";"16777216";"1999844";"11,92";"0";"122";"166";"4";"5"
"11.11.2015 07:25:00";"4";"0";"226";"3,15";"16777216";"1920991";"11,45";"0";"92";"166";"2";"3"
"11.11.2015 07:30:00";"4";"0";"256";"3,57";"16777216";"1697854";"10,12";"0";"103";"166";"2";"3"
"11.11.2015 07:35:00";"4";"0";"275";"3,84";"16777216";"2179360";"12,99";"4";"132";"166";"4";"5"
"11.11.2015 07:40:00";"4";"0";"252";"3,51";"16777216";"1910925";"11,39";"0";"124";"166";"2";"3"
"11.11.2015 07:45:00";"4";"0";"245";"3,41";"16777216";"1988100";"11,85";"0";"89";"166";"2";"3"
"11.11.2015 07:50:00";"4";"0";"331";"4,62";"16777216";"2514905";"14,99";"0";"158";"166";"29";"8"
"11.11.2015 07:55:00";"4";"0";"230";"3,21";"16777216";"2212915";"13,19";"0";"104";"166";"2";"3"
"11.11.2015 08:00:00";"4";"0";"417";"5,81";"16777216";"2112252";"12,59";"552";"572";"166";"2";"3"
"11.11.2015 08:05:00";"4";"0";"422";"5,88";"16777216";"3263169";"19,45";"48";"322";"166";"5";"9"
"11.11.2015 08:10:00";"4";"0";"248";"3,45";"16777216";"2481350";"14,79";"0";"120";"166";"2";"3"
"11.11.2015 08:15:00";"4";"0";"266";"3,71";"16777216";"1843816";"10,99";"3";"118";"166";"2";"3"
"11.11.2015 08:20:00";"4";"0";"280";"3,9";"16777216";"2112252";"12,59";"6";"132";"166";"4";"4"
"11.11.2015 08:25:00";"4";"0";"252";"3,52";"16777216";"2011588";"11,99";"0";"107";"166";"2";"3"
"11.11.2015 08:30:00";"4";"0";"337";"4,69";"16777216";"2716231";"16,19";"178";"568";"166";"2";"3"
"11.11.2015 08:35:00";"4";"0";"279";"3,89";"16777216";"2380687";"14,19";"9";"545";"166";"4";"5"
"11.11.2015 08:40:00";"4";"0";"287";"4";"16777216";"2179360";"12,99";"11";"111";"166";"2";"3"
"11.11.2015 08:45:00";"4";"0";"309";"4,31";"16777216";"2234725";"13,32";"12";"145";"166";"25";"6"
"11.11.2015 08:50:00";"4";"0";"282";"3,93";"16777216";"2045143";"12,19";"1104";"133";"166";"6";"5"
"11.11.2015 08:55:00";"4";"0";"234";"3,26";"16777216";"2145806";"12,79";"7";"85";"166";"1";"3"
"11.11.2015 09:00:00";"4";"0";"250";"3,49";"16777216";"1518338";"9,05";"7";"95";"166";"2";"3"
"11.11.2015 09:05:00";"4";"0";"501";"6,98";"16777216";"3152439";"18,79";"18";"1578";"166";"44";"450"
"11.11.2015 09:10:00";"4";"0";"243";"3,39";"16777216";"2670933";"15,92";"0";"117";"166";"2";"3"
"11.11.2015 09:15:00";"4";"0";"252";"3,51";"16777216";"1978034";"11,79";"0";"105";"166";"2";"3"
"11.11.2015 09:20:00";"4";"0";"309";"4,31";"16777216";"1743153";"10,39";"16";"141";"166";"4";"7"
"11.11.2015 09:25:00";"4";"0";"722";"10,05";"16777216";"1988100";"11,85";"88";"104";"166";"2";"4"
"11.11.2015 09:30:00";"4";"0";"640";"8,92";"16777216";"2122318";"12,65";"799";"129";"166";"3";"7"
"11.11.2015 09:35:00";"4";"0";"293";"4,08";"16777216";"2838705";"16,92";"1";"152";"166";"4";"5"
"11.11.2015 09:40:00";"4";"0";"250";"3,48";"16777216";"1853882";"11,05";"1";"114";"166";"2";"3"
"11.11.2015 09:45:00";"4";"0";"277";"3,86";"16777216";"1719665";"10,25";"1";"141";"166";"17";"5"
"11.11.2015 09:50:00";"4";"0";"480";"6,69";"16777216";"2301834";"13,72";"293";"197";"166";"14";"18"
"11.11.2015 09:55:00";"4";"0";"241";"3,36";"16777216";"2469606";"14,72";"0";"201";"166";"2";"3"
"11.11.2015 10:00:00";"4";"0";"481";"6,7";"16777216";"2615568";"15,59";"885";"381";"166";"2";"3"
"11.11.2015 10:05:00";"4";"0";"299";"4,16";"16777216";"3600390";"21,46";"28";"253";"166";"4";"4"
"11.11.2015 10:10:00";"4";"0";"237";"3,31";"16777216";"2692743";"16,05";"15";"106";"166";"2";"3"
"11.11.2015 10:15:00";"4";"0";"272";"3,79";"16777216";"1899181";"11,32";"32";"126";"166";"2";"3"
"11.11.2015 10:20:00";"4";"0";"525";"7,32";"16777216";"2704487";"16,12";"22";"132";"166";"4";"5"
"11.11.2015 10:25:00";"4";"0";"235";"3,28";"16777216";"2179360";"12,99";"8";"85";"166";"2";"3"
"11.11.2015 10:30:00";"4";"0";"251";"3,5";"16777216";"1585447";"9,45";"8";"109";"166";"2";"3"
"11.11.2015 10:35:00";"4";"0";"259";"3,62";"16777216";"1853882";"11,05";"7";"121";"166";"3";"4"
"11.11.2015 10:40:00";"4";"0";"238";"3,32";"16777216";"1719665";"10,25";"7";"84";"166";"2";"3"
"11.11.2015 10:45:00";"4";"0";"241";"3,36";"16777216";"1619001";"9,65";"7";"94";"166";"2";"3"
"11.11.2015 10:50:00";"4";"0";"257";"3,58";"16777216";"2234725";"13,32";"7";"106";"166";"4";"4"
"11.11.2015 10:55:00";"4";"0";"237";"3,3";"16777216";"2145806";"12,79";"7";"84";"166";"2";"3"
"11.11.2015 11:00:00";"4";"0";"279";"3,89";"16777216";"2045143";"12,19";"12";"131";"166";"2";"3"
"11.11.2015 11:05:00";"4";"0";"298";"4,15";"16777216";"3196060";"19,05";"16";"159";"166";"4";"4"
"11.11.2015 11:10:00";"4";"0";"259";"3,62";"16777216";"2313578";"13,79";"12";"145";"166";"2";"3"
"11.11.2015 11:15:00";"4";"0";"283";"3,95";"16777216";"2145806";"12,79";"15";"154";"166";"2";"3"
"11.11.2015 11:20:00";"4";"0";"294";"4,1";"16777216";"2021655";"12,05";"11";"158";"166";"4";"4"
"11.11.2015 11:25:00";"4";"0";"229";"3,19";"16777216";"2503161";"14,92";"7";"101";"166";"1";"3"
"11.11.2015 11:30:00";"4";"0";"240";"3,35";"16777216";"1853882";"11,05";"7";"109";"166";"2";"3"
"11.11.2015 11:35:00";"4";"0";"270";"3,76";"16777216";"2222981";"13,25";"9";"129";"166";"4";"5"
"11.11.2015 11:40:00";"4";"0";"281";"3,92";"16777216";"1978034";"11,79";"9";"123";"166";"2";"3"
"11.11.2015 11:45:00";"4";"0";"258";"3,6";"16777216";"2011588";"11,99";"9";"135";"166";"2";"3"
"11.11.2015 11:50:00";"4";"0";"327";"4,55";"16777216";"2659189";"15,85";"9";"170";"166";"27";"8"
"11.11.2015 11:55:00";"4";"0";"240";"3,34";"16777216";"2011588";"11,99";"7";"92";"166";"4";"3"
"11.11.2015 12:00:00";"4";"0";"366";"5,09";"16777216";"1920991";"11,45";"15";"141";"166";"2";"3"
"11.11.2015 12:05:00";"4";"0";"1389";"19,34";"16777216";"3598713";"21,45";"92";"1075";"166";"4";"4"
"11.11.2015 12:10:00";"4";"0";"255";"3,55";"16777216";"2816895";"16,79";"15";"1179";"166";"2";"3"
"11.11.2015 12:15:00";"4";"0";"273";"3,81";"16777216";"2045143";"12,19";"12";"140";"166";"2";"3"
"11.11.2015 12:20:00";"4";"0";"296";"4,13";"16777216";"1810262";"10,79";"22";"169";"166";"4";"5"
"11.11.2015 12:25:00";"4";"0";"267";"3,72";"16777216";"2234725";"13,32";"11";"148";"166";"1";"3"
"11.11.2015 12:30:00";"4";"0";"251";"3,5";"16777216";"2313578";"13,79";"8";"134";"166";"2";"3"
"11.11.2015 12:35:00";"4";"0";"297";"4,14";"16777216";"2212915";"13,19";"10";"152";"166";"4";"5"
"11.11.2015 12:40:00";"4";"0";"255";"3,55";"16777216";"2447796";"14,59";"9";"121";"166";"2";"3"
"11.11.2015 12:45:00";"4";"0";"324";"4,51";"16777216";"2313578";"13,79";"9";"169";"166";"27";"7"
"11.11.2015 12:50:00";"4";"0";"270";"3,77";"16777216";"2112252";"12,59";"8";"128";"166";"4";"5"
"11.11.2015 12:55:00";"4";"0";"240";"3,35";"16777216";"1944479";"11,59";"8";"97";"166";"1";"3"
"11.11.2015 13:00:00";"4";"0";"248";"3,45";"16777216";"1676044";"9,99";"7";"117";"166";"2";"3"
"11.11.2015 13:05:00";"4";"0";"577";"8,04";"16777216";"3555092";"21,19";"28";"2186";"166";"44";"595"
"11.11.2015 13:10:00";"4";"0";"238";"3,32";"16777216";"3152439";"18,79";"26";"117";"166";"2";"3"
"11.11.2015 13:15:00";"4";"0";"265";"3,69";"16777216";"2145806";"12,79";"10";"126";"166";"2";"3"
"11.11.2015 13:20:00";"4";"0";"273";"3,81";"16777216";"2514905";"14,99";"9";"139";"166";"4";"5"
"11.11.2015 13:25:00";"4";"0";"251";"3,5";"16777216";"2347132";"13,99";"7";"89";"166";"4";"5"
"11.11.2015 13:30:00";"4";"0";"306";"4,26";"16777216";"2481350";"14,79";"14";"145";"166";"2";"3"
"11.11.2015 13:35:00";"4";"0";"290";"4,03";"16777216";"1776707";"10,59";"12";"167";"166";"4";"5"
"11.11.2015 13:40:00";"4";"0";"256";"3,57";"16777216";"2347132";"13,99";"8";"127";"166";"2";"3"
"11.11.2015 13:45:00";"4";"0";"325";"4,54";"16777216";"1899181";"11,32";"10";"173";"166";"27";"7"
"11.11.2015 13:50:00";"4";"0";"265";"3,69";"16777216";"2414241";"14,39";"8";"122";"166";"4";"5"
"11.11.2015 13:55:00";"4";"0";"241";"3,36";"16777216";"2011588";"11,99";"8";"90";"166";"2";"3"
"11.11.2015 14:00:00";"4";"0";"422";"5,87";"16777216";"2179360";"12,99";"176";"206";"166";"2";"3"
"11.11.2015 14:05:00";"4";"0";"299";"4,17";"16777216";"3118884";"18,59";"9";"188";"166";"3";"4"
"11.11.2015 14:10:00";"4";"0";"250";"3,48";"16777216";"2212915";"13,19";"9";"119";"166";"2";"3"
"11.11.2015 14:15:00";"4";"0";"253";"3,52";"16777216";"2021655";"12,05";"10";"129";"166";"2";"3"
"11.11.2015 14:20:00";"4";"0";"287";"4";"16777216";"2268280";"13,52";"12";"146";"166";"4";"5"
"11.11.2015 14:25:00";"4";"0";"260";"3,62";"16777216";"2290090";"13,65";"11";"130";"166";"2";"3"
"11.11.2015 14:30:00";"4";"0";"294";"4,1";"16777216";"2112252";"12,59";"19";"163";"166";"2";"3"
"11.11.2015 14:35:00";"4";"0";"274";"3,81";"16777216";"1988100";"11,85";"8";"163";"166";"4";"5"
"11.11.2015 14:40:00";"4";"0";"284";"3,95";"16777216";"2021655";"12,05";"10";"113";"166";"2";"3"
"11.11.2015 14:45:00";"4";"0";"341";"4,75";"16777216";"1865626";"11,12";"12";"180";"166";"27";"7"
"11.11.2015 14:50:00";"4";"0";"261";"3,64";"16777216";"1843816";"10,99";"7";"138";"166";"4";"4"
"11.11.2015 14:55:00";"4";"0";"234";"3,26";"16777216";"2290090";"13,65";"7";"92";"166";"2";"3"
"11.11.2015 15:00:00";"4";"0";"255";"3,55";"16777216";"2134062";"12,72";"8";"122";"166";"2";"3"
"11.11.2015 15:05:00";"4";"0";"291";"4,06";"16777216";"2615568";"15,59";"11";"150";"166";"4";"4"
"11.11.2015 15:10:00";"4";"0";"232";"3,23";"16777216";"1988100";"11,85";"7";"109";"166";"2";"3"
"11.11.2015 15:15:00";"4";"0";"266";"3,71";"16777216";"1541826";"9,19";"9";"120";"166";"2";"3"
"11.11.2015 15:20:00";"4";"0";"264";"3,68";"16777216";"2189427";"13,05";"7";"135";"166";"4";"4"
"11.11.2015 15:25:00";"4";"0";"358";"4,98";"16777216";"1966290";"11,72";"327";"113";"166";"2";"3"
"11.11.2015 15:30:00";"4";"0";"279";"3,89";"16777216";"2481350";"14,79";"14";"151";"166";"2";"3"
"11.11.2015 15:35:00";"4";"0";"273";"3,81";"16777216";"1798518";"10,72";"8";"155";"166";"4";"5"
"11.11.2015 15:40:00";"4";"0";"266";"3,7";"16777216";"2280024";"13,59";"17";"125";"166";"2";"3"
"11.11.2015 15:45:00";"4";"0";"339";"4,73";"16777216";"1944479";"11,59";"13";"188";"166";"27";"7"
"11.11.2015 15:50:00";"4";"0";"283";"3,95";"16777216";"2045143";"12,19";"10";"151";"166";"4";"5"
"11.11.2015 15:55:00";"4";"0";"234";"3,25";"16777216";"1743153";"10,39";"7";"120";"166";"2";"3"
"11.11.2015 16:00:00";"4";"0";"393";"5,48";"16777216";"1810262";"10,79";"16";"160";"166";"2";"3"
"11.11.2015 16:05:00";"4";"0";"288";"4,01";"16777216";"2984667";"17,79";"7";"168";"166";"4";"4"
"11.11.2015 16:10:00";"4";"0";"248";"3,46";"16777216";"2514905";"14,99";"8";"121";"166";"2";"3"
"11.11.2015 16:15:00";"4";"0";"266";"3,71";"16777216";"2011588";"11,99";"10";"133";"166";"2";"3"
"11.11.2015 16:20:00";"4";"0";"283";"3,95";"16777216";"2078697";"12,39";"19";"162";"166";"4";"4"
"11.11.2015 16:25:00";"4";"0";"230";"3,21";"16777216";"1910925";"11,39";"7";"103";"166";"2";"3"
"11.11.2015 16:30:00";"4";"0";"248";"3,46";"16777216";"1832072";"10,92";"7";"115";"166";"2";"3"
"11.11.2015 16:35:00";"4";"0";"299";"4,16";"16777216";"1877370";"11,19";"14";"162";"166";"4";"5"
"11.11.2015 16:40:00";"4";"0";"247";"3,44";"16777216";"1776707";"10,59";"6";"120";"166";"2";"3"
"11.11.2015 16:45:00";"4";"0";"328";"4,57";"16777216";"1843816";"10,99";"12";"164";"166";"26";"7"
"11.11.2015 16:50:00";"4";"0";"260";"3,63";"16777216";"2066953";"12,32";"9";"133";"166";"4";"4"
"11.11.2015 16:55:00";"4";"0";"229";"3,19";"16777216";"1899181";"11,32";"6";"87";"166";"2";"3"
"11.11.2015 17:00:00";"4";"0";"263";"3,66";"16777216";"1853882";"11,05";"10";"121";"166";"2";"3"
"11.11.2015 17:05:00";"4";"0";"462";"6,44";"16777216";"3095396";"18,45";"23";"1195";"166";"43";"369"
"11.11.2015 17:10:00";"4";"0";"259";"3,6";"16777216";"2939368";"17,52";"11";"128";"166";"2";"3"
"11.11.2015 17:15:00";"4";"0";"251";"3,49";"16777216";"1910925";"11,39";"8";"128";"166";"2";"3"
"11.11.2015 17:20:00";"4";"0";"278";"3,88";"16777216";"2112252";"12,59";"9";"139";"166";"4";"4"
"11.11.2015 17:25:00";"4";"0";"291";"4,06";"16777216";"1944479";"11,59";"17";"140";"166";"2";"3"
"11.11.2015 17:30:00";"4";"0";"272";"3,79";"16777216";"1810262";"10,79";"10";"155";"166";"2";"3"
"11.11.2015 17:35:00";"4";"0";"269";"3,75";"16777216";"1719665";"10,25";"9";"140";"166";"4";"4"
"11.11.2015 17:40:00";"4";"0";"280";"3,91";"16777216";"1664300";"9,92";"10";"120";"166";"2";"3"
"11.11.2015 17:45:00";"4";"0";"264";"3,69";"16777216";"1944479";"11,59";"10";"130";"166";"3";"4"
"11.11.2015 17:50:00";"4";"0";"271";"3,78";"16777216";"1932735";"11,52";"7";"136";"166";"4";"5"
"11.11.2015 17:55:00";"4";"0";"298";"4,15";"16777216";"1910925";"11,39";"9";"140";"166";"27";"7"
"11.11.2015 18:00:00";"4";"0";"344";"4,79";"16777216";"2826961";"16,85";"12";"135";"166";"2";"3"
"11.11.2015 18:05:00";"4";"0";"307";"4,28";"16777216";"2872260";"17,12";"8";"158";"166";"4";"4"
"11.11.2015 18:10:00";"4";"0";"249";"3,47";"16777216";"2481350";"14,79";"8";"109";"166";"2";"3"
"11.11.2015 18:15:00";"4";"0";"276";"3,85";"16777216";"1731409";"10,32";"19";"134";"166";"2";"3"
"11.11.2015 18:20:00";"4";"0";"280";"3,91";"16777216";"2201171";"13,12";"12";"150";"166";"4";"5"
"11.11.2015 18:25:00";"4";"0";"248";"3,46";"16777216";"2390753";"14,25";"10";"115";"166";"2";"3"
"11.11.2015 18:30:00";"4";"0";"263";"3,67";"16777216";"1877370";"11,19";"10";"134";"166";"2";"3"
"11.11.2015 18:35:00";"4";"0";"331";"4,62";"16777216";"2055209";"12,25";"8";"149";"166";"56";"57"
"11.11.2015 18:40:00";"4";"0";"323";"4,5";"16777216";"2167616";"12,92";"7";"101";"166";"58";"60"
"11.11.2015 18:45:00";"4";"0";"254";"3,54";"16777216";"1944479";"11,59";"7";"115";"166";"9";"10"
"11.11.2015 18:50:00";"4";"0";"299";"4,17";"16777216";"2290090";"13,65";"8";"182";"166";"48";"17"
"11.11.2015 18:55:00";"4";"0";"256";"3,56";"16777216";"2011588";"11,99";"7";"97";"166";"18";"22"
"11.11.2015 19:00:00";"4";"0";"311";"4,34";"16777216";"1820328";"10,85";"11";"136";"166";"17";"19"
"11.11.2015 19:05:00";"4";"0";"287";"4";"16777216";"2637378";"15,72";"8";"150";"166";"12";"13"
"11.11.2015 19:10:00";"4";"0";"281";"3,92";"16777216";"2290090";"13,65";"9";"126";"166";"22";"26"
"11.11.2015 19:15:00";"4";"0";"273";"3,81";"16777216";"2066953";"12,32";"7";"128";"166";"19";"22"
"11.11.2015 19:20:00";"4";"0";"297";"4,13";"16777216";"2256536";"13,45";"7";"136";"166";"24";"28"
"11.11.2015 19:25:00";"4";"0";"262";"3,65";"16777216";"1932735";"11,52";"6";"91";"166";"24";"27"
"11.11.2015 19:30:00";"4";"0";"291";"4,06";"16777216";"1776707";"10,59";"7";"122";"166";"30";"34"
"11.11.2015 19:35:00";"4";"0";"284";"3,96";"16777216";"1350566";"8,05";"9";"152";"166";"9";"10"
"11.11.2015 19:40:00";"4";"0";"253";"3,52";"16777216";"2323644";"13,85";"7";"129";"166";"6";"7"
"11.11.2015 19:45:00";"4";"0";"274";"3,81";"16777216";"1530082";"9,12";"8";"124";"166";"17";"17"
"11.11.2015 19:50:00";"4";"0";"372";"5,18";"16777216";"2134062";"12,72";"10";"187";"166";"50";"33"
"11.11.2015 19:55:00";"4";"0";"263";"3,67";"16777216";"1776707";"10,59";"7";"104";"166";"25";"29"
"11.11.2015 20:00:00";"4";"0";"825";"11,49";"16777216";"2905814";"17,32";"3482";"572";"166";"3";"4"
"11.11.2015 20:05:00";"4";"0";"857";"11,94";"16777216";"5880414";"35,05";"89225";"1380";"166";"72";"3747"
"11.11.2015 20:10:00";"4";"0";"314";"4,37";"16777216";"4504683";"26,85";"167";"173";"166";"12";"13"
"11.11.2015 20:15:00";"4";"0";"263";"3,67";"16777216";"2536715";"15,12";"9";"130";"166";"9";"10"
"11.11.2015 20:20:00";"4";"0";"294";"4,1";"16777216";"2088763";"12,45";"400";"151";"166";"6";"7"
"11.11.2015 20:25:00";"4";"0";"234";"3,26";"16777216";"2469606";"14,72";"9";"119";"166";"2";"3"
"11.11.2015 20:30:00";"4";"0";"256";"3,57";"16777216";"1899181";"11,32";"8";"119";"166";"3";"4"
"11.11.2015 20:35:00";"4";"0";"275";"3,83";"16777216";"2011588";"11,99";"12";"145";"166";"5";"5"
"11.11.2015 20:40:00";"4";"0";"308";"4,29";"16777216";"2256536";"13,45";"24";"119";"166";"8";"9"
"11.11.2015 20:45:00";"4";"0";"342";"4,76";"16777216";"2649122";"15,79";"12";"174";"166";"45";"26"
"11.11.2015 20:50:00";"4";"0";"291";"4,06";"16777216";"1910925";"11,39";"9";"138";"166";"17";"18"
"11.11.2015 20:55:00";"4";"0";"234";"3,26";"16777216";"1843816";"10,99";"6";"96";"166";"5";"6"
"11.11.2015 21:00:00";"4";"0";"273";"3,81";"16777216";"1563636";"9,32";"9";"118";"166";"9";"10"
"11.11.2015 21:05:00";"4";"0";"373";"5,2";"16777216";"2884004";"17,19";"15";"448";"166";"47";"110"
"11.11.2015 21:10:00";"4";"0";"244";"3,39";"16777216";"2112252";"12,59";"0";"118";"166";"8";"8"
"11.11.2015 21:15:00";"4";"0";"263";"3,67";"16777216";"1575381";"9,39";"0";"125";"166";"16";"17"
"11.11.2015 21:20:00";"4";"0";"283";"3,95";"16777216";"2212915";"13,19";"0";"140";"166";"7";"8"
"11.11.2015 21:25:00";"4";"0";"242";"3,38";"16777216";"2347132";"13,99";"0";"104";"166";"3";"4"
"11.11.2015 21:30:00";"4";"0";"271";"3,77";"16777216";"2045143";"12,19";"7";"124";"166";"15";"15"
"11.11.2015 21:35:00";"4";"0";"305";"4,25";"16777216";"1676044";"9,99";"0";"155";"166";"29";"29"
"11.11.2015 21:40:00";"4";"0";"324";"4,51";"16777216";"1664300";"9,92";"1";"141";"166";"37";"24"
"11.11.2015 21:45:00";"4";"0";"296";"4,12";"16777216";"2313578";"13,79";"2";"142";"166";"26";"21"
"11.11.2015 21:50:00";"4";"0";"288";"4,01";"16777216";"2078697";"12,39";"0";"139";"166";"19";"21"
"11.11.2015 21:55:00";"4";"0";"229";"3,19";"16777216";"2112252";"12,59";"0";"97";"166";"5";"6"
"11.11.2015 22:00:00";"4";"0";"366";"5,1";"16777216";"2122318";"12,65";"96";"145";"166";"12";"14"
"11.11.2015 22:05:00";"4";"0";"2245";"31,26";"16777216";"4796606";"28,59";"2733";"6923";"166";"8";"8"
"11.11.2015 22:10:00";"4";"0";"1975";"27,5";"16777216";"4461062";"26,59";"31";"4423";"166";"38";"40"
"11.11.2015 22:15:00";"4";"0";"1980";"27,57";"16777216";"3722864";"22,19";"16";"161";"166";"10";"11"
"11.11.2015 22:20:00";"4";"0";"2081";"28,98";"16777216";"3051776";"18,19";"241";"208";"166";"14";"16"
"11.11.2015 22:25:00";"4";"0";"1979";"27,57";"16777216";"2793406";"16,65";"7";"153";"166";"3";"4"
"11.11.2015 22:30:00";"4";"0";"1964";"27,35";"16777216";"2078697";"12,39";"17";"133";"166";"3";"4"
"11.11.2015 22:35:00";"4";"0";"2010";"28";"16777216";"1899181";"11,32";"9";"158";"166";"6";"7"
"11.11.2015 22:40:00";"4";"0";"1959";"27,28";"16777216";"4449318";"26,52";"136";"4254";"166";"29";"9"
"11.11.2015 22:45:00";"4";"0";"1837";"25,58";"16777216";"2951112";"17,59";"134";"142";"166";"2";"3"
"11.11.2015 22:50:00";"4";"0";"1962";"27,32";"16777216";"4046665";"24,12";"29";"4783";"166";"4";"5"
"11.11.2015 22:55:00";"4";"0";"777";"10,83";"16777216";"3263169";"19,45";"8";"330";"166";"2";"3"
"11.11.2015 23:00:00";"4";"0";"284";"3,96";"16777216";"2301834";"13,72";"7";"127";"166";"2";"3"
"11.11.2015 23:05:00";"4";"0";"305";"4,25";"16777216";"3118884";"18,59";"34";"167";"166";"4";"4"
"11.11.2015 23:10:00";"4";"0";"246";"3,43";"16777216";"2548459";"15,19";"23";"129";"166";"2";"3"
"11.11.2015 23:15:00";"4";"0";"270";"3,76";"16777216";"1865626";"11,12";"2";"121";"166";"2";"3"
"11.11.2015 23:20:00";"4";"0";"281";"3,92";"16777216";"2268280";"13,52";"1";"143";"166";"4";"5"
"11.11.2015 23:25:00";"4";"0";"245";"3,41";"16777216";"2447796";"14,59";"2";"106";"166";"2";"3"
"11.11.2015 23:30:00";"4";"0";"275";"3,83";"16777216";"1585447";"9,45";"1";"128";"166";"2";"3"
"11.11.2015 23:35:00";"4";"0";"280";"3,9";"16777216";"1832072";"10,92";"7";"153";"166";"4";"5"
"11.11.2015 23:40:00";"4";"0";"281";"3,91";"16777216";"2100508";"12,52";"6";"112";"166";"2";"3"
"11.11.2015 23:45:00";"4";"0";"294";"4,11";"16777216";"1920991";"11,45";"5";"143";"166";"9";"5"
"11.11.2015 23:50:00";"4";"0";"321";"4,47";"16777216";"1496528";"8,92";"0";"180";"166";"22";"7"
"11.11.2015 23:55:00";"4";"0";"240";"3,34";"16777216";"1999844";"11,92";"1";"102";"166";"2";"3"
"12.11.2015 00:00:00";"4";"0";"325";"4,53";"16777216";"2112252";"12,59";"5";"141";"166";"2";"3"
"12.11.2015 00:05:00";"4";"0";"464";"6,47";"16777216";"3375576";"20,12";"107";"463";"166";"59";"7"
"12.11.2015 00:10:00";"4";"0";"473";"6,6";"16777216";"2402497";"14,32";"80";"724";"166";"54";"5"
"12.11.2015 00:15:00";"4";"0";"769";"10,71";"16777216";"3140695";"18,72";"807";"669";"166";"57";"5"
"12.11.2015 00:20:00";"4";"0";"299";"4,16";"16777216";"2838705";"16,92";"10";"208";"166";"63";"7"
"12.11.2015 00:25:00";"4";"0";"720";"10,03";"16777216";"3789973";"22,59";"1644";"4144";"166";"61";"5"
"12.11.2015 00:30:00";"4";"0";"330";"4,59";"16777216";"4506360";"26,86";"31";"286";"166";"69";"5"
"12.11.2015 00:35:00";"4";"0";"1446";"20,14";"16777216";"3644011";"21,72";"770";"3841";"166";"24";"5"
"12.11.2015 00:40:00";"4";"0";"292";"4,07";"16777216";"4135584";"24,65";"21";"1072";"166";"2";"3"
"12.11.2015 00:45:00";"4";"0";"262";"3,66";"16777216";"2749786";"16,39";"9";"93";"166";"2";"3"
"12.11.2015 00:50:00";"4";"0";"270";"3,77";"16777216";"2201171";"13,12";"34";"87";"166";"4";"5"
"12.11.2015 00:55:00";"4";"0";"312";"4,35";"16777216";"1853882";"11,05";"2025";"89";"166";"11";"329"
"12.11.2015 01:00:00";"4";"0";"549";"7,65";"16777216";"4504683";"26,85";"3913";"99";"166";"45";"1992"
"12.11.2015 01:05:00";"4";"0";"1003";"13,97";"16777216";"4382209";"26,12";"4661";"1769";"166";"53";"1412"
"12.11.2015 01:10:00";"4";"0";"238";"3,32";"16777216";"3711120";"22,12";"27";"147";"166";"2";"3"
"12.11.2015 01:15:00";"4";"0";"262";"3,66";"16777216";"2055209";"12,25";"14";"82";"166";"2";"3"
"12.11.2015 01:20:00";"4";"0";"279";"3,89";"16777216";"2189427";"13,05";"776";"85";"166";"4";"5"
"12.11.2015 01:25:00";"4";"0";"260";"3,63";"16777216";"1899181";"11,32";"7";"78";"166";"2";"3"
"12.11.2015 01:30:00";"4";"0";"256";"3,57";"16777216";"1474717";"8,79";"8";"86";"166";"2";"3"
"12.11.2015 01:35:00";"4";"0";"284";"3,96";"16777216";"1966290";"11,72";"18";"91";"166";"4";"5"
"12.11.2015 01:40:00";"4";"0";"249";"3,48";"16777216";"1920991";"11,45";"7";"92";"166";"2";"3"
"12.11.2015 01:45:00";"4";"0";"280";"3,9";"16777216";"1743153";"10,39";"21";"92";"166";"2";"3"
"12.11.2015 01:50:00";"4";"0";"271";"3,77";"16777216";"1966290";"11,72";"6";"93";"166";"4";"5"
"12.11.2015 01:55:00";"4";"0";"253";"3,52";"16777216";"1697854";"10,12";"7";"78";"166";"2";"3"
"12.11.2015 02:00:00";"4";"0";"506";"7,06";"16777216";"2491417";"14,85";"587";"538";"166";"25";"7"
"12.11.2015 02:05:00";"4";"0";"318";"4,43";"16777216";"3118884";"18,59";"36";"349";"166";"6";"5"
"12.11.2015 02:10:00";"4";"0";"225";"3,13";"16777216";"2280024";"13,59";"1";"92";"166";"2";"3"
"12.11.2015 02:15:00";"4";"0";"271";"3,78";"16777216";"1676044";"9,99";"6";"97";"166";"2";"3"
"12.11.2015 02:20:00";"4";"0";"262";"3,64";"16777216";"2145806";"12,79";"3";"97";"166";"4";"4"
"12.11.2015 02:25:00";"4";"0";"233";"3,24";"16777216";"1877370";"11,19";"2";"74";"166";"1";"3"
"12.11.2015 02:30:00";"4";"0";"240";"3,35";"16777216";"1776707";"10,59";"13";"85";"166";"2";"3"
"12.11.2015 02:35:00";"4";"0";"292";"4,07";"16777216";"2268280";"13,52";"5";"97";"166";"5";"5"
"12.11.2015 02:40:00";"4";"0";"277";"3,87";"16777216";"2088763";"12,45";"16";"98";"166";"2";"3"
"12.11.2015 02:45:00";"4";"0";"249";"3,47";"16777216";"2045143";"12,19";"8";"82";"166";"2";"3"
"12.11.2015 02:50:00";"4";"0";"271";"3,78";"16777216";"2280024";"13,59";"4";"96";"166";"4";"5"
"12.11.2015 02:55:00";"4";"0";"230";"3,21";"16777216";"1810262";"10,79";"1";"85";"166";"1";"3"
"12.11.2015 03:00:00";"4";"0";"253";"3,53";"16777216";"1608935";"9,59";"5";"83";"166";"2";"3"
"12.11.2015 03:05:00";"4";"0";"521";"7,25";"16777216";"3509794";"20,92";"41";"339";"166";"4";"4"
"12.11.2015 03:10:00";"4";"0";"257";"3,58";"16777216";"2582014";"15,39";"166";"293";"166";"2";"3"
"12.11.2015 03:15:00";"4";"0";"240";"3,34";"16777216";"2179360";"12,99";"7";"84";"166";"2";"3"
"12.11.2015 03:20:00";"4";"0";"325";"4,54";"16777216";"2179360";"12,99";"15";"108";"166";"4";"4"
"12.11.2015 03:25:00";"4";"0";"227";"3,17";"16777216";"2145806";"12,79";"7";"94";"166";"1";"2"
"12.11.2015 03:30:00";"4";"0";"252";"3,51";"16777216";"1642489";"9,79";"7";"85";"166";"2";"3"
"12.11.2015 03:35:00";"4";"0";"270";"3,77";"16777216";"1709598";"10,19";"8";"103";"166";"4";"5"
"12.11.2015 03:40:00";"4";"0";"245";"3,42";"16777216";"1978034";"11,79";"8";"89";"166";"2";"3"
"12.11.2015 03:45:00";"4";"0";"246";"3,43";"16777216";"1608935";"9,59";"7";"85";"166";"2";"3"
"12.11.2015 03:50:00";"4";"0";"259";"3,62";"16777216";"2716231";"16,19";"5";"91";"166";"4";"5"
"12.11.2015 03:55:00";"4";"0";"224";"3,13";"16777216";"2112252";"12,59";"3";"76";"166";"2";"2"
"12.11.2015 04:00:00";"4";"0";"417";"5,81";"16777216";"2145806";"12,79";"152";"169";"166";"27";"7"
"12.11.2015 04:05:00";"4";"0";"349";"4,86";"16777216";"2884004";"17,19";"163";"207";"166";"4";"4"
"12.11.2015 04:10:00";"4";"0";"238";"3,32";"16777216";"2066953";"12,32";"25";"173";"166";"2";"3"
"12.11.2015 04:15:00";"4";"0";"292";"4,07";"16777216";"1798518";"10,72";"24";"107";"166";"2";"3"
"12.11.2015 04:20:00";"4";"0";"273";"3,8";"16777216";"2268280";"13,52";"18";"117";"166";"4";"5"
"12.11.2015 04:25:00";"4";"0";"285";"3,97";"16777216";"2112252";"12,59";"14";"103";"166";"2";"2"
"12.11.2015 04:30:00";"4";"0";"249";"3,47";"16777216";"2055209";"12,25";"8";"113";"166";"2";"3"
"12.11.2015 04:35:00";"4";"0";"349";"4,87";"16777216";"2402497";"14,32";"10";"156";"166";"29";"11"
"12.11.2015 04:40:00";"4";"0";"274";"3,82";"16777216";"1944479";"11,59";"7";"99";"166";"23";"22"
"12.11.2015 04:45:00";"4";"0";"274";"3,82";"16777216";"2021655";"12,05";"7";"92";"166";"21";"24"
"12.11.2015 04:50:00";"4";"0";"479";"6,67";"16777216";"2088763";"12,45";"25";"216";"166";"56";"14"
"12.11.2015 04:55:00";"4";"0";"251";"3,5";"16777216";"1988100";"11,85";"11";"114";"166";"2";"3"
"12.11.2015 05:00:00";"4";"0";"256";"3,56";"16777216";"2134062";"12,72";"8";"103";"166";"2";"3"
"12.11.2015 05:05:00";"4";"0";"499";"6,96";"16777216";"3845338";"22,92";"55";"1632";"166";"44";"495"
"12.11.2015 05:10:00";"4";"0";"236";"3,29";"16777216";"3028287";"18,05";"5";"104";"166";"2";"3"
"12.11.2015 05:15:00";"4";"0";"243";"3,39";"16777216";"1865626";"11,12";"8";"85";"166";"2";"3"
"12.11.2015 05:20:00";"4";"0";"269";"3,76";"16777216";"1988100";"11,85";"14";"101";"166";"4";"5"
"12.11.2015 05:25:00";"4";"0";"240";"3,34";"16777216";"2033399";"12,12";"6";"83";"166";"2";"2"
"12.11.2015 05:30:00";"4";"0";"251";"3,5";"16777216";"1887437";"11,25";"7";"87";"166";"2";"3"
"12.11.2015 05:35:00";"4";"0";"276";"3,84";"16777216";"2201171";"13,12";"10";"112";"166";"4";"5"
"12.11.2015 05:40:00";"4";"0";"300";"4,19";"16777216";"1664300";"9,92";"13";"111";"166";"3";"4"
"12.11.2015 05:45:00";"4";"0";"310";"4,32";"16777216";"1865626";"11,12";"9";"143";"166";"27";"7"
"12.11.2015 05:50:00";"4";"0";"259";"3,61";"16777216";"2290090";"13,65";"7";"93";"166";"4";"5"
"12.11.2015 05:55:00";"4";"0";"252";"3,52";"16777216";"2112252";"12,59";"9";"99";"166";"2";"2"
"12.11.2015 06:00:00";"4";"0";"368";"5,13";"16777216";"2100508";"12,52";"423";"216";"166";"2";"3"
"12.11.2015 06:05:00";"4";"0";"723";"10,07";"16777216";"4068475";"24,25";"89254";"457";"166";"19";"3161"
"12.11.2015 06:10:00";"4";"0";"291";"4,06";"16777216";"5153961";"30,72";"1360";"135";"166";"40";"44"
"12.11.2015 06:15:00";"4";"0";"244";"3,4";"16777216";"2826961";"16,85";"8";"87";"166";"2";"3"
"12.11.2015 06:20:00";"4";"0";"266";"3,71";"16777216";"1999844";"11,92";"9";"94";"166";"4";"5"
"12.11.2015 06:25:00";"4";"0";"229";"3,19";"16777216";"1776707";"10,59";"0";"80";"166";"2";"2"
"12.11.2015 06:30:00";"4";"0";"248";"3,46";"16777216";"1484784";"8,85";"0";"96";"166";"2";"3"
"12.11.2015 06:35:00";"4";"0";"293";"4,08";"16777216";"2280024";"13,59";"243";"115";"166";"6";"6"
"12.11.2015 06:40:00";"4";"0";"255";"3,56";"16777216";"2055209";"12,25";"2";"97";"166";"3";"4"
"12.11.2015 06:45:00";"4";"0";"256";"3,57";"16777216";"2088763";"12,45";"7";"101";"166";"2";"3"
"12.11.2015 06:50:00";"4";"0";"333";"4,64";"16777216";"1743153";"10,39";"3";"155";"166";"28";"8"
"12.11.2015 06:55:00";"4";"0";"230";"3,2";"16777216";"1810262";"10,79";"0";"82";"166";"2";"3"
"12.11.2015 07:00:00";"4";"0";"257";"3,57";"16777216";"1731409";"10,32";"7";"87";"166";"2";"3"
"12.11.2015 07:05:00";"4";"0";"268";"3,74";"16777216";"2625634";"15,65";"34";"107";"166";"4";"4"
"12.11.2015 07:10:00";"4";"0";"232";"3,23";"16777216";"1887437";"11,25";"2";"96";"166";"2";"3"
"12.11.2015 07:15:00";"4";"0";"250";"3,48";"16777216";"1853882";"11,05";"5";"95";"166";"2";"3"
"12.11.2015 07:20:00";"4";"0";"267";"3,72";"16777216";"1865626";"11,12";"2";"114";"166";"4";"5"
"12.11.2015 07:25:00";"4";"0";"225";"3,14";"16777216";"2290090";"13,65";"3";"85";"166";"2";"3"
"12.11.2015 07:30:00";"4";"0";"253";"3,52";"16777216";"2268280";"13,52";"5";"98";"166";"2";"3"
"12.11.2015 07:35:00";"4";"0";"275";"3,84";"16777216";"1776707";"10,59";"6";"123";"166";"4";"5"
"12.11.2015 07:40:00";"4";"0";"248";"3,45";"16777216";"1776707";"10,59";"0";"114";"166";"2";"3"
"12.11.2015 07:45:00";"4";"0";"246";"3,42";"16777216";"1798518";"10,72";"0";"93";"166";"2";"3"
"12.11.2015 07:50:00";"4";"0";"259";"3,61";"16777216";"1686110";"10,05";"7";"105";"166";"4";"5"
"12.11.2015 07:55:00";"4";"0";"295";"4,12";"16777216";"1865626";"11,12";"0";"135";"166";"26";"6"
"12.11.2015 08:00:00";"4";"0";"339";"4,73";"16777216";"1764963";"10,52";"30";"119";"166";"2";"3"
"12.11.2015 08:05:00";"4";"0";"276";"3,85";"16777216";"2826961";"16,85";"1";"130";"166";"4";"4"
"12.11.2015 08:10:00";"4";"0";"248";"3,45";"16777216";"2189427";"13,05";"0";"102";"166";"2";"3"
"12.11.2015 08:15:00";"4";"0";"284";"3,95";"16777216";"2212915";"13,19";"1";"106";"166";"2";"3"
"12.11.2015 08:20:00";"4";"0";"267";"3,72";"16777216";"2112252";"12,59";"22";"114";"166";"4";"4"
"12.11.2015 08:25:00";"4";"0";"242";"3,38";"16777216";"2134062";"12,72";"7";"91";"166";"2";"3"
"12.11.2015 08:30:00";"4";"0";"246";"3,43";"16777216";"2055209";"12,25";"5";"103";"166";"2";"3"
"12.11.2015 08:35:00";"4";"0";"265";"3,69";"16777216";"2011588";"11,99";"6";"116";"166";"4";"5"
"12.11.2015 08:40:00";"4";"0";"301";"4,19";"16777216";"1551892";"9,25";"9";"103";"166";"2";"3"
"12.11.2015 08:45:00";"4";"0";"253";"3,53";"16777216";"2280024";"13,59";"8";"96";"166";"2";"3"
"12.11.2015 08:50:00";"4";"0";"263";"3,66";"16777216";"2011588";"11,99";"65";"109";"166";"4";"4"
"12.11.2015 08:55:00";"4";"0";"294";"4,1";"16777216";"2615568";"15,59";"6";"135";"166";"26";"6"
"12.11.2015 09:00:00";"4";"0";"265";"3,69";"16777216";"2145806";"12,79";"8";"102";"166";"2";"3"
"12.11.2015 09:05:00";"4";"0";"406";"5,66";"16777216";"2951112";"17,59";"11";"780";"166";"43";"233"
"12.11.2015 09:10:00";"4";"0";"231";"3,22";"16777216";"2414241";"14,39";"1";"102";"166";"2";"3"
"12.11.2015 09:15:00";"4";"0";"250";"3,49";"16777216";"1944479";"11,59";"0";"98";"166";"2";"3"
"12.11.2015 09:20:00";"4";"0";"280";"3,91";"16777216";"2481350";"14,79";"439";"122";"166";"4";"5"
"12.11.2015 09:25:00";"4";"0";"239";"3,34";"16777216";"2481350";"14,79";"0";"94";"166";"1";"3"
"12.11.2015 09:30:00";"4";"0";"257";"3,58";"16777216";"1608935";"9,59";"0";"106";"166";"2";"3"
"12.11.2015 09:35:00";"4";"0";"283";"3,94";"16777216";"1508272";"8,99";"3";"133";"166";"4";"5"
"12.11.2015 09:40:00";"4";"0";"250";"3,49";"16777216";"1709598";"10,19";"0";"105";"166";"2";"4"
"12.11.2015 09:45:00";"4";"0";"328";"4,57";"16777216";"2212915";"13,19";"1";"152";"166";"27";"7"
"12.11.2015 09:50:00";"4";"0";"277";"3,86";"16777216";"1944479";"11,59";"2";"127";"166";"4";"5"
"12.11.2015 09:55:00";"4";"0";"237";"3,3";"16777216";"1820328";"10,85";"30";"102";"166";"2";"3"
"12.11.2015 10:00:00";"4";"0";"407";"5,67";"16777216";"1899181";"11,32";"10";"137";"166";"3";"4"
"12.11.2015 10:05:00";"4";"0";"282";"3,93";"16777216";"2592080";"15,45";"1";"152";"166";"4";"4"
"12.11.2015 10:10:00";"4";"0";"236";"3,29";"16777216";"1966290";"11,72";"0";"100";"166";"2";"3"
"12.11.2015 10:15:00";"4";"0";"268";"3,74";"16777216";"1877370";"11,19";"41";"111";"166";"2";"3"
"12.11.2015 10:20:00";"4";"0";"526";"7,33";"16777216";"2414241";"14,39";"44";"116";"166";"4";"5"
"12.11.2015 10:25:00";"4";"0";"228";"3,17";"16777216";"2145806";"12,79";"6";"86";"166";"2";"3"
"12.11.2015 10:30:00";"4";"0";"258";"3,6";"16777216";"1676044";"9,99";"9";"100";"166";"2";"3"
"12.11.2015 10:35:00";"4";"0";"254";"3,54";"16777216";"1988100";"11,85";"9";"111";"166";"4";"4"
"12.11.2015 10:40:00";"4";"0";"237";"3,3";"16777216";"1508272";"8,99";"7";"85";"166";"2";"3"
"12.11.2015 10:45:00";"4";"0";"245";"3,41";"16777216";"1776707";"10,59";"8";"89";"166";"2";"3"
"12.11.2015 10:50:00";"4";"0";"259";"3,62";"16777216";"2134062";"12,72";"7";"100";"166";"4";"4"
"12.11.2015 10:55:00";"4";"0";"233";"3,25";"16777216";"2112252";"12,59";"7";"88";"166";"2";"2"
"12.11.2015 11:00:00";"4";"0";"284";"3,95";"16777216";"1966290";"11,72";"15";"116";"166";"2";"3"
"12.11.2015 11:05:00";"4";"0";"299";"4,17";"16777216";"2884004";"17,19";"15";"142";"166";"4";"4"
"12.11.2015 11:10:00";"4";"0";"257";"3,58";"16777216";"2301834";"13,72";"11";"128";"166";"2";"3"
"12.11.2015 11:15:00";"4";"0";"292";"4,08";"16777216";"2112252";"12,59";"15";"138";"166";"2";"3"
"12.11.2015 11:20:00";"4";"0";"293";"4,08";"16777216";"2155872";"12,85";"11";"144";"166";"4";"4"
"12.11.2015 11:25:00";"4";"0";"231";"3,23";"16777216";"2357199";"14,05";"6";"93";"166";"2";"2"
"12.11.2015 11:30:00";"4";"0";"242";"3,38";"16777216";"2011588";"11,99";"7";"95";"166";"2";"3"
"12.11.2015 11:35:00";"4";"0";"272";"3,79";"16777216";"2021655";"12,05";"9";"120";"166";"4";"4"
"12.11.2015 11:40:00";"4";"0";"289";"4,02";"16777216";"2145806";"12,79";"11";"113";"166";"2";"3"
"12.11.2015 11:45:00";"4";"0";"257";"3,59";"16777216";"2033399";"12,12";"9";"110";"166";"2";"3"
"12.11.2015 11:50:00";"4";"0";"258";"3,6";"16777216";"1944479";"11,59";"7";"110";"166";"4";"4"
"12.11.2015 11:55:00";"4";"0";"235";"3,27";"16777216";"1877370";"11,19";"6";"88";"166";"2";"3"
"12.11.2015 12:00:00";"4";"0";"374";"5,21";"16777216";"2112252";"12,59";"26";"133";"166";"3";"3"
"12.11.2015 12:05:00";"4";"0";"1360";"18,94";"16777216";"3555092";"21,19";"63";"1090";"166";"4";"5"
"12.11.2015 12:10:00";"4";"0";"255";"3,55";"16777216";"2984667";"17,79";"9";"1161";"166";"2";"3"
"12.11.2015 12:15:00";"4";"0";"347";"4,84";"16777216";"2414241";"14,39";"13";"166";"166";"27";"7"
"12.11.2015 12:20:00";"4";"0";"299";"4,17";"16777216";"2905814";"17,32";"63";"155";"166";"4";"5"
"12.11.2015 12:25:00";"4";"0";"266";"3,7";"16777216";"2155872";"12,85";"11";"133";"166";"2";"3"
"12.11.2015 12:30:00";"4";"0";"254";"3,54";"16777216";"1877370";"11,19";"8";"131";"166";"2";"3"
"12.11.2015 12:35:00";"4";"0";"287";"4";"16777216";"1877370";"11,19";"14";"154";"166";"4";"5"
"12.11.2015 12:40:00";"4";"0";"244";"3,4";"16777216";"2122318";"12,65";"8";"114";"166";"2";"3"
"12.11.2015 12:45:00";"4";"0";"247";"3,44";"16777216";"1731409";"10,32";"7";"115";"166";"2";"3"
"12.11.2015 12:50:00";"4";"0";"272";"3,8";"16777216";"2414241";"14,39";"9";"130";"166";"4";"5"
"12.11.2015 12:55:00";"4";"0";"240";"3,35";"16777216";"2189427";"13,05";"9";"107";"166";"2";"2"
"12.11.2015 13:00:00";"4";"0";"254";"3,53";"16777216";"1853882";"11,05";"7";"124";"166";"2";"3"
"12.11.2015 13:05:00";"4";"0";"565";"7,87";"16777216";"3420874";"20,39";"58";"2044";"166";"45";"550"
"12.11.2015 13:10:00";"4";"0";"246";"3,43";"16777216";"3085330";"18,39";"19";"156";"166";"2";"3"
"12.11.2015 13:15:00";"4";"0";"275";"3,84";"16777216";"2179360";"12,99";"11";"127";"166";"3";"4"
"12.11.2015 13:20:00";"4";"0";"343";"4,77";"16777216";"2491417";"14,85";"12";"194";"166";"29";"8"
"12.11.2015 13:25:00";"4";"0";"244";"3,4";"16777216";"2179360";"12,99";"7";"100";"166";"2";"2"
"12.11.2015 13:30:00";"4";"0";"304";"4,23";"16777216";"2256536";"13,45";"15";"144";"166";"2";"3"
"12.11.2015 13:35:00";"4";"0";"284";"3,96";"16777216";"2167616";"12,92";"12";"167";"166";"4";"5"
"12.11.2015 13:40:00";"4";"0";"255";"3,55";"16777216";"2078697";"12,39";"8";"130";"166";"2";"3"
"12.11.2015 13:45:00";"4";"0";"329";"4,59";"16777216";"1743153";"10,39";"10";"171";"166";"27";"7"
"12.11.2015 13:50:00";"4";"0";"260";"3,62";"16777216";"2155872";"12,85";"8";"121";"166";"4";"5"
"12.11.2015 13:55:00";"4";"0";"245";"3,42";"16777216";"1810262";"10,79";"8";"92";"166";"2";"2"
"12.11.2015 14:00:00";"4";"0";"420";"5,85";"16777216";"2212915";"13,19";"35";"188";"166";"2";"3"
"12.11.2015 14:05:00";"4";"0";"312";"4,34";"16777216";"2805150";"16,72";"20";"216";"166";"4";"5"
"12.11.2015 14:10:00";"4";"0";"261";"3,64";"16777216";"2011588";"11,99";"17";"117";"166";"2";"3"
"12.11.2015 14:15:00";"4";"0";"259";"3,6";"16777216";"2078697";"12,39";"8";"128";"166";"2";"3"
"12.11.2015 14:20:00";"4";"0";"284";"3,96";"16777216";"2078697";"12,39";"12";"153";"166";"4";"4"
"12.11.2015 14:25:00";"4";"0";"252";"3,51";"16777216";"1978034";"11,79";"11";"128";"166";"2";"3"
"12.11.2015 14:30:00";"4";"0";"295";"4,11";"16777216";"2078697";"12,39";"18";"156";"166";"2";"3"
"12.11.2015 14:35:00";"4";"0";"280";"3,91";"16777216";"2145806";"12,79";"11";"170";"166";"4";"5"
"12.11.2015 14:40:00";"4";"0";"278";"3,87";"16777216";"1877370";"11,19";"13";"107";"166";"2";"3"
"12.11.2015 14:45:00";"4";"0";"276";"3,85";"16777216";"1978034";"11,79";"10";"128";"166";"3";"4"
"12.11.2015 14:50:00";"4";"0";"257";"3,58";"16777216";"2078697";"12,39";"8";"132";"166";"4";"5"
"12.11.2015 14:55:00";"4";"0";"271";"3,77";"16777216";"1810262";"10,79";"8";"123";"166";"20";"5"
"12.11.2015 15:00:00";"4";"0";"281";"3,92";"16777216";"1978034";"11,79";"10";"135";"166";"8";"4"
"12.11.2015 15:05:00";"4";"0";"282";"3,93";"16777216";"2805150";"16,72";"10";"147";"166";"4";"4"
"12.11.2015 15:10:00";"4";"0";"232";"3,23";"16777216";"1877370";"11,19";"7";"108";"166";"2";"3"
"12.11.2015 15:15:00";"4";"0";"262";"3,65";"16777216";"1810262";"10,79";"9";"121";"166";"2";"3"
"12.11.2015 15:20:00";"4";"0";"261";"3,63";"16777216";"2011588";"11,99";"7";"131";"166";"4";"5"
"12.11.2015 15:25:00";"4";"0";"372";"5,18";"16777216";"1776707";"10,59";"321";"121";"166";"2";"3"
"12.11.2015 15:30:00";"4";"0";"283";"3,94";"16777216";"2179360";"12,99";"13";"148";"166";"2";"3"
"12.11.2015 15:35:00";"4";"0";"267";"3,72";"16777216";"1642489";"9,79";"9";"161";"166";"4";"5"
"12.11.2015 15:40:00";"4";"0";"271";"3,77";"16777216";"2615568";"15,59";"9";"128";"166";"2";"3"
"12.11.2015 15:45:00";"4";"0";"332";"4,62";"16777216";"2078697";"12,39";"13";"186";"166";"27";"7"
"12.11.2015 15:50:00";"4";"0";"284";"3,96";"16777216";"2078697";"12,39";"10";"153";"166";"4";"5"
"12.11.2015 15:55:00";"4";"0";"229";"3,19";"16777216";"1944479";"11,59";"7";"119";"166";"2";"3"
"12.11.2015 16:00:00";"4";"0";"433";"6,03";"16777216";"2179360";"12,99";"559";"231";"166";"2";"3"
"12.11.2015 16:05:00";"4";"0";"277";"3,86";"16777216";"2826961";"16,85";"10";"200";"166";"4";"4"
"12.11.2015 16:10:00";"4";"0";"250";"3,48";"16777216";"2201171";"13,12";"8";"116";"166";"2";"3"
"12.11.2015 16:15:00";"4";"0";"269";"3,74";"16777216";"2134062";"12,72";"11";"134";"166";"2";"3"
"12.11.2015 16:20:00";"4";"0";"291";"4,06";"16777216";"1798518";"10,72";"11";"162";"166";"4";"5"
"12.11.2015 16:25:00";"4";"0";"230";"3,21";"16777216";"1988100";"11,85";"7";"107";"166";"2";"2"
"12.11.2015 16:30:00";"4";"0";"251";"3,5";"16777216";"2066953";"12,32";"7";"114";"166";"2";"3"
"12.11.2015 16:35:00";"4";"0";"293";"4,08";"16777216";"1676044";"9,99";"16";"158";"166";"4";"5"
"12.11.2015 16:40:00";"4";"0";"252";"3,52";"16777216";"1932735";"11,52";"7";"121";"166";"2";"3"
"12.11.2015 16:45:00";"4";"0";"327";"4,56";"16777216";"1988100";"11,85";"11";"169";"166";"27";"7"
"12.11.2015 16:50:00";"4";"0";"262";"3,65";"16777216";"2323644";"13,85";"9";"143";"166";"4";"5"
"12.11.2015 16:55:00";"4";"0";"227";"3,16";"16777216";"1978034";"11,79";"7";"97";"166";"2";"2"
"12.11.2015 17:00:00";"4";"0";"273";"3,81";"16777216";"2100508";"12,52";"9";"122";"166";"2";"3"
"12.11.2015 17:05:00";"4";"0";"462";"6,43";"16777216";"3263169";"19,45";"17";"1237";"166";"44";"379"
"12.11.2015 17:10:00";"4";"0";"259";"3,61";"16777216";"2592080";"15,45";"18";"129";"166";"2";"3"
"12.11.2015 17:15:00";"4";"0";"254";"3,54";"16777216";"2179360";"12,99";"4";"129";"166";"2";"3"
"12.11.2015 17:20:00";"4";"0";"282";"3,92";"16777216";"2088763";"12,45";"13";"139";"166";"4";"5"
"12.11.2015 17:25:00";"4";"0";"285";"3,97";"16777216";"2045143";"12,19";"9";"138";"166";"2";"2"
"12.11.2015 17:30:00";"4";"0";"279";"3,88";"16777216";"2100508";"12,52";"11";"150";"166";"2";"3"
"12.11.2015 17:35:00";"4";"0";"269";"3,75";"16777216";"1877370";"11,19";"6";"140";"166";"4";"4"
"12.11.2015 17:40:00";"4";"0";"287";"4";"16777216";"1551892";"9,25";"14";"109";"166";"2";"3"
"12.11.2015 17:45:00";"4";"0";"266";"3,71";"16777216";"2201171";"13,12";"7";"131";"166";"3";"4"
"12.11.2015 17:50:00";"4";"0";"273";"3,8";"16777216";"1764963";"10,52";"6";"136";"166";"5";"5"
"12.11.2015 17:55:00";"4";"0";"229";"3,19";"16777216";"2222981";"13,25";"2";"87";"166";"2";"2"
"12.11.2015 18:00:00";"4";"0";"390";"5,44";"16777216";"2122318";"12,65";"13";"171";"166";"23";"6"
"12.11.2015 18:05:00";"4";"0";"297";"4,13";"16777216";"3028287";"18,05";"6";"173";"166";"8";"5"
"12.11.2015 18:10:00";"4";"0";"271";"3,78";"16777216";"2469606";"14,72";"8";"109";"166";"2";"3"
"12.11.2015 18:15:00";"4";"0";"276";"3,85";"16777216";"2414241";"14,39";"16";"138";"166";"2";"3"
"12.11.2015 18:20:00";"4";"0";"279";"3,88";"16777216";"1944479";"11,59";"15";"150";"166";"4";"5"
"12.11.2015 18:25:00";"4";"0";"255";"3,55";"16777216";"2457862";"14,65";"10";"126";"166";"2";"2"
"12.11.2015 18:30:00";"4";"0";"259";"3,61";"16777216";"1887437";"11,25";"6";"134";"166";"2";"3"
"12.11.2015 18:35:00";"4";"0";"336";"4,69";"16777216";"2179360";"12,99";"10";"155";"166";"57";"58"
"12.11.2015 18:40:00";"4";"0";"320";"4,46";"16777216";"1920991";"11,45";"7";"106";"166";"57";"59"
"12.11.2015 18:45:00";"4";"0";"256";"3,57";"16777216";"1820328";"10,85";"9";"117";"166";"8";"9"
"12.11.2015 18:50:00";"4";"0";"296";"4,13";"16777216";"2011588";"11,99";"7";"188";"166";"49";"19"
"12.11.2015 18:55:00";"4";"0";"243";"3,38";"16777216";"1843816";"10,99";"7";"96";"166";"11";"13"
"12.11.2015 19:00:00";"4";"0";"315";"4,39";"16777216";"1608935";"9,59";"7";"136";"166";"21";"24"
"12.11.2015 19:05:00";"4";"0";"282";"3,93";"16777216";"2726298";"16,25";"2";"150";"166";"12";"13"
"12.11.2015 19:10:00";"4";"0";"253";"3,53";"16777216";"1877370";"11,19";"2";"118";"166";"8";"10"
"12.11.2015 19:15:00";"4";"0";"281";"3,92";"16777216";"1608935";"9,59";"2";"129";"166";"25";"29"
"12.11.2015 19:20:00";"4";"0";"290";"4,05";"16777216";"1920991";"11,45";"1";"135";"166";"22";"24"
"12.11.2015 19:25:00";"4";"0";"258";"3,59";"16777216";"2033399";"12,12";"1";"99";"166";"16";"19"
"12.11.2015 19:30:00";"4";"0";"294";"4,1";"16777216";"1899181";"11,32";"1";"132";"166";"33";"38"
"12.11.2015 19:35:00";"4";"0";"304";"4,23";"16777216";"1843816";"10,99";"7";"154";"166";"23";"27"
"12.11.2015 19:40:00";"4";"0";"254";"3,54";"16777216";"1932735";"11,52";"0";"127";"166";"7";"8"
"12.11.2015 19:45:00";"4";"0";"256";"3,57";"16777216";"1753219";"10,45";"3";"120";"166";"6";"8"
"12.11.2015 19:50:00";"4";"0";"353";"4,92";"16777216";"1954546";"11,65";"11";"193";"166";"39";"20"
"12.11.2015 19:55:00";"4";"0";"262";"3,65";"16777216";"1899181";"11,32";"7";"104";"166";"22";"26"
"12.11.2015 20:00:00";"4";"0";"871";"12,13";"16777216";"2939368";"17,52";"5032";"834";"166";"23";"26"
"12.11.2015 20:05:00";"4";"0";"906";"12,62";"16777216";"6071674";"36,19";"89010";"1840";"166";"81";"5163"
"12.11.2015 20:10:00";"4";"0";"247";"3,44";"16777216";"5534804";"32,99";"38";"134";"166";"7";"7"
"12.11.2015 20:15:00";"4";"0";"284";"3,96";"16777216";"3018221";"17,99";"139";"137";"166";"12";"12"
"12.11.2015 20:20:00";"4";"0";"303";"4,22";"16777216";"2045143";"12,19";"496";"157";"166";"8";"9"
"12.11.2015 20:25:00";"4";"0";"247";"3,45";"16777216";"2716231";"16,19";"8";"127";"166";"7";"8"
"12.11.2015 20:30:00";"4";"0";"246";"3,43";"16777216";"1676044";"9,99";"8";"116";"166";"2";"3"
"12.11.2015 20:35:00";"4";"0";"281";"3,91";"16777216";"2234725";"13,32";"11";"147";"166";"4";"5"
"12.11.2015 20:40:00";"4";"0";"289";"4,03";"16777216";"2078697";"12,39";"35";"117";"166";"2";"4"
"12.11.2015 20:45:00";"4";"0";"317";"4,42";"16777216";"2179360";"12,99";"10";"170";"166";"27";"7"
"12.11.2015 20:50:00";"4";"0";"269";"3,75";"16777216";"1920991";"11,45";"15";"136";"166";"5";"6"
"12.11.2015 20:55:00";"4";"0";"237";"3,31";"16777216";"2011588";"11,99";"7";"100";"166";"2";"3"
"12.11.2015 21:00:00";"4";"0";"266";"3,71";"16777216";"1776707";"10,59";"8";"121";"166";"9";"10"
"12.11.2015 21:05:00";"4";"0";"398";"5,55";"16777216";"3454429";"20,59";"47";"453";"166";"60";"124"
"12.11.2015 21:10:00";"4";"0";"253";"3,53";"16777216";"2481350";"14,79";"6";"119";"166";"15";"17"
"12.11.2015 21:15:00";"4";"0";"251";"3,5";"16777216";"1676044";"9,99";"6";"116";"166";"5";"6"
"12.11.2015 21:20:00";"4";"0";"277";"3,86";"16777216";"1719665";"10,25";"7";"138";"166";"9";"10"
"12.11.2015 21:25:00";"4";"0";"250";"3,48";"16777216";"2280024";"13,59";"4";"103";"166";"8";"9"
"12.11.2015 21:30:00";"4";"0";"253";"3,53";"16777216";"2021655";"12,05";"2";"122";"166";"8";"7"
"12.11.2015 21:35:00";"4";"0";"290";"4,05";"16777216";"2045143";"12,19";"3";"151";"166";"16";"17"
"12.11.2015 21:40:00";"4";"0";"254";"3,54";"16777216";"1843816";"10,99";"3";"108";"166";"8";"8"
"12.11.2015 21:45:00";"4";"0";"252";"3,51";"16777216";"1966290";"11,72";"2";"118";"166";"5";"6"
"12.11.2015 21:50:00";"4";"0";"291";"4,06";"16777216";"2066953";"12,32";"2";"141";"166";"27";"27"
"12.11.2015 21:55:00";"4";"0";"326";"4,55";"16777216";"1988100";"11,85";"5";"150";"166";"47";"27"
"12.11.2015 22:00:00";"4";"0";"382";"5,32";"16777216";"1920991";"11,45";"132";"156";"166";"22";"22"
"12.11.2015 22:05:00";"4";"0";"760";"10,59";"16777216";"4135584";"24,65";"2130";"369";"166";"15";"16"
"12.11.2015 22:10:00";"4";"0";"267";"3,72";"16777216";"3061842";"18,25";"3";"272";"166";"15";"17"
"12.11.2015 22:15:00";"4";"0";"264";"3,68";"16777216";"2222981";"13,25";"2";"127";"166";"5";"6"
"12.11.2015 22:20:00";"4";"0";"365";"5,08";"16777216";"2726298";"16,25";"7";"164";"166";"13";"14"
"12.11.2015 22:25:00";"4";"0";"265";"3,69";"16777216";"2850449";"16,99";"1";"151";"166";"15";"13"
"12.11.2015 22:30:00";"4";"0";"452";"6,31";"16777216";"2212915";"13,19";"399";"860";"166";"32";"37"
"12.11.2015 22:35:00";"4";"0";"289";"4,02";"16777216";"2749786";"16,39";"0";"777";"166";"9";"10"
"12.11.2015 22:40:00";"4";"0";"259";"3,61";"16777216";"2021655";"12,05";"0";"102";"166";"11";"13"
"12.11.2015 22:45:00";"4";"0";"260";"3,62";"16777216";"2100508";"12,52";"5";"122";"166";"3";"4"
"12.11.2015 22:50:00";"4";"0";"286";"3,98";"16777216";"1810262";"10,79";"10";"136";"166";"4";"5"
"12.11.2015 22:55:00";"4";"0";"284";"3,95";"16777216";"1753219";"10,45";"7";"136";"166";"23";"9"
"12.11.2015 23:00:00";"4";"0";"357";"4,97";"16777216";"1843816";"10,99";"26";"152";"166";"11";"6"
"12.11.2015 23:05:00";"4";"0";"316";"4,4";"16777216";"2860515";"17,05";"17";"163";"166";"4";"4"
"12.11.2015 23:10:00";"4";"0";"248";"3,46";"16777216";"2145806";"12,79";"23";"112";"166";"2";"3"
"12.11.2015 23:15:00";"4";"0";"265";"3,69";"16777216";"2313578";"13,79";"8";"120";"166";"2";"3"
"12.11.2015 23:20:00";"4";"0";"281";"3,92";"16777216";"2424308";"14,45";"10";"145";"166";"4";"5"
"12.11.2015 23:25:00";"4";"0";"247";"3,45";"16777216";"1820328";"10,85";"9";"113";"166";"1";"2"
"12.11.2015 23:30:00";"4";"0";"273";"3,8";"16777216";"1865626";"11,12";"10";"130";"166";"2";"3"
"12.11.2015 23:35:00";"4";"0";"284";"3,96";"16777216";"1776707";"10,59";"10";"159";"166";"4";"5"
"12.11.2015 23:40:00";"4";"0";"294";"4,09";"16777216";"2078697";"12,39";"6";"118";"166";"6";"4"
"12.11.2015 23:45:00";"4";"0";"335";"4,67";"16777216";"2100508";"12,52";"11";"168";"166";"24";"6"
"12.11.2015 23:50:00";"4";"0";"269";"3,74";"16777216";"1832072";"10,92";"7";"139";"166";"4";"5"
"12.11.2015 23:55:00";"4";"0";"243";"3,39";"16777216";"1910925";"11,39";"9";"101";"166";"2";"2"
"13.11.2015 00:00:00";"4";"0";"341";"4,75";"16777216";"2256536";"13,45";"48";"131";"166";"2";"3"
"13.11.2015 00:05:00";"4";"0";"452";"6,29";"16777216";"3387320";"20,19";"40";"454";"166";"60";"7"
"13.11.2015 00:10:00";"4";"0";"565";"7,87";"16777216";"2704487";"16,12";"86";"2458";"166";"52";"5"
"13.11.2015 00:15:00";"4";"0";"797";"11,1";"16777216";"3867148";"23,05";"852";"570";"166";"56";"5"
"13.11.2015 00:20:00";"4";"0";"304";"4,24";"16777216";"3308467";"19,72";"17";"209";"166";"67";"7"
"13.11.2015 00:25:00";"4";"0";"760";"10,58";"16777216";"3498050";"20,85";"72";"4238";"166";"58";"5"
"13.11.2015 00:30:00";"4";"0";"277";"3,87";"16777216";"3991300";"23,79";"8";"252";"166";"66";"5"
"13.11.2015 00:35:00";"4";"0";"483";"6,73";"16777216";"2726298";"16,25";"51";"114";"166";"29";"5"
"13.11.2015 00:40:00";"4";"0";"246";"3,43";"16777216";"2301834";"13,72";"6";"87";"166";"2";"3"
"13.11.2015 00:45:00";"4";"0";"260";"3,62";"16777216";"1899181";"11,32";"7";"80";"166";"2";"3"
"13.11.2015 00:50:00";"4";"0";"275";"3,83";"16777216";"1786773";"10,65";"8";"87";"166";"4";"5"
"13.11.2015 00:55:00";"4";"0";"241";"3,36";"16777216";"1810262";"10,79";"7";"80";"166";"2";"2"
"13.11.2015 01:00:00";"4";"0";"264";"3,68";"16777216";"1551892";"9,25";"10";"82";"166";"2";"3"
"13.11.2015 01:05:00";"4";"0";"907";"12,64";"16777216";"3487983";"20,79";"2961";"627";"166";"50";"1187"
"13.11.2015 01:10:00";"4";"0";"248";"3,46";"16777216";"3128951";"18,65";"19";"140";"166";"2";"3"
"13.11.2015 01:15:00";"4";"0";"264";"3,68";"16777216";"1832072";"10,92";"2";"82";"166";"2";"3"
"13.11.2015 01:20:00";"4";"0";"276";"3,84";"16777216";"1753219";"10,45";"349";"90";"166";"4";"5"
"13.11.2015 01:25:00";"4";"0";"625";"8,7";"16777216";"2524971";"15,05";"10545";"127";"166";"46";"3479"
"13.11.2015 01:30:00";"4";"0";"847";"11,8";"16777216";"4192626";"24,99";"19841";"770";"166";"81";"6060"
"13.11.2015 01:35:00";"4";"0";"694";"9,67";"16777216";"4226181";"25,19";"7517";"104";"166";"78";"6433"
"13.11.2015 01:40:00";"4";"0";"693";"9,66";"16777216";"4427507";"26,39";"8715";"102";"166";"71";"6990"
"13.11.2015 01:45:00";"4";"0";"860";"11,98";"16777216";"4561725";"27,19";"9525";"1308";"166";"83";"6770"
"13.11.2015 01:50:00";"4";"0";"891";"12,42";"16777216";"5098596";"30,39";"10745";"1521";"166";"98";"6783"
"13.11.2015 01:55:00";"4";"0";"883";"12,3";"16777216";"4763052";"28,39";"10800";"156";"166";"130";"7044"
"13.11.2015 02:00:00";"4";"0";"913";"12,71";"16777216";"4897269";"29,19";"8340";"164";"166";"122";"6552"
"13.11.2015 02:05:00";"4";"0";"821";"11,43";"16777216";"5836794";"34,79";"10878";"130";"166";"103";"6488"
"13.11.2015 02:10:00";"4";"0";"796";"11,08";"16777216";"4818416";"28,72";"7285";"1728";"166";"113";"6836"
"13.11.2015 02:15:00";"4";"0";"695";"9,68";"16777216";"4046665";"24,12";"7796";"103";"166";"77";"7076"
"13.11.2015 02:20:00";"4";"0";"793";"11,05";"16777216";"4001366";"23,85";"9717";"114";"166";"97";"8682"
"13.11.2015 02:25:00";"4";"0";"732";"10,2";"16777216";"4461062";"26,59";"7609";"85";"166";"138";"7480"
"13.11.2015 02:30:00";"4";"0";"937";"13,06";"16777216";"4974444";"29,65";"11595";"1505";"166";"110";"5129"
"13.11.2015 02:35:00";"4";"0";"642";"8,94";"16777216";"5142217";"30,65";"4984";"419";"166";"44";"1800"
"13.11.2015 02:40:00";"4";"0";"294";"4,09";"16777216";"3677566";"21,92";"191";"93";"166";"3";"4"
"13.11.2015 02:45:00";"4";"0";"234";"3,27";"16777216";"2558525";"15,25";"16";"79";"166";"2";"3"
"13.11.2015 02:50:00";"4";"0";"262";"3,65";"16777216";"2246469";"13,39";"33";"89";"166";"4";"4"
"13.11.2015 02:55:00";"4";"0";"219";"3,05";"16777216";"2179360";"12,99";"11";"82";"166";"2";"3"
"13.11.2015 03:00:00";"4";"0";"252";"3,51";"16777216";"1853882";"11,05";"30";"84";"166";"2";"3"
"13.11.2015 03:05:00";"4";"0";"528";"7,36";"16777216";"3353765";"19,99";"724";"336";"166";"4";"4"
"13.11.2015 03:10:00";"4";"0";"235";"3,28";"16777216";"2189427";"13,05";"16";"249";"166";"2";"3"
"13.11.2015 03:15:00";"4";"0";"239";"3,34";"16777216";"1630745";"9,72";"13";"81";"166";"2";"3"
"13.11.2015 03:20:00";"4";"0";"326";"4,54";"16777216";"2457862";"14,65";"106";"111";"166";"4";"5"
"13.11.2015 03:25:00";"4";"0";"228";"3,18";"16777216";"2514905";"14,99";"22";"100";"166";"1";"3"
"13.11.2015 03:30:00";"4";"0";"243";"3,39";"16777216";"1798518";"10,72";"11";"81";"166";"2";"3"
"13.11.2015 03:35:00";"4";"0";"281";"3,92";"16777216";"2066953";"12,32";"25";"102";"166";"4";"5"
"13.11.2015 03:40:00";"4";"0";"236";"3,3";"16777216";"1887437";"11,25";"13";"91";"166";"2";"3"
"13.11.2015 03:45:00";"4";"0";"264";"3,68";"16777216";"1743153";"10,39";"153";"130";"166";"2";"3"
"13.11.2015 03:50:00";"4";"0";"256";"3,57";"16777216";"2066953";"12,32";"13";"91";"166";"4";"5"
"13.11.2015 03:55:00";"4";"0";"227";"3,16";"16777216";"1920991";"11,45";"10";"76";"166";"1";"3"
"13.11.2015 04:00:00";"4";"0";"340";"4,73";"16777216";"2189427";"13,05";"550";"184";"166";"2";"3"
"13.11.2015 04:05:00";"4";"0";"349";"4,86";"16777216";"3006477";"17,92";"283";"197";"166";"4";"4"
"13.11.2015 04:10:00";"4";"0";"225";"3,14";"16777216";"2167616";"12,92";"28";"156";"166";"2";"3"
"13.11.2015 04:15:00";"4";"0";"289";"4,03";"16777216";"1978034";"11,79";"70";"107";"166";"2";"3"
"13.11.2015 04:20:00";"4";"0";"344";"4,79";"16777216";"2268280";"13,52";"21";"157";"166";"25";"8"
"13.11.2015 04:25:00";"4";"0";"307";"4,28";"16777216";"2536715";"15,12";"40";"112";"166";"4";"3"
"13.11.2015 04:30:00";"4";"0";"242";"3,37";"16777216";"2290090";"13,65";"13";"109";"166";"2";"3"
"13.11.2015 04:35:00";"4";"0";"324";"4,51";"16777216";"1764963";"10,52";"32";"155";"166";"28";"11"
"13.11.2015 04:40:00";"4";"0";"282";"3,94";"16777216";"2234725";"13,32";"13";"115";"166";"20";"20"
"13.11.2015 04:45:00";"4";"0";"368";"5,13";"16777216";"2045143";"12,19";"22";"169";"166";"44";"18"
"13.11.2015 04:50:00";"4";"0";"371";"5,18";"16777216";"2212915";"13,19";"32";"148";"166";"24";"9"
"13.11.2015 04:55:00";"4";"0";"241";"3,36";"16777216";"2380687";"14,19";"16";"93";"166";"2";"3"
"13.11.2015 05:00:00";"4";"0";"240";"3,35";"16777216";"1988100";"11,85";"12";"106";"166";"2";"3"
"13.11.2015 05:05:00";"4";"0";"467";"6,51";"16777216";"3409130";"20,32";"202";"1279";"166";"45";"411"
"13.11.2015 05:10:00";"4";"0";"226";"3,15";"16777216";"2838705";"16,92";"10";"99";"166";"2";"3"
"13.11.2015 05:15:00";"4";"0";"244";"3,4";"16777216";"1920991";"11,45";"11";"85";"166";"2";"3"
"13.11.2015 05:20:00";"4";"0";"258";"3,6";"16777216";"1563636";"9,32";"10";"97";"166";"4";"5"
"13.11.2015 05:25:00";"4";"0";"238";"3,31";"16777216";"1877370";"11,19";"11";"78";"166";"2";"2"
"13.11.2015 05:30:00";"4";"0";"243";"3,38";"16777216";"1887437";"11,25";"10";"92";"166";"2";"3"
"13.11.2015 05:35:00";"4";"0";"285";"3,97";"16777216";"1798518";"10,72";"17";"120";"166";"4";"5"
"13.11.2015 05:40:00";"4";"0";"307";"4,27";"16777216";"1999844";"11,92";"31";"115";"166";"2";"3"
"13.11.2015 05:45:00";"4";"0";"315";"4,39";"16777216";"2189427";"13,05";"13";"155";"166";"27";"7"
"13.11.2015 05:50:00";"4";"0";"250";"3,49";"16777216";"2088763";"12,45";"8";"95";"166";"4";"4"
"13.11.2015 05:55:00";"4";"0";"228";"3,18";"16777216";"1608935";"9,59";"11";"84";"166";"1";"2"
"13.11.2015 06:00:00";"4";"0";"345";"4,81";"16777216";"2268280";"13,52";"241";"185";"166";"2";"3"
"13.11.2015 06:05:00";"4";"0";"839";"11,68";"16777216";"4214437";"25,12";"87002";"1791";"166";"24";"2465"
"13.11.2015 06:10:00";"4";"0";"303";"4,22";"16777216";"6507882";"38,79";"2858";"136";"166";"40";"45"
"13.11.2015 06:15:00";"4";"0";"247";"3,44";"16777216";"2884004";"17,19";"60";"88";"166";"2";"3"
"13.11.2015 06:20:00";"4";"0";"273";"3,81";"16777216";"2290090";"13,65";"26";"96";"166";"4";"5"
"13.11.2015 06:25:00";"4";"0";"226";"3,16";"16777216";"2246469";"13,39";"6";"82";"166";"2";"3"
"13.11.2015 06:30:00";"4";"0";"252";"3,51";"16777216";"2179360";"12,99";"16";"89";"166";"2";"3"
"13.11.2015 06:35:00";"4";"0";"292";"4,07";"16777216";"1910925";"11,39";"22";"116";"166";"6";"7"
"13.11.2015 06:40:00";"4";"0";"259";"3,61";"16777216";"1843816";"10,99";"20";"103";"166";"3";"4"
"13.11.2015 06:45:00";"4";"0";"325";"4,53";"16777216";"2021655";"12,05";"30";"151";"166";"27";"7"
"13.11.2015 06:50:00";"4";"0";"259";"3,61";"16777216";"2313578";"13,79";"8";"102";"166";"4";"5"
"13.11.2015 06:55:00";"4";"0";"224";"3,13";"16777216";"1676044";"9,99";"7";"79";"166";"2";"2"
"13.11.2015 07:00:00";"4";"0";"250";"3,48";"16777216";"1642489";"9,79";"10";"89";"166";"2";"3"
"13.11.2015 07:05:00";"4";"0";"272";"3,79";"16777216";"2726298";"16,25";"15";"106";"166";"4";"4"
"13.11.2015 07:10:00";"4";"0";"231";"3,22";"16777216";"2280024";"13,59";"3";"94";"166";"2";"3"
"13.11.2015 07:15:00";"4";"0";"246";"3,43";"16777216";"1932735";"11,52";"16";"92";"166";"2";"3"
"13.11.2015 07:20:00";"4";"0";"272";"3,79";"16777216";"2548459";"15,19";"11";"107";"166";"4";"5"
"13.11.2015 07:25:00";"4";"0";"224";"3,13";"16777216";"1978034";"11,79";"10";"84";"166";"2";"3"
"13.11.2015 07:30:00";"4";"0";"258";"3,6";"16777216";"1853882";"11,05";"21";"95";"166";"2";"3"
"13.11.2015 07:35:00";"4";"0";"282";"3,92";"16777216";"1978034";"11,79";"26";"124";"166";"4";"5"
"13.11.2015 07:40:00";"4";"0";"249";"3,48";"16777216";"1910925";"11,39";"4";"109";"166";"2";"3"
"13.11.2015 07:45:00";"4";"0";"308";"4,3";"16777216";"1676044";"9,99";"12";"144";"166";"27";"7"
"13.11.2015 07:50:00";"4";"0";"258";"3,59";"16777216";"1743153";"10,39";"5";"105";"166";"4";"5"
"13.11.2015 07:55:00";"4";"0";"215";"2,99";"16777216";"1575381";"9,39";"1";"83";"166";"2";"3"
"13.11.2015 08:00:00";"4";"0";"437";"6,09";"16777216";"2447796";"14,59";"957";"592";"166";"2";"3"
"13.11.2015 08:05:00";"4";"0";"282";"3,92";"16777216";"2548459";"15,19";"8";"310";"166";"4";"4"
"13.11.2015 08:10:00";"4";"0";"255";"3,55";"16777216";"2637378";"15,72";"16";"109";"166";"2";"3"
"13.11.2015 08:15:00";"4";"0";"284";"3,96";"16777216";"2313578";"13,79";"17";"105";"166";"2";"3"
"13.11.2015 08:20:00";"4";"0";"276";"3,85";"16777216";"2145806";"12,79";"6";"118";"166";"4";"5"
"13.11.2015 08:25:00";"4";"0";"248";"3,46";"16777216";"1978034";"11,79";"9";"95";"166";"1";"3"
"13.11.2015 08:30:00";"4";"0";"253";"3,53";"16777216";"1877370";"11,19";"6";"106";"166";"2";"3"
"13.11.2015 08:35:00";"4";"0";"282";"3,93";"16777216";"1853882";"11,05";"9";"120";"166";"4";"5"
"13.11.2015 08:40:00";"4";"0";"304";"4,24";"16777216";"1753219";"10,45";"18";"108";"166";"2";"3"
"13.11.2015 08:45:00";"4";"0";"337";"4,7";"16777216";"2246469";"13,39";"12";"148";"166";"27";"7"
"13.11.2015 08:50:00";"4";"0";"271";"3,77";"16777216";"2592080";"15,45";"16";"107";"166";"4";"4"
"13.11.2015 08:55:00";"4";"0";"233";"3,25";"16777216";"1877370";"11,19";"3";"84";"166";"1";"3"
"13.11.2015 09:00:00";"4";"0";"271";"3,77";"16777216";"1899181";"11,32";"8";"107";"166";"2";"3"
"13.11.2015 09:05:00";"4";"0";"455";"6,34";"16777216";"3263169";"19,45";"7";"1147";"166";"44";"327"
"13.11.2015 09:10:00";"4";"0";"238";"3,32";"16777216";"2615568";"15,59";"4";"99";"166";"2";"3"
"13.11.2015 09:15:00";"4";"0";"261";"3,65";"16777216";"1865626";"11,12";"7";"100";"166";"2";"3"
"13.11.2015 09:20:00";"4";"0";"285";"3,97";"16777216";"2066953";"12,32";"4";"124";"166";"4";"5"
"13.11.2015 09:25:00";"4";"0";"235";"3,27";"16777216";"1932735";"11,52";"2";"93";"166";"2";"3"
"13.11.2015 09:30:00";"4";"0";"254";"3,54";"16777216";"1731409";"10,32";"10";"111";"166";"2";"3"
"13.11.2015 09:35:00";"4";"0";"284";"3,96";"16777216";"2246469";"13,39";"6";"140";"166";"4";"5"
"13.11.2015 09:40:00";"4";"0";"244";"3,4";"16777216";"1810262";"10,79";"2";"115";"166";"2";"3"
"13.11.2015 09:45:00";"4";"0";"260";"3,63";"16777216";"1697854";"10,12";"6";"107";"166";"2";"3"
"13.11.2015 09:50:00";"4";"0";"275";"3,83";"16777216";"2112252";"12,59";"7";"132";"166";"4";"5"
"13.11.2015 09:55:00";"4";"0";"300";"4,18";"16777216";"2234725";"13,32";"2";"144";"166";"26";"6"
"13.11.2015 10:00:00";"4";"0";"404";"5,64";"16777216";"2570269";"15,32";"32";"142";"166";"2";"3"
"13.11.2015 10:05:00";"4";"0";"287";"3,99";"16777216";"2692743";"16,05";"11";"151";"166";"4";"4"
"13.11.2015 10:10:00";"4";"0";"219";"3,06";"16777216";"2045143";"12,19";"0";"106";"166";"2";"3"
"13.11.2015 10:15:00";"4";"0";"253";"3,53";"16777216";"1776707";"10,59";"25";"102";"166";"2";"3"
"13.11.2015 10:20:00";"4";"0";"513";"7,15";"16777216";"2447796";"14,59";"50";"117";"166";"4";"5"
"13.11.2015 10:25:00";"4";"0";"220";"3,06";"16777216";"2603824";"15,52";"8";"85";"166";"2";"3"
"13.11.2015 10:30:00";"4";"0";"252";"3,51";"16777216";"2078697";"12,39";"15";"100";"166";"2";"3"
"13.11.2015 10:35:00";"4";"0";"269";"3,75";"16777216";"1887437";"11,25";"38";"116";"166";"4";"4"
"13.11.2015 10:40:00";"4";"0";"231";"3,22";"16777216";"1843816";"10,99";"9";"95";"166";"2";"3"
"13.11.2015 10:45:00";"4";"0";"276";"3,85";"16777216";"1776707";"10,59";"15";"103";"166";"2";"3"
"13.11.2015 10:50:00";"4";"0";"252";"3,52";"16777216";"2033399";"12,12";"10";"112";"166";"4";"5"
"13.11.2015 10:55:00";"4";"0";"226";"3,16";"16777216";"1999844";"11,92";"12";"83";"166";"2";"3"
"13.11.2015 11:00:00";"4";"0";"277";"3,86";"16777216";"1988100";"11,85";"21";"120";"166";"2";"3"
"13.11.2015 11:05:00";"4";"0";"292";"4,08";"16777216";"3152439";"18,79";"26";"146";"166";"4";"4"
"13.11.2015 11:10:00";"4";"0";"256";"3,57";"16777216";"2447796";"14,59";"18";"130";"166";"2";"3"
"13.11.2015 11:15:00";"4";"0";"289";"4,03";"16777216";"2100508";"12,52";"25";"139";"166";"2";"3"
"13.11.2015 11:20:00";"4";"0";"290";"4,04";"16777216";"2256536";"13,45";"17";"146";"166";"4";"5"
"13.11.2015 11:25:00";"4";"0";"286";"3,99";"16777216";"2548459";"15,19";"309";"93";"166";"2";"8"
"13.11.2015 11:30:00";"4";"0";"266";"3,71";"16777216";"1944479";"11,59";"93";"167";"166";"2";"3"
"13.11.2015 11:35:00";"4";"0";"1901";"26,48";"16777216";"2793406";"16,65";"936";"200";"166";"56";"8074"
"13.11.2015 11:40:00";"4";"0";"1266";"17,63";"16777216";"2927624";"17,45";"911";"615";"166";"17";"10"
"13.11.2015 11:45:00";"4";"0";"415";"5,78";"16777216";"3857082";"22,99";"65";"472";"166";"4";"5"
"13.11.2015 11:50:00";"4";"0";"344";"4,79";"16777216";"2649122";"15,79";"14";"191";"166";"30";"9"
"13.11.2015 11:55:00";"4";"0";"271";"3,78";"16777216";"2424308";"14,45";"19";"121";"166";"2";"3"
"13.11.2015 12:00:00";"4";"0";"378";"5,27";"16777216";"1988100";"11,85";"40";"174";"166";"3";"4"
"13.11.2015 12:05:00";"4";"0";"1420";"19,77";"16777216";"3890636";"23,19";"467";"3032";"166";"4";"5"
"13.11.2015 12:10:00";"4";"0";"271";"3,78";"16777216";"3241358";"19,32";"38";"1184";"166";"2";"4"
"13.11.2015 12:15:00";"4";"0";"278";"3,88";"16777216";"2078697";"12,39";"13";"138";"166";"2";"3"
"13.11.2015 12:20:00";"4";"0";"311";"4,33";"16777216";"2414241";"14,39";"22";"174";"166";"5";"5"
"13.11.2015 12:25:00";"4";"0";"279";"3,89";"16777216";"2134062";"12,72";"32";"149";"166";"2";"3"
"13.11.2015 12:30:00";"4";"0";"270";"3,76";"16777216";"2011588";"11,99";"11";"138";"166";"3";"4"
"13.11.2015 12:35:00";"4";"0";"302";"4,21";"16777216";"1877370";"11,19";"17";"155";"166";"5";"6"
"13.11.2015 12:40:00";"4";"0";"292";"4,07";"16777216";"1944479";"11,59";"8";"135";"166";"3";"6"
"13.11.2015 12:45:00";"4";"0";"324";"4,51";"16777216";"1944479";"11,59";"8";"173";"166";"27";"7"
"13.11.2015 12:50:00";"4";"0";"285";"3,97";"16777216";"2313578";"13,79";"11";"139";"166";"4";"5"
"13.11.2015 12:55:00";"4";"0";"239";"3,33";"16777216";"2078697";"12,39";"1";"106";"166";"2";"3"
"13.11.2015 13:00:00";"4";"0";"264";"3,68";"16777216";"1709598";"10,19";"3";"125";"166";"3";"4"
"13.11.2015 13:05:00";"4";"0";"601";"8,37";"16777216";"3732931";"22,25";"18";"578";"166";"46";"697"
"13.11.2015 13:10:00";"4";"0";"242";"3,38";"16777216";"2783340";"16,59";"11";"118";"166";"2";"4"
"13.11.2015 13:15:00";"4";"0";"263";"3,67";"16777216";"1944479";"11,59";"12";"127";"166";"2";"4"
"13.11.2015 13:20:00";"4";"0";"283";"3,94";"16777216";"2368943";"14,12";"10";"151";"166";"4";"5"
"13.11.2015 13:25:00";"4";"0";"247";"3,45";"16777216";"1944479";"11,59";"10";"98";"166";"2";"3"
"13.11.2015 13:30:00";"4";"0";"313";"4,36";"16777216";"1910925";"11,39";"13";"152";"166";"3";"4"
"13.11.2015 13:35:00";"4";"0";"281";"3,92";"16777216";"2514905";"14,99";"10";"158";"166";"5";"6"
"13.11.2015 13:40:00";"4";"0";"266";"3,7";"16777216";"1910925";"11,39";"7";"134";"166";"3";"4"
"13.11.2015 13:45:00";"4";"0";"326";"4,55";"16777216";"2045143";"12,19";"5";"174";"166";"28";"7"
"13.11.2015 13:50:00";"4";"0";"268";"3,74";"16777216";"1944479";"11,59";"9";"130";"166";"4";"5"
"13.11.2015 13:55:00";"4";"0";"241";"3,37";"16777216";"1776707";"10,59";"5";"96";"166";"2";"3"
"13.11.2015 14:00:00";"4";"0";"469";"6,54";"16777216";"2469606";"14,72";"579";"285";"166";"3";"4"
"13.11.2015 14:05:00";"4";"0";"292";"4,07";"16777216";"3118884";"18,59";"8";"209";"166";"4";"5"
"13.11.2015 14:10:00";"4";"0";"262";"3,66";"16777216";"2246469";"13,39";"4";"136";"166";"2";"4"
"13.11.2015 14:15:00";"4";"0";"254";"3,54";"16777216";"2280024";"13,59";"2";"134";"166";"2";"3"
"13.11.2015 14:20:00";"4";"0";"298";"4,15";"16777216";"1810262";"10,79";"6";"148";"166";"4";"5"
"13.11.2015 14:25:00";"4";"0";"250";"3,49";"16777216";"1877370";"11,19";"6";"130";"166";"2";"3"
"13.11.2015 14:30:00";"4";"0";"309";"4,3";"16777216";"2280024";"13,59";"12";"163";"166";"3";"4"
"13.11.2015 14:35:00";"4";"0";"278";"3,87";"16777216";"2212915";"13,19";"3";"166";"166";"5";"6"
"13.11.2015 14:40:00";"4";"0";"290";"4,05";"16777216";"1776707";"10,59";"11";"112";"166";"3";"4"
"13.11.2015 14:45:00";"4";"0";"272";"3,79";"16777216";"1676044";"9,99";"4";"136";"166";"3";"4"
"13.11.2015 14:50:00";"4";"0";"267";"3,72";"16777216";"1676044";"9,99";"2";"145";"166";"4";"5"
"13.11.2015 14:55:00";"4";"0";"347";"4,84";"16777216";"2246469";"13,39";"46";"148";"166";"27";"11"
"13.11.2015 15:00:00";"4";"0";"258";"3,6";"16777216";"2424308";"14,45";"3";"122";"166";"3";"4"
"13.11.2015 15:05:00";"4";"0";"289";"4,03";"16777216";"2771596";"16,52";"5";"147";"166";"4";"5"
"13.11.2015 15:10:00";"4";"0";"242";"3,37";"16777216";"2368943";"14,12";"1";"118";"166";"2";"4"
"13.11.2015 15:15:00";"4";"0";"264";"3,68";"16777216";"1944479";"11,59";"5";"128";"166";"3";"4"
"13.11.2015 15:20:00";"4";"0";"271";"3,78";"16777216";"2704487";"16,12";"1";"147";"166";"4";"5"
"13.11.2015 15:25:00";"4";"0";"373";"5,2";"16777216";"2011588";"11,99";"302";"126";"166";"2";"3"
"13.11.2015 15:30:00";"4";"0";"285";"3,97";"16777216";"2301834";"13,72";"9";"154";"166";"3";"4"
"13.11.2015 15:35:00";"4";"0";"269";"3,75";"16777216";"2457862";"14,65";"4";"162";"166";"5";"6"
"13.11.2015 15:40:00";"4";"0";"275";"3,83";"16777216";"2246469";"13,39";"2";"130";"166";"3";"4"
"13.11.2015 15:45:00";"4";"0";"329";"4,59";"16777216";"2033399";"12,12";"2";"186";"166";"25";"7"
"13.11.2015 15:50:00";"4";"0";"304";"4,23";"16777216";"2256536";"13,45";"3";"161";"166";"7";"6"
"13.11.2015 15:55:00";"4";"0";"250";"3,48";"16777216";"1910925";"11,39";"4";"124";"166";"2";"5"
"13.11.2015 16:00:00";"4";"0";"390";"5,43";"16777216";"2078697";"12,39";"14";"160";"166";"3";"4"
"13.11.2015 16:05:00";"4";"0";"291";"4,05";"16777216";"2615568";"15,59";"2";"169";"166";"4";"5"
"13.11.2015 16:10:00";"4";"0";"252";"3,51";"16777216";"2155872";"12,85";"2";"126";"166";"2";"4"
"13.11.2015 16:15:00";"4";"0";"269";"3,75";"16777216";"1820328";"10,85";"7";"150";"166";"2";"3"
"13.11.2015 16:20:00";"4";"0";"291";"4,05";"16777216";"2280024";"13,59";"5";"163";"166";"4";"5"
"13.11.2015 16:25:00";"4";"0";"234";"3,26";"16777216";"2066953";"12,32";"0";"107";"166";"2";"3"
"13.11.2015 16:30:00";"4";"0";"252";"3,52";"16777216";"2088763";"12,45";"2";"123";"166";"3";"4"
"13.11.2015 16:35:00";"4";"0";"300";"4,18";"16777216";"2469606";"14,72";"7";"162";"166";"5";"5"
"13.11.2015 16:40:00";"4";"0";"353";"4,93";"16777216";"2436052";"14,52";"102";"124";"166";"4";"10"
"13.11.2015 16:45:00";"4";"0";"336";"4,69";"16777216";"2290090";"13,65";"4";"182";"166";"28";"8"
"13.11.2015 16:50:00";"4";"0";"263";"3,67";"16777216";"2838705";"16,92";"0";"136";"166";"4";"5"
"13.11.2015 16:55:00";"4";"0";"236";"3,29";"16777216";"2447796";"14,59";"0";"98";"166";"2";"3"
"13.11.2015 17:00:00";"4";"0";"270";"3,77";"16777216";"1608935";"9,59";"3";"130";"166";"3";"4"
"13.11.2015 17:05:00";"4";"0";"473";"6,59";"16777216";"3152439";"18,79";"2";"1284";"166";"45";"397"
"13.11.2015 17:10:00";"4";"0";"264";"3,68";"16777216";"2783340";"16,59";"2";"130";"166";"2";"4"
"13.11.2015 17:15:00";"4";"0";"266";"3,7";"16777216";"2246469";"13,39";"0";"136";"166";"2";"4"
"13.11.2015 17:20:00";"4";"0";"286";"3,98";"16777216";"2112252";"12,59";"1";"144";"166";"4";"5"
"13.11.2015 17:25:00";"4";"0";"296";"4,13";"16777216";"1798518";"10,72";"5";"142";"166";"2";"3"
"13.11.2015 17:30:00";"4";"0";"278";"3,88";"16777216";"1697854";"10,12";"3";"158";"166";"3";"4"
"13.11.2015 17:35:00";"4";"0";"277";"3,86";"16777216";"1887437";"11,25";"2";"146";"166";"4";"5"
"13.11.2015 17:40:00";"4";"0";"303";"4,23";"16777216";"2357199";"14,05";"6";"127";"166";"3";"4"
"13.11.2015 17:45:00";"4";"0";"266";"3,71";"16777216";"2390753";"14,25";"5";"138";"166";"3";"4"
"13.11.2015 17:50:00";"4";"0";"336";"4,68";"16777216";"1954546";"11,65";"0";"178";"166";"28";"10"
"13.11.2015 17:55:00";"4";"0";"244";"3,4";"16777216";"2234725";"13,32";"1";"107";"166";"4";"4"
"13.11.2015 18:00:00";"4";"0";"342";"4,77";"16777216";"2469606";"14,72";"4";"141";"166";"3";"4"
"13.11.2015 18:05:00";"4";"0";"289";"4,03";"16777216";"2682677";"15,99";"3";"162";"166";"4";"5"
"13.11.2015 18:10:00";"4";"0";"275";"3,84";"16777216";"2380687";"14,19";"1";"116";"166";"2";"4"
"13.11.2015 18:15:00";"4";"0";"281";"3,92";"16777216";"2234725";"13,32";"8";"137";"166";"2";"3"
"13.11.2015 18:20:00";"4";"0";"281";"3,91";"16777216";"2246469";"13,39";"4";"149";"166";"4";"5"
"13.11.2015 18:25:00";"4";"0";"262";"3,65";"16777216";"2021655";"12,05";"4";"132";"166";"2";"3"
"13.11.2015 18:30:00";"4";"0";"260";"3,62";"16777216";"2256536";"13,45";"0";"136";"166";"3";"4"
"13.11.2015 18:35:00";"4";"0";"340";"4,73";"16777216";"1988100";"11,85";"1";"150";"166";"56";"57"
"13.11.2015 18:40:00";"4";"0";"325";"4,53";"16777216";"1676044";"9,99";"0";"104";"166";"57";"59"
"13.11.2015 18:45:00";"4";"0";"276";"3,85";"16777216";"1686110";"10,05";"2";"131";"166";"15";"16"
"13.11.2015 18:50:00";"4";"0";"296";"4,13";"16777216";"1920991";"11,45";"0";"188";"166";"46";"16"
"13.11.2015 18:55:00";"4";"0";"259";"3,61";"16777216";"1743153";"10,39";"0";"98";"166";"16";"19"
"13.11.2015 19:00:00";"4";"0";"314";"4,38";"16777216";"1810262";"10,79";"3";"142";"166";"19";"22"
"13.11.2015 19:05:00";"4";"0";"294";"4,1";"16777216";"2860515";"17,05";"2";"155";"166";"12";"14"
"13.11.2015 19:10:00";"4";"0";"273";"3,8";"16777216";"1988100";"11,85";"2";"121";"166";"18";"22"
"13.11.2015 19:15:00";"4";"0";"278";"3,87";"16777216";"2112252";"12,59";"0";"133";"166";"20";"23"
"13.11.2015 19:20:00";"4";"0";"312";"4,36";"16777216";"2357199";"14,05";"0";"147";"166";"32";"36"
"13.11.2015 19:25:00";"4";"0";"254";"3,55";"16777216";"2045143";"12,19";"0";"101";"166";"15";"17"
"13.11.2015 19:30:00";"4";"0";"303";"4,22";"16777216";"2212915";"13,19";"0";"126";"166";"37";"43"
"13.11.2015 19:35:00";"4";"0";"292";"4,07";"16777216";"1810262";"10,79";"1";"153";"166";"11";"13"
"13.11.2015 19:40:00";"4";"0";"262";"3,65";"16777216";"1697854";"10,12";"0";"131";"166";"7";"8"
"13.11.2015 19:45:00";"4";"0";"319";"4,45";"16777216";"2145806";"12,79";"1";"173";"166";"31";"13"
"13.11.2015 19:50:00";"4";"0";"315";"4,39";"16777216";"1853882";"11,05";"3";"151";"166";"28";"29"
"13.11.2015 19:55:00";"4";"0";"277";"3,87";"16777216";"2145806";"12,79";"0";"114";"166";"28";"32"
"13.11.2015 20:00:00";"4";"0";"837";"11,67";"16777216";"2884004";"17,19";"3602";"621";"166";"11";"14"
"13.11.2015 20:05:00";"4";"0";"978";"13,62";"16777216";"6205892";"36,99";"90313";"1393";"166";"77";"4611"
"13.11.2015 20:10:00";"4";"0";"309";"4,31";"16777216";"5467695";"32,59";"172";"142";"166";"8";"9"
"13.11.2015 20:15:00";"4";"0";"268";"3,73";"16777216";"3387320";"20,19";"4";"150";"166";"11";"12"
"13.11.2015 20:20:00";"4";"0";"308";"4,29";"16777216";"2112252";"12,59";"1030";"155";"166";"12";"13"
"13.11.2015 20:25:00";"4";"0";"243";"3,38";"16777216";"2246469";"13,39";"4";"127";"166";"2";"3"
"13.11.2015 20:30:00";"4";"0";"255";"3,56";"16777216";"1776707";"10,59";"2";"126";"166";"3";"4"
"13.11.2015 20:35:00";"4";"0";"282";"3,93";"16777216";"1597191";"9,52";"4";"149";"166";"5";"6"
"13.11.2015 20:40:00";"4";"0";"301";"4,2";"16777216";"1642489";"9,79";"17";"125";"166";"3";"4"
"13.11.2015 20:45:00";"4";"0";"259";"3,61";"16777216";"1743153";"10,39";"0";"128";"166";"3";"4"
"13.11.2015 20:50:00";"4";"0";"273";"3,81";"16777216";"2179360";"12,99";"2";"138";"166";"4";"5"
"13.11.2015 20:55:00";"4";"0";"300";"4,18";"16777216";"2313578";"13,79";"4";"152";"166";"26";"8"
"13.11.2015 21:00:00";"4";"0";"272";"3,78";"16777216";"1743153";"10,39";"2";"130";"166";"5";"5"
"13.11.2015 21:05:00";"4";"0";"397";"5,53";"16777216";"2738042";"16,32";"6";"464";"166";"54";"120"
"13.11.2015 21:10:00";"4";"0";"258";"3,6";"16777216";"2088763";"12,45";"0";"128";"166";"15";"17"
"13.11.2015 21:15:00";"4";"0";"267";"3,72";"16777216";"1920991";"11,45";"0";"126";"166";"15";"17"
"13.11.2015 21:20:00";"4";"0";"282";"3,93";"16777216";"2033399";"12,12";"3";"142";"166";"9";"10"
"13.11.2015 21:25:00";"4";"0";"257";"3,58";"16777216";"1820328";"10,85";"1";"117";"166";"6";"8"
"13.11.2015 21:30:00";"4";"0";"272";"3,79";"16777216";"2155872";"12,85";"1";"129";"166";"13";"13"
"13.11.2015 21:35:00";"4";"0";"282";"3,93";"16777216";"1966290";"11,72";"2";"154";"166";"8";"9"
"13.11.2015 21:40:00";"4";"0";"273";"3,81";"16777216";"1843816";"10,99";"0";"117";"166";"15";"17"
"13.11.2015 21:45:00";"4";"0";"326";"4,54";"16777216";"2582014";"15,39";"10";"178";"166";"30";"10"
"13.11.2015 21:50:00";"4";"0";"271";"3,78";"16777216";"1978034";"11,79";"0";"133";"166";"7";"8"
"13.11.2015 21:55:00";"4";"0";"287";"3,99";"16777216";"1920991";"11,45";"0";"116";"166";"37";"37"
"13.11.2015 22:00:00";"4";"0";"397";"5,53";"16777216";"1966290";"11,72";"441";"219";"166";"20";"23"
"13.11.2015 22:05:00";"4";"0";"1026";"14,29";"16777216";"4226181";"25,19";"4971";"486";"166";"18";"18"
"13.11.2015 22:10:00";"4";"0";"283";"3,95";"16777216";"3622201";"21,59";"1";"298";"166";"20";"23"
"13.11.2015 22:15:00";"4";"0";"267";"3,72";"16777216";"2816895";"16,79";"0";"130";"166";"6";"7"
"13.11.2015 22:20:00";"4";"0";"361";"5,03";"16777216";"1743153";"10,39";"3";"168";"166";"7";"7"
"13.11.2015 22:25:00";"4";"0";"275";"3,83";"16777216";"2055209";"12,25";"1";"143";"166";"12";"14"
"13.11.2015 22:30:00";"4";"0";"371";"5,17";"16777216";"1999844";"11,92";"75";"541";"166";"7";"8"
"13.11.2015 22:35:00";"4";"0";"333";"4,63";"16777216";"2503161";"14,92";"5";"560";"166";"37";"38"
"13.11.2015 22:40:00";"4";"0";"276";"3,85";"16777216";"2167616";"12,92";"8";"117";"166";"13";"16"
"13.11.2015 22:45:00";"4";"0";"278";"3,87";"16777216";"1697854";"10,12";"8";"129";"166";"12";"14"
"13.11.2015 22:50:00";"4";"0";"296";"4,13";"16777216";"1887437";"11,25";"12";"147";"166";"5";"6"
"13.11.2015 22:55:00";"4";"0";"254";"3,54";"16777216";"2155872";"12,85";"9";"112";"166";"2";"4"
"13.11.2015 23:00:00";"4";"0";"328";"4,57";"16777216";"1865626";"11,12";"13";"169";"166";"25";"10"
"13.11.2015 23:05:00";"4";"0";"391";"5,45";"16777216";"3330277";"19,85";"43";"187";"166";"11";"7"
"13.11.2015 23:10:00";"4";"0";"257";"3,58";"16777216";"2402497";"14,32";"24";"127";"166";"3";"4"
"13.11.2015 23:15:00";"4";"0";"273";"3,81";"16777216";"2066953";"12,32";"9";"127";"166";"2";"3"
"13.11.2015 23:20:00";"4";"0";"290";"4,04";"16777216";"2280024";"13,59";"9";"142";"166";"4";"5"
"13.11.2015 23:25:00";"4";"0";"253";"3,52";"16777216";"2447796";"14,59";"9";"109";"166";"2";"3"
"13.11.2015 23:30:00";"4";"0";"280";"3,91";"16777216";"2155872";"12,85";"11";"132";"166";"3";"4"
"13.11.2015 23:35:00";"4";"0";"286";"3,99";"16777216";"2122318";"12,65";"11";"158";"166";"5";"6"
"13.11.2015 23:40:00";"4";"0";"302";"4,2";"16777216";"2045143";"12,19";"14";"117";"166";"3";"4"
"13.11.2015 23:45:00";"4";"0";"345";"4,81";"16777216";"2078697";"12,39";"12";"185";"166";"27";"7"
"13.11.2015 23:50:00";"4";"0";"273";"3,81";"16777216";"2268280";"13,52";"8";"140";"166";"4";"5"
"13.11.2015 23:55:00";"4";"0";"245";"3,41";"16777216";"2122318";"12,65";"9";"104";"166";"2";"3"
"14.11.2015 00:00:00";"4";"0";"357";"4,97";"16777216";"2222981";"13,25";"112";"159";"166";"3";"4"
"14.11.2015 00:05:00";"4";"0";"459";"6,4";"16777216";"3778229";"22,52";"97";"467";"166";"62";"7"
"14.11.2015 00:10:00";"4";"0";"563";"7,84";"16777216";"2716231";"16,19";"106";"554";"166";"54";"6"
"14.11.2015 00:15:00";"4";"0";"899";"12,52";"16777216";"5165705";"30,79";"1170";"2485";"166";"55";"5"
"14.11.2015 00:20:00";"4";"0";"310";"4,32";"16777216";"3991300";"23,79";"17";"206";"166";"66";"8"
"14.11.2015 00:25:00";"4";"0";"1350";"18,81";"16777216";"3330277";"19,85";"560";"5855";"166";"27";"4"
"14.11.2015 00:30:00";"4";"0";"572";"7,96";"16777216";"5019743";"29,92";"133";"5735";"166";"125";"8"
"14.11.2015 00:35:00";"4";"0";"1460";"20,34";"16777216";"4024854";"23,99";"665";"4470";"166";"4";"5"
"14.11.2015 00:40:00";"4";"0";"256";"3,57";"16777216";"3555092";"21,19";"1";"603";"166";"3";"4"
"14.11.2015 00:45:00";"4";"0";"262";"3,66";"16777216";"2246469";"13,39";"1";"90";"166";"2";"3"
"14.11.2015 00:50:00";"4";"0";"283";"3,94";"16777216";"2078697";"12,39";"1118";"88";"166";"4";"5"
"14.11.2015 00:55:00";"4";"0";"245";"3,41";"16777216";"2112252";"12,59";"0";"79";"166";"2";"3"
"14.11.2015 01:00:00";"4";"0";"324";"4,52";"16777216";"1899181";"11,32";"1943";"89";"166";"11";"321"
"14.11.2015 01:05:00";"4";"0";"1378";"19,19";"16777216";"6350176";"37,85";"8063";"676";"166";"70";"4058"
"14.11.2015 01:10:00";"4";"0";"490";"6,82";"16777216";"4763052";"28,39";"1994";"218";"166";"46";"624"
"14.11.2015 01:15:00";"4";"0";"254";"3,55";"16777216";"2927624";"17,45";"8";"84";"166";"2";"3"
"14.11.2015 01:20:00";"4";"0";"280";"3,91";"16777216";"2145806";"12,79";"1129";"95";"166";"4";"5"
"14.11.2015 01:25:00";"4";"0";"262";"3,66";"16777216";"2390753";"14,25";"1";"80";"166";"2";"3"
"14.11.2015 01:30:00";"4";"0";"266";"3,7";"16777216";"1887437";"11,25";"3";"86";"166";"3";"4"
"14.11.2015 01:35:00";"4";"0";"284";"3,96";"16777216";"1810262";"10,79";"11";"92";"166";"4";"5"
"14.11.2015 01:40:00";"4";"0";"260";"3,62";"16777216";"1697854";"10,12";"4";"94";"166";"2";"4"
"14.11.2015 01:45:00";"4";"0";"273";"3,81";"16777216";"2246469";"13,39";"13";"97";"166";"3";"4"
"14.11.2015 01:50:00";"4";"0";"280";"3,9";"16777216";"1832072";"10,92";"1";"99";"166";"5";"6"
"14.11.2015 01:55:00";"4";"0";"326";"4,55";"16777216";"1999844";"11,92";"2";"127";"166";"25";"7"
"14.11.2015 02:00:00";"4";"0";"443";"6,18";"16777216";"2771596";"16,52";"399";"500";"166";"5";"4"
"14.11.2015 02:05:00";"4";"0";"304";"4,24";"16777216";"2917558";"17,39";"60";"344";"166";"4";"5"
"14.11.2015 02:10:00";"4";"0";"236";"3,29";"16777216";"2055209";"12,25";"7";"95";"166";"3";"4"
"14.11.2015 02:15:00";"4";"0";"265";"3,7";"16777216";"1966290";"11,72";"12";"93";"166";"2";"4"
"14.11.2015 02:20:00";"4";"0";"270";"3,76";"16777216";"2145806";"12,79";"10";"107";"166";"4";"5"
"14.11.2015 02:25:00";"4";"0";"234";"3,27";"16777216";"1954546";"11,65";"10";"83";"166";"2";"3"
"14.11.2015 02:30:00";"4";"0";"245";"3,42";"16777216";"1530082";"9,12";"8";"87";"166";"3";"4"
"14.11.2015 02:35:00";"4";"0";"280";"3,91";"16777216";"2558525";"15,25";"11";"104";"166";"5";"6"
"14.11.2015 02:40:00";"4";"0";"288";"4,02";"16777216";"2122318";"12,65";"31";"98";"166";"3";"5"
"14.11.2015 02:45:00";"4";"0";"248";"3,45";"16777216";"1988100";"11,85";"13";"86";"166";"2";"3"
"14.11.2015 02:50:00";"4";"0";"270";"3,76";"16777216";"2155872";"12,85";"10";"94";"166";"4";"5"
"14.11.2015 02:55:00";"4";"0";"237";"3,31";"16777216";"2179360";"12,99";"7";"83";"166";"2";"3"
"14.11.2015 03:00:00";"4";"0";"255";"3,55";"16777216";"1988100";"11,85";"9";"88";"166";"3";"4"
"14.11.2015 03:05:00";"4";"0";"592";"8,24";"16777216";"3185993";"18,99";"390";"350";"166";"4";"5"
"14.11.2015 03:10:00";"4";"0";"244";"3,4";"16777216";"2447796";"14,59";"8";"257";"166";"2";"4"
"14.11.2015 03:15:00";"4";"0";"248";"3,45";"16777216";"2066953";"12,32";"8";"88";"166";"2";"3"
"14.11.2015 03:20:00";"4";"0";"327";"4,55";"16777216";"2313578";"13,79";"19";"115";"166";"4";"5"
"14.11.2015 03:25:00";"4";"0";"237";"3,3";"16777216";"1932735";"11,52";"7";"99";"166";"2";"3"
"14.11.2015 03:30:00";"4";"0";"268";"3,74";"16777216";"1920991";"11,45";"169";"137";"166";"3";"4"
"14.11.2015 03:35:00";"4";"0";"280";"3,9";"16777216";"2212915";"13,19";"13";"104";"166";"5";"6"
"14.11.2015 03:40:00";"4";"0";"248";"3,46";"16777216";"1686110";"10,05";"7";"90";"166";"3";"4"
"14.11.2015 03:45:00";"4";"0";"261";"3,63";"16777216";"1496528";"8,92";"8";"92";"166";"3";"4"
"14.11.2015 03:50:00";"4";"0";"266";"3,7";"16777216";"1944479";"11,59";"8";"95";"166";"4";"5"
"14.11.2015 03:55:00";"4";"0";"235";"3,28";"16777216";"2301834";"13,72";"7";"84";"166";"2";"3"
"14.11.2015 04:00:00";"4";"0";"316";"4,41";"16777216";"2380687";"14,19";"55";"112";"166";"3";"4"
"14.11.2015 04:05:00";"4";"0";"350";"4,88";"16777216";"3061842";"18,25";"166";"181";"166";"4";"5"
"14.11.2015 04:10:00";"4";"0";"260";"3,63";"16777216";"2368943";"14,12";"26";"177";"166";"9";"5"
"14.11.2015 04:15:00";"4";"0";"354";"4,93";"16777216";"2201171";"13,12";"24";"142";"166";"20";"6"
"14.11.2015 04:20:00";"4";"0";"283";"3,94";"16777216";"2145806";"12,79";"10";"128";"166";"4";"5"
"14.11.2015 04:25:00";"4";"0";"298";"4,15";"16777216";"2122318";"12,65";"3";"117";"166";"2";"3"
"14.11.2015 04:30:00";"4";"0";"258";"3,59";"16777216";"1988100";"11,85";"0";"112";"166";"3";"4"
"14.11.2015 04:35:00";"4";"0";"350";"4,88";"16777216";"2122318";"12,65";"4";"161";"166";"29";"12"
"14.11.2015 04:40:00";"4";"0";"294";"4,09";"16777216";"2234725";"13,32";"1";"121";"166";"22";"22"
"14.11.2015 04:45:00";"4";"0";"400";"5,57";"16777216";"2201171";"13,12";"8";"184";"166";"57";"19"
"14.11.2015 04:50:00";"4";"0";"341";"4,76";"16777216";"2615568";"15,59";"10";"125";"166";"11";"8"
"14.11.2015 04:55:00";"4";"0";"250";"3,48";"16777216";"2414241";"14,39";"2";"100";"166";"2";"3"
"14.11.2015 05:00:00";"4";"0";"261";"3,63";"16777216";"1887437";"11,25";"0";"107";"166";"3";"4"
"14.11.2015 05:05:00";"4";"0";"504";"7,02";"16777216";"2917558";"17,39";"43";"1655";"166";"45";"511"
"14.11.2015 05:10:00";"4";"0";"244";"3,41";"16777216";"2917558";"17,39";"8";"105";"166";"3";"4"
"14.11.2015 05:15:00";"4";"0";"245";"3,42";"16777216";"2145806";"12,79";"8";"91";"166";"2";"3"
"14.11.2015 05:20:00";"4";"0";"272";"3,79";"16777216";"2380687";"14,19";"1";"96";"166";"4";"5"
"14.11.2015 05:25:00";"4";"0";"245";"3,41";"16777216";"1743153";"10,39";"0";"82";"166";"2";"3"
"14.11.2015 05:30:00";"4";"0";"265";"3,7";"16777216";"2179360";"12,99";"1";"96";"166";"3";"4"
"14.11.2015 05:35:00";"4";"0";"286";"3,99";"16777216";"2045143";"12,19";"2";"123";"166";"5";"6"
"14.11.2015 05:40:00";"4";"0";"318";"4,43";"16777216";"1810262";"10,79";"0";"121";"166";"3";"4"
"14.11.2015 05:45:00";"4";"0";"315";"4,39";"16777216";"1910925";"11,39";"0";"160";"166";"27";"7"
"14.11.2015 05:50:00";"4";"0";"276";"3,84";"16777216";"1944479";"11,59";"0";"96";"166";"4";"5"
"14.11.2015 05:55:00";"4";"0";"241";"3,36";"16777216";"1843816";"10,99";"2";"88";"166";"2";"3"
"14.11.2015 06:00:00";"4";"0";"355";"4,95";"16777216";"2045143";"12,19";"88";"138";"166";"3";"4"
"14.11.2015 06:05:00";"4";"0";"1229";"17,12";"16777216";"5601912";"33,39";"80570";"863";"166";"24";"5306"
"14.11.2015 06:10:00";"4";"0";"349";"4,86";"16777216";"5333477";"31,79";"12315";"139";"166";"41";"119"
"14.11.2015 06:15:00";"4";"0";"250";"3,49";"16777216";"3185993";"18,99";"12";"94";"166";"2";"4"
"14.11.2015 06:20:00";"4";"0";"286";"3,99";"16777216";"1810262";"10,79";"21";"109";"166";"4";"5"
"14.11.2015 06:25:00";"4";"0";"244";"3,39";"16777216";"1899181";"11,32";"7";"90";"166";"2";"3"
"14.11.2015 06:30:00";"4";"0";"262";"3,66";"16777216";"1709598";"10,19";"7";"95";"166";"3";"4"
"14.11.2015 06:35:00";"4";"0";"291";"4,06";"16777216";"1978034";"11,79";"15";"106";"166";"6";"7"
"14.11.2015 06:40:00";"4";"0";"269";"3,75";"16777216";"1887437";"11,25";"8";"95";"166";"3";"5"
"14.11.2015 06:45:00";"4";"0";"328";"4,57";"16777216";"2011588";"11,99";"14";"152";"166";"27";"7"
"14.11.2015 06:50:00";"4";"0";"278";"3,87";"16777216";"1865626";"11,12";"8";"105";"166";"4";"5"
"14.11.2015 06:55:00";"4";"0";"244";"3,41";"16777216";"1999844";"11,92";"7";"85";"166";"2";"3"
"14.11.2015 07:00:00";"4";"0";"272";"3,79";"16777216";"2167616";"12,92";"8";"95";"166";"3";"4"
"14.11.2015 07:05:00";"4";"0";"288";"4,02";"16777216";"2984667";"17,79";"20";"112";"166";"4";"5"
"14.11.2015 07:10:00";"4";"0";"250";"3,48";"16777216";"2414241";"14,39";"1";"101";"166";"2";"4"
"14.11.2015 07:15:00";"4";"0";"259";"3,61";"16777216";"1853882";"11,05";"1";"97";"166";"2";"4"
"14.11.2015 07:20:00";"4";"0";"282";"3,93";"16777216";"1910925";"11,39";"0";"106";"166";"4";"5"
"14.11.2015 07:25:00";"4";"0";"242";"3,37";"16777216";"1978034";"11,79";"2";"87";"166";"2";"3"
"14.11.2015 07:30:00";"4";"0";"270";"3,77";"16777216";"1910925";"11,39";"0";"100";"166";"3";"4"
"14.11.2015 07:35:00";"4";"0";"287";"4";"16777216";"2078697";"12,39";"8";"132";"166";"5";"5"
"14.11.2015 07:40:00";"4";"0";"261";"3,63";"16777216";"1944479";"11,59";"5";"110";"166";"3";"4"
"14.11.2015 07:45:00";"4";"0";"325";"4,53";"16777216";"1619001";"9,65";"1";"151";"166";"27";"7"
"14.11.2015 07:50:00";"4";"0";"277";"3,86";"16777216";"1954546";"11,65";"0";"104";"166";"4";"5"
"14.11.2015 07:55:00";"4";"0";"244";"3,4";"16777216";"2112252";"12,59";"0";"86";"166";"2";"3"
"14.11.2015 08:00:00";"4";"0";"387";"5,39";"16777216";"2793406";"16,65";"422";"196";"166";"3";"4"
"14.11.2015 08:05:00";"4";"0";"296";"4,12";"16777216";"2637378";"15,72";"6";"160";"166";"4";"5"
"14.11.2015 08:10:00";"4";"0";"258";"3,6";"16777216";"2167616";"12,92";"2";"112";"166";"2";"4"
"14.11.2015 08:15:00";"4";"0";"301";"4,2";"16777216";"1709598";"10,19";"4";"121";"166";"2";"3"
"14.11.2015 08:20:00";"4";"0";"282";"3,93";"16777216";"1999844";"11,92";"0";"116";"166";"4";"5"
"14.11.2015 08:25:00";"4";"0";"263";"3,67";"16777216";"1820328";"10,85";"1";"106";"166";"2";"3"
"14.11.2015 08:30:00";"4";"0";"262";"3,65";"16777216";"2088763";"12,45";"1";"110";"166";"3";"4"
"14.11.2015 08:35:00";"4";"0";"285";"3,98";"16777216";"1865626";"11,12";"1";"123";"166";"5";"5"
"14.11.2015 08:40:00";"4";"0";"306";"4,27";"16777216";"2280024";"13,59";"4";"107";"166";"3";"4"
"14.11.2015 08:45:00";"4";"0";"345";"4,81";"16777216";"2246469";"13,39";"2";"157";"166";"27";"7"
"14.11.2015 08:50:00";"4";"0";"271";"3,78";"16777216";"2637378";"15,72";"0";"111";"166";"4";"5"
"14.11.2015 08:55:00";"4";"0";"388";"5,4";"16777216";"2536715";"15,12";"160";"86";"166";"2";"3"
"14.11.2015 09:00:00";"4";"0";"278";"3,88";"16777216";"2134062";"12,72";"1";"104";"166";"3";"4"
"14.11.2015 09:05:00";"4";"0";"427";"5,95";"16777216";"2759852";"16,45";"8";"851";"166";"43";"255"
"14.11.2015 09:10:00";"4";"0";"248";"3,46";"16777216";"2972923";"17,72";"0";"106";"166";"2";"4"
"14.11.2015 09:15:00";"4";"0";"274";"3,82";"16777216";"1786773";"10,65";"3";"112";"166";"2";"3"
"14.11.2015 09:20:00";"4";"0";"291";"4,06";"16777216";"1920991";"11,45";"2";"127";"166";"5";"5"
"14.11.2015 09:25:00";"4";"0";"260";"3,62";"16777216";"2189427";"13,05";"0";"100";"166";"2";"3"
"14.11.2015 09:30:00";"4";"0";"275";"3,83";"16777216";"1832072";"10,92";"3";"108";"166";"3";"4"
"14.11.2015 09:35:00";"4";"0";"299";"4,17";"16777216";"2167616";"12,92";"2";"135";"166";"5";"6"
"14.11.2015 09:40:00";"4";"0";"259";"3,61";"16777216";"2301834";"13,72";"0";"99";"166";"3";"4"
"14.11.2015 09:45:00";"4";"0";"285";"3,97";"16777216";"1899181";"11,32";"1";"115";"166";"3";"4"
"14.11.2015 09:50:00";"4";"0";"289";"4,02";"16777216";"2088763";"12,45";"1";"125";"166";"4";"5"
"14.11.2015 09:55:00";"4";"0";"318";"4,44";"16777216";"2100508";"12,52";"0";"144";"166";"27";"7"
"14.11.2015 10:00:00";"4";"0";"418";"5,83";"16777216";"2290090";"13,65";"11";"143";"166";"3";"4"
"14.11.2015 10:05:00";"4";"0";"467";"6,5";"16777216";"3330277";"19,85";"48";"198";"166";"4";"5"
"14.11.2015 10:10:00";"4";"0";"249";"3,47";"16777216";"2167616";"12,92";"0";"143";"166";"2";"4"
"14.11.2015 10:15:00";"4";"0";"276";"3,85";"16777216";"2011588";"11,99";"21";"118";"166";"2";"3"
"14.11.2015 10:20:00";"4";"0";"543";"7,56";"16777216";"2436052";"14,52";"24";"127";"166";"4";"5"
"14.11.2015 10:25:00";"4";"0";"241";"3,36";"16777216";"1978034";"11,79";"0";"94";"166";"2";"3"
"14.11.2015 10:30:00";"4";"0";"269";"3,75";"16777216";"1853882";"11,05";"5";"111";"166";"3";"4"
"14.11.2015 10:35:00";"4";"0";"269";"3,74";"16777216";"1508272";"8,99";"9";"119";"166";"4";"5"
"14.11.2015 10:40:00";"4";"0";"254";"3,54";"16777216";"2134062";"12,72";"8";"89";"166";"3";"4"
"14.11.2015 10:45:00";"4";"0";"264";"3,69";"16777216";"1776707";"10,59";"10";"106";"166";"2";"4"
"14.11.2015 10:50:00";"4";"0";"277";"3,86";"16777216";"2313578";"13,79";"9";"112";"166";"4";"5"
"14.11.2015 10:55:00";"4";"0";"249";"3,47";"16777216";"2313578";"13,79";"8";"93";"166";"2";"3"
"14.11.2015 11:00:00";"4";"0";"299";"4,16";"16777216";"2347132";"13,99";"14";"125";"166";"3";"4"
"14.11.2015 11:05:00";"4";"0";"310";"4,33";"16777216";"2850449";"16,99";"15";"146";"166";"4";"5"
"14.11.2015 11:10:00";"4";"0";"277";"3,86";"16777216";"2280024";"13,59";"13";"138";"166";"3";"4"
"14.11.2015 11:15:00";"4";"0";"300";"4,18";"16777216";"2447796";"14,59";"27";"166";"166";"2";"3"
"14.11.2015 11:20:00";"4";"0";"306";"4,27";"16777216";"2179360";"12,99";"12";"153";"166";"4";"5"
"14.11.2015 11:25:00";"4";"0";"243";"3,39";"16777216";"1910925";"11,39";"7";"91";"166";"2";"3"
"14.11.2015 11:30:00";"4";"0";"261";"3,63";"16777216";"1608935";"9,59";"8";"100";"166";"3";"4"
"14.11.2015 11:35:00";"4";"0";"284";"3,96";"16777216";"2011588";"11,99";"11";"124";"166";"4";"5"
"14.11.2015 11:40:00";"4";"0";"372";"5,18";"16777216";"2179360";"12,99";"27";"153";"166";"3";"4"
"14.11.2015 11:45:00";"4";"0";"281";"3,92";"16777216";"2280024";"13,59";"9";"144";"166";"3";"4"
"14.11.2015 11:50:00";"4";"0";"352";"4,9";"16777216";"1944479";"11,59";"10";"160";"166";"29";"9"
"14.11.2015 11:55:00";"4";"0";"368";"5,13";"16777216";"2390753";"14,25";"29";"172";"166";"2";"4"
"14.11.2015 12:00:00";"4";"0";"426";"5,93";"16777216";"3219548";"19,19";"670";"259";"166";"3";"4"
"14.11.2015 12:05:00";"4";"0";"1402";"19,52";"16777216";"4024854";"23,99";"64";"1102";"166";"4";"5"
"14.11.2015 12:10:00";"4";"0";"271";"3,78";"16777216";"3286657";"19,59";"9";"1170";"166";"3";"4"
"14.11.2015 12:15:00";"4";"0";"285";"3,97";"16777216";"2078697";"12,39";"12";"124";"166";"2";"4"
"14.11.2015 12:20:00";"4";"0";"325";"4,53";"16777216";"2447796";"14,59";"983";"158";"166";"4";"5"
"14.11.2015 12:25:00";"4";"0";"274";"3,82";"16777216";"2280024";"13,59";"12";"133";"166";"2";"3"
"14.11.2015 12:30:00";"4";"0";"275";"3,83";"16777216";"2380687";"14,19";"24";"118";"166";"3";"4"
"14.11.2015 12:35:00";"4";"0";"299";"4,17";"16777216";"2145806";"12,79";"11";"140";"166";"5";"6"
"14.11.2015 12:40:00";"4";"0";"291";"4,06";"16777216";"1719665";"10,25";"12";"122";"166";"3";"4"
"14.11.2015 12:45:00";"4";"0";"357";"4,97";"16777216";"2134062";"12,72";"34";"2089";"166";"27";"7"
"14.11.2015 12:50:00";"4";"0";"303";"4,23";"16777216";"2860515";"17,05";"17";"124";"166";"4";"5"
"14.11.2015 12:55:00";"4";"0";"251";"3,49";"16777216";"2637378";"15,72";"7";"94";"166";"2";"3"
"14.11.2015 13:00:00";"4";"0";"276";"3,85";"16777216";"1731409";"10,32";"8";"108";"166";"3";"4"
"14.11.2015 13:05:00";"4";"0";"583";"8,12";"16777216";"3430941";"20,45";"37";"334";"166";"45";"628"
"14.11.2015 13:10:00";"4";"0";"258";"3,6";"16777216";"2078697";"12,39";"1";"114";"166";"3";"4"
"14.11.2015 13:15:00";"4";"0";"271";"3,78";"16777216";"2167616";"12,92";"0";"118";"166";"2";"4"
"14.11.2015 13:20:00";"4";"0";"298";"4,15";"16777216";"2491417";"14,85";"1";"136";"166";"4";"5"
"14.11.2015 13:25:00";"4";"0";"254";"3,54";"16777216";"2457862";"14,65";"0";"103";"166";"2";"3"
"14.11.2015 13:30:00";"4";"0";"326";"4,54";"16777216";"2134062";"12,72";"1";"142";"166";"3";"4"
"14.11.2015 13:35:00";"4";"0";"292";"4,08";"16777216";"2503161";"14,92";"7";"148";"166";"5";"6"
"14.11.2015 13:40:00";"4";"0";"281";"3,92";"16777216";"1865626";"11,12";"0";"125";"166";"3";"4"
"14.11.2015 13:45:00";"4";"0";"355";"4,95";"16777216";"2424308";"14,45";"0";"168";"166";"27";"7"
"14.11.2015 13:50:00";"4";"0";"283";"3,95";"16777216";"1978034";"11,79";"0";"116";"166";"4";"5"
"14.11.2015 13:55:00";"4";"0";"250";"3,48";"16777216";"2066953";"12,32";"0";"95";"166";"2";"3"
"14.11.2015 14:00:00";"4";"0";"462";"6,43";"16777216";"2189427";"13,05";"214";"203";"166";"3";"4"
"14.11.2015 14:05:00";"4";"0";"442";"6,16";"16777216";"3924191";"23,39";"321";"221";"166";"4";"5"
"14.11.2015 14:10:00";"4";"0";"276";"3,85";"16777216";"2637378";"15,72";"0";"151";"166";"2";"4"
"14.11.2015 14:15:00";"4";"0";"261";"3,64";"16777216";"2234725";"13,32";"0";"133";"166";"2";"4"
"14.11.2015 14:20:00";"4";"0";"319";"4,44";"16777216";"2313578";"13,79";"8";"156";"166";"5";"6"
"14.11.2015 14:25:00";"4";"0";"267";"3,72";"16777216";"2536715";"15,12";"2";"140";"166";"2";"3"
"14.11.2015 14:30:00";"4";"0";"323";"4,49";"16777216";"2066953";"12,32";"4";"171";"166";"3";"4"
"14.11.2015 14:35:00";"4";"0";"287";"4";"16777216";"2201171";"13,12";"0";"159";"166";"5";"6"
"14.11.2015 14:40:00";"4";"0";"310";"4,32";"16777216";"1642489";"9,79";"3";"108";"166";"3";"4"
"14.11.2015 14:45:00";"4";"0";"346";"4,82";"16777216";"1731409";"10,32";"1";"187";"166";"27";"8"
"14.11.2015 14:50:00";"4";"0";"276";"3,84";"16777216";"2021655";"12,05";"0";"141";"166";"4";"5"
"14.11.2015 14:55:00";"4";"0";"245";"3,41";"16777216";"2424308";"14,45";"0";"97";"166";"2";"4"
"14.11.2015 15:00:00";"4";"0";"268";"3,73";"16777216";"1920991";"11,45";"0";"122";"166";"3";"4"
"14.11.2015 15:05:00";"4";"0";"294";"4,1";"16777216";"2659189";"15,85";"7";"147";"166";"4";"5"
"14.11.2015 15:10:00";"4";"0";"251";"3,5";"16777216";"2246469";"13,39";"0";"119";"166";"2";"4"
"14.11.2015 15:15:00";"4";"0";"272";"3,8";"16777216";"2179360";"12,99";"0";"132";"166";"2";"4"
"14.11.2015 15:20:00";"4";"0";"283";"3,95";"16777216";"2692743";"16,05";"0";"138";"166";"4";"5"
"14.11.2015 15:25:00";"4";"0";"391";"5,44";"16777216";"2603824";"15,52";"309";"133";"166";"2";"3"
"14.11.2015 15:30:00";"4";"0";"300";"4,18";"16777216";"2692743";"16,05";"3";"159";"166";"3";"4"
"14.11.2015 15:35:00";"4";"0";"286";"3,98";"16777216";"2592080";"15,45";"2";"163";"166";"5";"6"
"14.11.2015 15:40:00";"4";"0";"278";"3,88";"16777216";"1853882";"11,05";"0";"131";"166";"3";"4"
"14.11.2015 15:45:00";"4";"0";"350";"4,87";"16777216";"1877370";"11,19";"1";"199";"166";"27";"8"
"14.11.2015 15:50:00";"4";"0";"304";"4,24";"16777216";"2424308";"14,45";"3";"158";"166";"5";"5"
"14.11.2015 15:55:00";"4";"0";"252";"3,51";"16777216";"1978034";"11,79";"8";"129";"166";"2";"3"
"14.11.2015 16:00:00";"4";"0";"406";"5,66";"16777216";"2469606";"14,72";"15";"173";"166";"3";"4"
"14.11.2015 16:05:00";"4";"0";"305";"4,26";"16777216";"3296723";"19,65";"2";"177";"166";"4";"5"
"14.11.2015 16:10:00";"4";"0";"261";"3,64";"16777216";"2357199";"14,05";"0";"123";"166";"3";"4"
"14.11.2015 16:15:00";"4";"0";"283";"3,95";"16777216";"2021655";"12,05";"5";"142";"166";"2";"3"
"14.11.2015 16:20:00";"4";"0";"306";"4,27";"16777216";"2402497";"14,32";"2";"171";"166";"4";"5"
"14.11.2015 16:25:00";"4";"0";"245";"3,42";"16777216";"2347132";"13,99";"0";"114";"166";"2";"3"
"14.11.2015 16:30:00";"4";"0";"266";"3,71";"16777216";"1664300";"9,92";"0";"120";"166";"3";"4"
"14.11.2015 16:35:00";"4";"0";"309";"4,31";"16777216";"1776707";"10,59";"2";"161";"166";"5";"6"
"14.11.2015 16:40:00";"4";"0";"269";"3,75";"16777216";"1743153";"10,39";"1";"131";"166";"3";"4"
"14.11.2015 16:45:00";"4";"0";"336";"4,68";"16777216";"1530082";"9,12";"1";"183";"166";"27";"7"
"14.11.2015 16:50:00";"4";"0";"277";"3,85";"16777216";"2234725";"13,32";"1";"133";"166";"4";"5"
"14.11.2015 16:55:00";"4";"0";"244";"3,4";"16777216";"2112252";"12,59";"0";"96";"166";"2";"3"
"14.11.2015 17:00:00";"4";"0";"282";"3,93";"16777216";"1608935";"9,59";"0";"133";"166";"3";"4"
"14.11.2015 17:05:00";"4";"0";"481";"6,7";"16777216";"3196060";"19,05";"7";"1288";"166";"44";"398"
"14.11.2015 17:10:00";"4";"0";"281";"3,91";"16777216";"2749786";"16,39";"1";"133";"166";"3";"4"
"14.11.2015 17:15:00";"4";"0";"262";"3,65";"16777216";"2078697";"12,39";"0";"137";"166";"2";"3"
"14.11.2015 17:20:00";"4";"0";"293";"4,09";"16777216";"2414241";"14,39";"1";"141";"166";"4";"5"
"14.11.2015 17:25:00";"4";"0";"299";"4,16";"16777216";"2112252";"12,59";"1";"138";"166";"2";"3"
"14.11.2015 17:30:00";"4";"0";"291";"4,05";"16777216";"2011588";"11,99";"1";"158";"166";"3";"4"
"14.11.2015 17:35:00";"4";"0";"278";"3,88";"16777216";"2313578";"13,79";"0";"141";"166";"4";"5"
"14.11.2015 17:40:00";"4";"0";"316";"4,4";"16777216";"1843816";"10,99";"2";"121";"166";"3";"4"
"14.11.2015 17:45:00";"4";"0";"274";"3,82";"16777216";"2145806";"12,79";"3";"137";"166";"3";"4"
"14.11.2015 17:50:00";"4";"0";"345";"4,8";"16777216";"1776707";"10,59";"0";"177";"166";"28";"9"
"14.11.2015 17:55:00";"4";"0";"256";"3,56";"16777216";"2045143";"12,19";"0";"108";"166";"4";"4"
"14.11.2015 18:00:00";"4";"0";"434";"6,04";"16777216";"2380687";"14,19";"251";"530";"166";"3";"4"
"14.11.2015 18:05:00";"4";"0";"487";"6,78";"16777216";"4034920";"24,05";"683";"440";"166";"4";"5"
"14.11.2015 18:10:00";"4";"0";"286";"3,98";"16777216";"2816895";"16,79";"1";"153";"166";"2";"4"
"14.11.2015 18:15:00";"4";"0";"287";"4";"16777216";"2112252";"12,59";"9";"149";"166";"2";"3"
"14.11.2015 18:20:00";"4";"0";"295";"4,11";"16777216";"2280024";"13,59";"1";"159";"166";"5";"5"
"14.11.2015 18:25:00";"4";"0";"268";"3,74";"16777216";"2716231";"16,19";"1";"131";"166";"2";"3"
"14.11.2015 18:30:00";"4";"0";"271";"3,77";"16777216";"2246469";"13,39";"0";"136";"166";"3";"4"
"14.11.2015 18:35:00";"4";"0";"352";"4,91";"16777216";"2280024";"13,59";"1";"155";"166";"57";"58"
"14.11.2015 18:40:00";"4";"0";"343";"4,79";"16777216";"2447796";"14,59";"0";"122";"166";"58";"61"
"14.11.2015 18:45:00";"4";"0";"281";"3,92";"16777216";"2100508";"12,52";"0";"134";"166";"10";"11"
"14.11.2015 18:50:00";"4";"0";"318";"4,43";"16777216";"2301834";"13,72";"0";"190";"166";"48";"18"
"14.11.2015 18:55:00";"4";"0";"272";"3,79";"16777216";"2313578";"13,79";"0";"106";"166";"15";"19"
"14.11.2015 19:00:00";"4";"0";"328";"4,58";"16777216";"2045143";"12,19";"1";"142";"166";"20";"22"
"14.11.2015 19:05:00";"4";"0";"300";"4,19";"16777216";"3241358";"19,32";"13";"156";"166";"12";"14"
"14.11.2015 19:10:00";"4";"0";"271";"3,77";"16777216";"2436052";"14,52";"1";"128";"166";"8";"10"
"14.11.2015 19:15:00";"4";"0";"299";"4,16";"16777216";"1932735";"11,52";"0";"135";"166";"27";"31"
"14.11.2015 19:20:00";"4";"0";"311";"4,34";"16777216";"2179360";"12,99";"0";"136";"166";"25";"28"
"14.11.2015 19:25:00";"4";"0";"275";"3,84";"16777216";"2222981";"13,25";"0";"109";"166";"17";"21"
"14.11.2015 19:30:00";"4";"0";"321";"4,48";"16777216";"2212915";"13,19";"0";"138";"166";"41";"47"
"14.11.2015 19:35:00";"4";"0";"306";"4,27";"16777216";"2045143";"12,19";"3";"150";"166";"13";"15"
"14.11.2015 19:40:00";"4";"0";"272";"3,79";"16777216";"1954546";"11,65";"0";"132";"166";"7";"9"
"14.11.2015 19:45:00";"4";"0";"272";"3,79";"16777216";"2021655";"12,05";"0";"136";"166";"7";"8"
"14.11.2015 19:50:00";"4";"0";"306";"4,26";"16777216";"1944479";"11,59";"0";"142";"166";"20";"22"
"14.11.2015 19:55:00";"4";"0";"368";"5,12";"16777216";"2268280";"13,52";"0";"165";"166";"51";"34"
"14.11.2015 20:00:00";"4";"0";"787";"10,96";"16777216";"4382209";"26,12";"5857";"434";"166";"21";"25"
"14.11.2015 20:05:00";"4";"0";"937";"13,06";"16777216";"6294812";"37,52";"90085";"1692";"166";"49";"7290"
"14.11.2015 20:10:00";"4";"0";"289";"4,02";"16777216";"5221070";"31,12";"35";"140";"166";"45";"43"
"14.11.2015 20:15:00";"4";"0";"298";"4,15";"16777216";"3286657";"19,59";"146";"151";"166";"13";"14"
"14.11.2015 20:20:00";"4";"0";"320";"4,46";"16777216";"2536715";"15,12";"987";"160";"166";"12";"13"
"14.11.2015 20:25:00";"4";"0";"252";"3,51";"16777216";"2335388";"13,92";"9";"127";"166";"2";"3"
"14.11.2015 20:30:00";"4";"0";"263";"3,66";"16777216";"1652556";"9,85";"8";"124";"166";"3";"4"
"14.11.2015 20:35:00";"4";"0";"291";"4,06";"16777216";"1820328";"10,85";"15";"149";"166";"5";"7"
"14.11.2015 20:40:00";"4";"0";"318";"4,43";"16777216";"2100508";"12,52";"27";"122";"166";"3";"5"
"14.11.2015 20:45:00";"4";"0";"362";"5,04";"16777216";"2256536";"13,45";"14";"186";"166";"33";"13"
"14.11.2015 20:50:00";"4";"0";"309";"4,31";"16777216";"2357199";"14,05";"11";"143";"166";"23";"25"
"14.11.2015 20:55:00";"4";"0";"264";"3,68";"16777216";"2424308";"14,45";"7";"107";"166";"14";"16"
"14.11.2015 21:00:00";"4";"0";"266";"3,71";"16777216";"1932735";"11,52";"17";"126";"166";"5";"7"
"14.11.2015 21:05:00";"4";"0";"397";"5,52";"16777216";"2927624";"17,45";"49";"453";"166";"50";"115"
"14.11.2015 21:10:00";"4";"0";"258";"3,6";"16777216";"2491417";"14,85";"1";"122";"166";"7";"8"
"14.11.2015 21:15:00";"4";"0";"264";"3,68";"16777216";"2347132";"13,99";"1";"132";"166";"9";"10"
"14.11.2015 21:20:00";"4";"0";"290";"4,04";"16777216";"1954546";"11,65";"2";"138";"166";"8";"9"
"14.11.2015 21:25:00";"4";"0";"274";"3,82";"16777216";"2145806";"12,79";"0";"114";"166";"16";"17"
"14.11.2015 21:30:00";"4";"0";"270";"3,77";"16777216";"2112252";"12,59";"0";"127";"166";"5";"6"
"14.11.2015 21:35:00";"4";"0";"298";"4,15";"16777216";"2112252";"12,59";"2";"153";"166";"11";"11"
"14.11.2015 21:40:00";"4";"0";"313";"4,37";"16777216";"2246469";"13,39";"3";"124";"166";"38";"40"
"14.11.2015 21:45:00";"4";"0";"375";"5,22";"16777216";"2078697";"12,39";"0";"181";"166";"45";"27"
"14.11.2015 21:50:00";"4";"0";"312";"4,35";"16777216";"2222981";"13,25";"4";"146";"166";"21";"22"
"14.11.2015 21:55:00";"4";"0";"262";"3,66";"16777216";"2424308";"14,45";"0";"111";"166";"14";"16"
"14.11.2015 22:00:00";"4";"0";"365";"5,09";"16777216";"2436052";"14,52";"64";"142";"166";"6";"7"
"14.11.2015 22:05:00";"4";"0";"465";"6,47";"16777216";"3118884";"18,59";"57";"225";"166";"14";"16"
"14.11.2015 22:10:00";"4";"0";"263";"3,66";"16777216";"2246469";"13,39";"0";"178";"166";"14";"12"
"14.11.2015 22:15:00";"4";"0";"302";"4,2";"16777216";"1978034";"11,79";"0";"131";"166";"33";"38"
"14.11.2015 22:20:00";"4";"0";"358";"4,99";"16777216";"2246469";"13,39";"0";"162";"166";"12";"13"
"14.11.2015 22:25:00";"4";"0";"259";"3,61";"16777216";"2112252";"12,59";"0";"143";"166";"9";"11"
"14.11.2015 22:30:00";"4";"0";"360";"5,01";"16777216";"2280024";"13,59";"259";"530";"166";"3";"4"
"14.11.2015 22:35:00";"4";"0";"280";"3,9";"16777216";"2783340";"16,59";"1";"538";"166";"5";"5"
"14.11.2015 22:40:00";"4";"0";"316";"4,41";"16777216";"2749786";"16,39";"2";"162";"166";"28";"11"
"14.11.2015 22:45:00";"4";"0";"313";"4,37";"16777216";"2615568";"15,59";"15";"147";"166";"6";"5"
"14.11.2015 22:50:00";"4";"0";"288";"4,02";"16777216";"2280024";"13,59";"3";"140";"166";"5";"6"
"14.11.2015 22:55:00";"4";"0";"238";"3,32";"16777216";"2246469";"13,39";"1";"108";"166";"2";"3"
"14.11.2015 23:00:00";"4";"0";"271";"3,78";"16777216";"1676044";"9,99";"3";"127";"166";"3";"4"
"14.11.2015 23:05:00";"4";"0";"299";"4,17";"16777216";"2917558";"17,39";"13";"158";"166";"4";"5"
"14.11.2015 23:10:00";"4";"0";"246";"3,42";"16777216";"2212915";"13,19";"20";"120";"166";"2";"4"
"14.11.2015 23:15:00";"4";"0";"266";"3,71";"16777216";"2380687";"14,19";"2";"132";"166";"2";"3"
"14.11.2015 23:20:00";"4";"0";"283";"3,94";"16777216";"2078697";"12,39";"4";"141";"166";"4";"5"
"14.11.2015 23:25:00";"4";"0";"242";"3,37";"16777216";"1843816";"10,99";"4";"109";"166";"2";"3"
"14.11.2015 23:30:00";"4";"0";"280";"3,91";"16777216";"1899181";"11,32";"5";"132";"166";"3";"4"
"14.11.2015 23:35:00";"4";"0";"279";"3,9";"16777216";"2011588";"11,99";"4";"152";"166";"4";"5"
"14.11.2015 23:40:00";"4";"0";"308";"4,3";"16777216";"1676044";"9,99";"4";"124";"166";"3";"4"
"14.11.2015 23:45:00";"4";"0";"277";"3,86";"16777216";"1944479";"11,59";"6";"136";"166";"3";"4"
"14.11.2015 23:50:00";"4";"0";"352";"4,9";"16777216";"1676044";"9,99";"10";"193";"166";"29";"9"
"14.11.2015 23:55:00";"4";"0";"246";"3,42";"16777216";"2011588";"11,99";"8";"111";"166";"2";"3"
"15.11.2015 00:00:00";"4";"0";"344";"4,79";"16777216";"2347132";"13,99";"11";"135";"166";"3";"4"
"15.11.2015 00:05:00";"4";"0";"462";"6,44";"16777216";"3073586";"18,32";"40";"461";"166";"66";"7"
"15.11.2015 00:10:00";"4";"0";"552";"7,69";"16777216";"2457862";"14,65";"80";"528";"166";"51";"5"
"15.11.2015 00:15:00";"4";"0";"678";"9,44";"16777216";"3644011";"21,72";"787";"338";"166";"62";"6"
"15.11.2015 00:20:00";"4";"0";"311";"4,33";"16777216";"2939368";"17,52";"10";"95";"166";"69";"8"
"15.11.2015 00:25:00";"4";"0";"270";"3,76";"16777216";"2469606";"14,72";"7";"79";"166";"63";"5"
"15.11.2015 00:30:00";"4";"0";"282";"3,92";"16777216";"2134062";"12,72";"8";"86";"166";"71";"6"
"15.11.2015 00:35:00";"4";"0";"1489";"20,73";"16777216";"3476239";"20,72";"512";"4274";"166";"10";"5"
"15.11.2015 00:40:00";"4";"0";"265";"3,69";"16777216";"3375576";"20,12";"9";"635";"166";"2";"4"
"15.11.2015 00:45:00";"4";"0";"258";"3,59";"16777216";"2234725";"13,32";"10";"92";"166";"2";"3"
"15.11.2015 00:50:00";"4";"0";"277";"3,87";"16777216";"2078697";"12,39";"17";"85";"166";"4";"5"
"15.11.2015 00:55:00";"4";"0";"248";"3,46";"16777216";"2380687";"14,19";"7";"78";"166";"2";"3"
"15.11.2015 01:00:00";"4";"0";"268";"3,73";"16777216";"1508272";"8,99";"9";"85";"166";"3";"4"
"15.11.2015 01:05:00";"4";"0";"786";"10,95";"16777216";"3665822";"21,85";"753";"1504";"166";"49";"977"
"15.11.2015 01:10:00";"4";"0";"249";"3,47";"16777216";"2682677";"15,99";"1";"140";"166";"3";"4"
"15.11.2015 01:15:00";"4";"0";"267";"3,73";"16777216";"2045143";"12,19";"0";"88";"166";"2";"4"
"15.11.2015 01:20:00";"4";"0";"285";"3,96";"16777216";"1999844";"11,92";"0";"99";"166";"4";"5"
"15.11.2015 01:25:00";"4";"0";"264";"3,69";"16777216";"2280024";"13,59";"0";"85";"166";"2";"3"
"15.11.2015 01:30:00";"4";"0";"770";"10,73";"16777216";"3409130";"20,32";"6954";"705";"166";"62";"2442"
"15.11.2015 01:35:00";"4";"0";"283";"3,94";"16777216";"3756419";"22,39";"37";"93";"166";"4";"5"
"15.11.2015 01:40:00";"4";"0";"257";"3,59";"16777216";"2100508";"12,52";"4";"96";"166";"3";"4"
"15.11.2015 01:45:00";"4";"0";"270";"3,77";"16777216";"1753219";"10,45";"15";"95";"166";"3";"4"
"15.11.2015 01:50:00";"4";"0";"296";"4,13";"16777216";"2222981";"13,25";"974";"99";"166";"5";"6"
"15.11.2015 01:55:00";"4";"0";"326";"4,54";"16777216";"2112252";"12,59";"11";"128";"166";"25";"7"
"15.11.2015 02:00:00";"4";"0";"344";"4,79";"16777216";"2335388";"13,92";"48";"109";"166";"5";"4"
"15.11.2015 02:05:00";"4";"0";"310";"4,32";"16777216";"2558525";"15,25";"63";"116";"166";"4";"5"
"15.11.2015 02:10:00";"4";"0";"240";"3,34";"16777216";"2155872";"12,85";"6";"96";"166";"2";"4"
"15.11.2015 02:15:00";"4";"0";"266";"3,71";"16777216";"1966290";"11,72";"15";"100";"166";"2";"3"
"15.11.2015 02:20:00";"4";"0";"270";"3,76";"16777216";"2033399";"12,12";"8";"104";"166";"4";"5"
"15.11.2015 02:25:00";"4";"0";"229";"3,2";"16777216";"1731409";"10,32";"9";"81";"166";"2";"3"
"15.11.2015 02:30:00";"4";"0";"249";"3,48";"16777216";"1719665";"10,25";"9";"87";"166";"3";"4"
"15.11.2015 02:35:00";"4";"0";"284";"3,96";"16777216";"3006477";"17,92";"22";"103";"166";"5";"6"
"15.11.2015 02:40:00";"4";"0";"290";"4,04";"16777216";"2112252";"12,59";"13";"97";"166";"3";"5"
"15.11.2015 02:45:00";"4";"0";"249";"3,47";"16777216";"1798518";"10,72";"12";"85";"166";"2";"4"
"15.11.2015 02:50:00";"4";"0";"267";"3,72";"16777216";"1966290";"11,72";"8";"95";"166";"4";"5"
"15.11.2015 02:55:00";"4";"0";"225";"3,14";"16777216";"2222981";"13,25";"7";"81";"166";"2";"3"
"15.11.2015 03:00:00";"4";"0";"252";"3,51";"16777216";"1843816";"10,99";"8";"88";"166";"3";"4"
"15.11.2015 03:05:00";"4";"0";"550";"7,66";"16777216";"3353765";"19,99";"51";"346";"166";"4";"5"
"15.11.2015 03:10:00";"4";"0";"241";"3,36";"16777216";"2749786";"16,39";"8";"261";"166";"2";"4"
"15.11.2015 03:15:00";"4";"0";"258";"3,6";"16777216";"2045143";"12,19";"55";"134";"166";"2";"3"
"15.11.2015 03:20:00";"4";"0";"321";"4,47";"16777216";"2280024";"13,59";"17";"114";"166";"5";"6"
"15.11.2015 03:25:00";"4";"0";"230";"3,2";"16777216";"2078697";"12,39";"8";"98";"166";"2";"3"
"15.11.2015 03:30:00";"4";"0";"247";"3,44";"16777216";"1843816";"10,99";"7";"104";"166";"3";"4"
"15.11.2015 03:35:00";"4";"0";"276";"3,85";"16777216";"2112252";"12,59";"9";"102";"166";"5";"6"
"15.11.2015 03:40:00";"4";"0";"260";"3,62";"16777216";"2222981";"13,25";"8";"92";"166";"3";"4"
"15.11.2015 03:45:00";"4";"0";"262";"3,65";"16777216";"2179360";"12,99";"10";"92";"166";"3";"4"
"15.11.2015 03:50:00";"4";"0";"264";"3,68";"16777216";"1877370";"11,19";"8";"97";"166";"5";"6"
"15.11.2015 03:55:00";"4";"0";"227";"3,16";"16777216";"1843816";"10,99";"7";"79";"166";"2";"3"
"15.11.2015 04:00:00";"4";"0";"436";"6,07";"16777216";"2582014";"15,39";"152";"211";"166";"28";"8"
"15.11.2015 04:05:00";"4";"0";"355";"4,94";"16777216";"2749786";"16,39";"211";"228";"166";"4";"5"
"15.11.2015 04:10:00";"4";"0";"241";"3,36";"16777216";"2145806";"12,79";"20";"177";"166";"3";"4"
"15.11.2015 04:15:00";"4";"0";"304";"4,24";"16777216";"2280024";"13,59";"28";"114";"166";"2";"4"
"15.11.2015 04:20:00";"4";"0";"285";"3,97";"16777216";"2280024";"13,59";"16";"118";"166";"4";"5"
"15.11.2015 04:25:00";"4";"0";"299";"4,17";"16777216";"2078697";"12,39";"34";"115";"166";"2";"3"
"15.11.2015 04:30:00";"4";"0";"251";"3,5";"16777216";"2011588";"11,99";"8";"124";"166";"3";"4"
"15.11.2015 04:35:00";"4";"0";"354";"4,93";"16777216";"1810262";"10,79";"12";"153";"166";"21";"10"
"15.11.2015 04:40:00";"4";"0";"317";"4,42";"16777216";"1978034";"11,79";"8";"116";"166";"36";"37"
"15.11.2015 04:45:00";"4";"0";"371";"5,17";"16777216";"2280024";"13,59";"11";"172";"166";"34";"16"
"15.11.2015 04:50:00";"4";"0";"416";"5,79";"16777216";"2347132";"13,99";"23";"167";"166";"33";"11"
"15.11.2015 04:55:00";"4";"0";"248";"3,46";"16777216";"2145806";"12,79";"11";"106";"166";"2";"3"
"15.11.2015 05:00:00";"4";"0";"261";"3,64";"16777216";"2514905";"14,99";"8";"115";"166";"3";"4"
"15.11.2015 05:05:00";"4";"0";"484";"6,74";"16777216";"3286657";"19,59";"29";"1354";"166";"45";"433"
"15.11.2015 05:10:00";"4";"0";"245";"3,41";"16777216";"3085330";"18,39";"27";"104";"166";"3";"4"
"15.11.2015 05:15:00";"4";"0";"246";"3,43";"16777216";"1999844";"11,92";"8";"94";"166";"2";"3"
"15.11.2015 05:20:00";"4";"0";"279";"3,89";"16777216";"2167616";"12,92";"13";"98";"166";"4";"5"
"15.11.2015 05:25:00";"4";"0";"245";"3,42";"16777216";"2145806";"12,79";"7";"84";"166";"2";"3"
"15.11.2015 05:30:00";"4";"0";"259";"3,6";"16777216";"1865626";"11,12";"11";"104";"166";"3";"4"
"15.11.2015 05:35:00";"4";"0";"277";"3,86";"16777216";"1743153";"10,39";"8";"116";"166";"5";"6"
"15.11.2015 05:40:00";"4";"0";"315";"4,39";"16777216";"1642489";"9,79";"11";"110";"166";"3";"4"
"15.11.2015 05:45:00";"4";"0";"317";"4,42";"16777216";"2167616";"12,92";"9";"168";"166";"27";"7"
"15.11.2015 05:50:00";"4";"0";"271";"3,78";"16777216";"2201171";"13,12";"8";"99";"166";"4";"5"
"15.11.2015 05:55:00";"4";"0";"254";"3,55";"16777216";"1932735";"11,52";"13";"106";"166";"2";"3"
"15.11.2015 06:00:00";"4";"0";"383";"5,33";"16777216";"2313578";"13,79";"642";"248";"166";"3";"4"
"15.11.2015 06:05:00";"4";"0";"1181";"16,45";"16777216";"4259735";"25,39";"71153";"935";"166";"16";"2919"
"15.11.2015 06:10:00";"4";"0";"394";"5,48";"16777216";"5232814";"31,19";"20462";"141";"166";"41";"197"
"15.11.2015 06:15:00";"4";"0";"250";"3,49";"16777216";"2838705";"16,92";"76";"96";"166";"2";"3"
"15.11.2015 06:20:00";"4";"0";"292";"4,07";"16777216";"2179360";"12,99";"653";"121";"166";"5";"5"
"15.11.2015 06:25:00";"4";"0";"243";"3,39";"16777216";"1877370";"11,19";"7";"90";"166";"2";"3"
"15.11.2015 06:30:00";"4";"0";"267";"3,72";"16777216";"1798518";"10,72";"8";"99";"166";"3";"4"
"15.11.2015 06:35:00";"4";"0";"306";"4,27";"16777216";"2212915";"13,19";"10";"109";"166";"6";"7"
"15.11.2015 06:40:00";"4";"0";"277";"3,86";"16777216";"2179360";"12,99";"6";"97";"166";"3";"5"
"15.11.2015 06:45:00";"4";"0";"331";"4,62";"16777216";"1843816";"10,99";"8";"174";"166";"27";"8"
"15.11.2015 06:50:00";"4";"0";"280";"3,9";"16777216";"1810262";"10,79";"7";"117";"166";"4";"5"
"15.11.2015 06:55:00";"4";"0";"242";"3,37";"16777216";"1887437";"11,25";"14";"89";"166";"2";"3"
"15.11.2015 07:00:00";"4";"0";"277";"3,86";"16777216";"1642489";"9,79";"6";"105";"166";"3";"4"
"15.11.2015 07:05:00";"4";"0";"284";"3,96";"16777216";"2682677";"15,99";"20";"123";"166";"4";"5"
"15.11.2015 07:10:00";"4";"0";"249";"3,48";"16777216";"2323644";"13,85";"4";"104";"166";"2";"4"
"15.11.2015 07:15:00";"4";"0";"256";"3,57";"16777216";"1563636";"9,32";"7";"101";"166";"2";"3"
"15.11.2015 07:20:00";"4";"0";"285";"3,97";"16777216";"2155872";"12,85";"5";"114";"166";"4";"5"
"15.11.2015 07:25:00";"4";"0";"235";"3,27";"16777216";"2112252";"12,59";"2";"87";"166";"2";"3"
"15.11.2015 07:30:00";"4";"0";"268";"3,74";"16777216";"1630745";"9,72";"2";"109";"166";"3";"4"
"15.11.2015 07:35:00";"4";"0";"290";"4,05";"16777216";"1484784";"8,85";"5";"138";"166";"5";"6"
"15.11.2015 07:40:00";"4";"0";"256";"3,58";"16777216";"1630745";"9,72";"0";"117";"166";"3";"4"
"15.11.2015 07:45:00";"4";"0";"329";"4,58";"16777216";"2313578";"13,79";"1";"156";"166";"27";"7"
"15.11.2015 07:50:00";"4";"0";"268";"3,73";"16777216";"2414241";"14,39";"0";"109";"166";"4";"5"
"15.11.2015 07:55:00";"4";"0";"241";"3,36";"16777216";"1910925";"11,39";"0";"88";"166";"2";"3"
"15.11.2015 08:00:00";"4";"0";"427";"5,95";"16777216";"2347132";"13,99";"272";"522";"166";"3";"4"
"15.11.2015 08:05:00";"4";"0";"338";"4,71";"16777216";"2884004";"17,19";"18";"380";"166";"4";"5"
"15.11.2015 08:10:00";"4";"0";"259";"3,61";"16777216";"2078697";"12,39";"0";"114";"166";"2";"4"
"15.11.2015 08:15:00";"4";"0";"286";"3,98";"16777216";"1910925";"11,39";"1";"132";"166";"2";"3"
"15.11.2015 08:20:00";"4";"0";"297";"4,13";"16777216";"1920991";"11,45";"0";"132";"166";"4";"5"
"15.11.2015 08:25:00";"4";"0";"267";"3,73";"16777216";"2088763";"12,45";"1";"108";"166";"2";"3"
"15.11.2015 08:30:00";"4";"0";"263";"3,67";"16777216";"2212915";"13,19";"0";"129";"166";"3";"4"
"15.11.2015 08:35:00";"4";"0";"297";"4,14";"16777216";"1832072";"10,92";"4";"157";"166";"4";"6"
"15.11.2015 08:40:00";"4";"0";"310";"4,32";"16777216";"1877370";"11,19";"4";"125";"166";"3";"4"
"15.11.2015 08:45:00";"4";"0";"339";"4,73";"16777216";"2280024";"13,59";"0";"169";"166";"27";"8"
"15.11.2015 08:50:00";"4";"0";"279";"3,88";"16777216";"2603824";"15,52";"0";"127";"166";"4";"5"
"15.11.2015 08:55:00";"4";"0";"250";"3,49";"16777216";"1978034";"11,79";"0";"91";"166";"2";"3"
"15.11.2015 09:00:00";"4";"0";"268";"3,73";"16777216";"2112252";"12,59";"0";"111";"166";"3";"4"
"15.11.2015 09:05:00";"4";"0";"479";"6,68";"16777216";"3061842";"18,25";"21";"1205";"166";"44";"340"
"15.11.2015 09:10:00";"4";"0";"250";"3,48";"16777216";"2826961";"16,85";"0";"110";"166";"2";"4"
"15.11.2015 09:15:00";"4";"0";"266";"3,71";"16777216";"1988100";"11,85";"0";"112";"166";"2";"3"
"15.11.2015 09:20:00";"4";"0";"291";"4,06";"16777216";"1676044";"9,99";"5";"139";"166";"4";"5"
"15.11.2015 09:25:00";"4";"0";"264";"3,68";"16777216";"2212915";"13,19";"0";"102";"166";"2";"3"
"15.11.2015 09:30:00";"4";"0";"270";"3,76";"16777216";"2066953";"12,32";"0";"122";"166";"3";"4"
"15.11.2015 09:35:00";"4";"0";"304";"4,24";"16777216";"2212915";"13,19";"2";"157";"166";"5";"6"
"15.11.2015 09:40:00";"4";"0";"266";"3,71";"16777216";"1776707";"10,59";"2";"116";"166";"3";"4"
"15.11.2015 09:45:00";"4";"0";"345";"4,81";"16777216";"2112252";"12,59";"1";"175";"166";"27";"8"
"15.11.2015 09:50:00";"4";"0";"296";"4,13";"16777216";"2280024";"13,59";"0";"150";"166";"5";"5"
"15.11.2015 09:55:00";"4";"0";"251";"3,5";"16777216";"2134062";"12,72";"0";"104";"166";"2";"3"
"15.11.2015 10:00:00";"4";"0";"420";"5,85";"16777216";"1877370";"11,19";"17";"166";"166";"3";"4"
"15.11.2015 10:05:00";"4";"0";"626";"8,72";"16777216";"4326844";"25,79";"3457";"228";"166";"4";"5"
"15.11.2015 10:10:00";"4";"0";"252";"3,52";"16777216";"4214437";"25,12";"0";"189";"166";"2";"4"
"15.11.2015 10:15:00";"4";"0";"280";"3,91";"16777216";"2805150";"16,72";"13";"125";"166";"2";"3"
"15.11.2015 10:20:00";"4";"0";"557";"7,75";"16777216";"2570269";"15,32";"24";"138";"166";"5";"5"
"15.11.2015 10:25:00";"4";"0";"248";"3,46";"16777216";"2582014";"15,39";"0";"100";"166";"2";"3"
"15.11.2015 10:30:00";"4";"0";"272";"3,79";"16777216";"2021655";"12,05";"0";"122";"166";"3";"4"
"15.11.2015 10:35:00";"4";"0";"275";"3,84";"16777216";"2280024";"13,59";"1";"130";"166";"4";"5"
"15.11.2015 10:40:00";"4";"0";"257";"3,58";"16777216";"1652556";"9,85";"0";"90";"166";"2";"4"
"15.11.2015 10:45:00";"4";"0";"270";"3,76";"16777216";"2088763";"12,45";"3";"117";"166";"2";"3"
"15.11.2015 10:50:00";"4";"0";"278";"3,87";"16777216";"1709598";"10,19";"8";"127";"166";"5";"5"
"15.11.2015 10:55:00";"4";"0";"254";"3,54";"16777216";"2290090";"13,65";"8";"89";"166";"2";"3"
"15.11.2015 11:00:00";"4";"0";"302";"4,21";"16777216";"2716231";"16,19";"13";"140";"166";"3";"4"
"15.11.2015 11:05:00";"4";"0";"327";"4,55";"16777216";"3442685";"20,52";"42";"168";"166";"4";"5"
"15.11.2015 11:10:00";"4";"0";"280";"3,91";"16777216";"2503161";"14,92";"14";"155";"166";"3";"4"
"15.11.2015 11:15:00";"4";"0";"296";"4,12";"16777216";"2290090";"13,65";"15";"161";"166";"2";"4"
"15.11.2015 11:20:00";"4";"0";"311";"4,34";"16777216";"2100508";"12,52";"12";"160";"166";"5";"5"
"15.11.2015 11:25:00";"4";"0";"243";"3,39";"16777216";"2424308";"14,45";"7";"100";"166";"2";"3"
"15.11.2015 11:30:00";"4";"0";"259";"3,61";"16777216";"1764963";"10,52";"7";"118";"166";"3";"4"
"15.11.2015 11:35:00";"4";"0";"285";"3,97";"16777216";"2167616";"12,92";"12";"133";"166";"4";"5"
"15.11.2015 11:40:00";"4";"0";"319";"4,44";"16777216";"2055209";"12,25";"13";"118";"166";"3";"5"
"15.11.2015 11:45:00";"4";"0";"277";"3,86";"16777216";"1798518";"10,72";"9";"135";"166";"3";"4"
"15.11.2015 11:50:00";"4";"0";"361";"5,03";"16777216";"2368943";"14,12";"11";"177";"166";"30";"9"
"15.11.2015 11:55:00";"4";"0";"375";"5,23";"16777216";"2122318";"12,65";"28";"189";"166";"2";"3"
"15.11.2015 12:00:00";"4";"0";"398";"5,54";"16777216";"2570269";"15,32";"17";"190";"166";"3";"4"
"15.11.2015 12:05:00";"4";"0";"1368";"19,06";"16777216";"3689310";"21,99";"100";"1067";"166";"4";"5"
"15.11.2015 12:10:00";"4";"0";"275";"3,83";"16777216";"2860515";"17,05";"11";"1170";"166";"2";"4"
"15.11.2015 12:15:00";"4";"0";"292";"4,07";"16777216";"2390753";"14,25";"22";"149";"166";"2";"3"
"15.11.2015 12:20:00";"4";"0";"310";"4,32";"16777216";"2390753";"14,25";"21";"168";"166";"5";"5"
"15.11.2015 12:25:00";"4";"0";"284";"3,95";"16777216";"1932735";"11,52";"13";"147";"166";"2";"3"
"15.11.2015 12:30:00";"4";"0";"269";"3,75";"16777216";"1619001";"9,65";"9";"136";"166";"3";"4"
"15.11.2015 12:35:00";"4";"0";"305";"4,25";"16777216";"2335388";"13,92";"19";"151";"166";"5";"6"
"15.11.2015 12:40:00";"4";"0";"272";"3,79";"16777216";"2033399";"12,12";"9";"123";"166";"3";"4"
"15.11.2015 12:45:00";"4";"0";"347";"4,84";"16777216";"2122318";"12,65";"10";"173";"166";"27";"7"
"15.11.2015 12:50:00";"4";"0";"291";"4,06";"16777216";"2122318";"12,65";"10";"140";"166";"5";"5"
"15.11.2015 12:55:00";"4";"0";"260";"3,62";"16777216";"2268280";"13,52";"8";"109";"166";"2";"3"
"15.11.2015 13:00:00";"4";"0";"265";"3,69";"16777216";"1910925";"11,39";"8";"129";"166";"3";"4"
"15.11.2015 13:05:00";"4";"0";"596";"8,3";"16777216";"3778229";"22,52";"25";"2193";"166";"45";"600"
"15.11.2015 13:10:00";"4";"0";"253";"3,52";"16777216";"2692743";"16,05";"7";"124";"166";"2";"4"
"15.11.2015 13:15:00";"4";"0";"279";"3,88";"16777216";"2100508";"12,52";"12";"126";"166";"2";"3"
"15.11.2015 13:20:00";"4";"0";"291";"4,05";"16777216";"2066953";"12,32";"11";"142";"166";"5";"5"
"15.11.2015 13:25:00";"4";"0";"264";"3,67";"16777216";"1899181";"11,32";"8";"101";"166";"2";"3"
"15.11.2015 13:30:00";"4";"0";"320";"4,46";"16777216";"1709598";"10,19";"15";"153";"166";"3";"4"
"15.11.2015 13:35:00";"4";"0";"303";"4,22";"16777216";"2078697";"12,39";"26";"164";"166";"5";"5"
"15.11.2015 13:40:00";"4";"0";"269";"3,75";"16777216";"2246469";"13,39";"8";"140";"166";"3";"4"
"15.11.2015 13:45:00";"4";"0";"274";"3,82";"16777216";"1877370";"11,19";"11";"126";"166";"3";"4"
"15.11.2015 13:50:00";"4";"0";"281";"3,92";"16777216";"2045143";"12,19";"8";"129";"166";"5";"5"
"15.11.2015 13:55:00";"4";"0";"357";"4,98";"16777216";"1719665";"10,25";"12";"165";"166";"27";"7"
"15.11.2015 14:00:00";"4";"0";"430";"5,99";"16777216";"2246469";"13,39";"26";"208";"166";"3";"4"
"15.11.2015 14:05:00";"4";"0";"438";"6,11";"16777216";"2917558";"17,39";"105";"217";"166";"4";"5"
"15.11.2015 14:10:00";"4";"0";"264";"3,69";"16777216";"2268280";"13,52";"10";"162";"166";"2";"4"
"15.11.2015 14:15:00";"4";"0";"263";"3,67";"16777216";"1999844";"11,92";"9";"134";"166";"2";"3"
"15.11.2015 14:20:00";"4";"0";"300";"4,18";"16777216";"2268280";"13,52";"14";"153";"166";"5";"5"
"15.11.2015 14:25:00";"4";"0";"278";"3,87";"16777216";"2201171";"13,12";"12";"131";"166";"2";"3"
"15.11.2015 14:30:00";"4";"0";"310";"4,32";"16777216";"2280024";"13,59";"24";"167";"166";"3";"4"
"15.11.2015 14:35:00";"4";"0";"288";"4,02";"16777216";"1920991";"11,45";"9";"158";"166";"5";"6"
"15.11.2015 14:40:00";"4";"0";"309";"4,31";"16777216";"1843816";"10,99";"10";"104";"166";"3";"4"
"15.11.2015 14:45:00";"4";"0";"347";"4,83";"16777216";"2100508";"12,52";"14";"185";"166";"28";"7"
"15.11.2015 14:50:00";"4";"0";"279";"3,88";"16777216";"1719665";"10,25";"8";"142";"166";"4";"5"
"15.11.2015 14:55:00";"4";"0";"253";"3,52";"16777216";"1954546";"11,65";"7";"103";"166";"2";"3"
"15.11.2015 15:00:00";"4";"0";"266";"3,71";"16777216";"1776707";"10,59";"8";"125";"166";"3";"4"
"15.11.2015 15:05:00";"4";"0";"299";"4,17";"16777216";"2637378";"15,72";"15";"149";"166";"4";"5"
"15.11.2015 15:10:00";"4";"0";"252";"3,51";"16777216";"2313578";"13,79";"8";"116";"166";"2";"4"
"15.11.2015 15:15:00";"4";"0";"278";"3,87";"16777216";"2078697";"12,39";"11";"131";"166";"2";"3"
"15.11.2015 15:20:00";"4";"0";"278";"3,88";"16777216";"2246469";"13,39";"8";"137";"166";"4";"5"
"15.11.2015 15:25:00";"4";"0";"385";"5,36";"16777216";"2514905";"14,99";"321";"123";"166";"2";"3"
"15.11.2015 15:30:00";"4";"0";"303";"4,22";"16777216";"2313578";"13,79";"16";"156";"166";"3";"4"
"15.11.2015 15:35:00";"4";"0";"278";"3,87";"16777216";"1910925";"11,39";"11";"156";"166";"5";"5"
"15.11.2015 15:40:00";"4";"0";"287";"3,99";"16777216";"2045143";"12,19";"12";"122";"166";"3";"4"
"15.11.2015 15:45:00";"4";"0";"346";"4,83";"16777216";"1810262";"10,79";"14";"194";"166";"27";"7"
"15.11.2015 15:50:00";"4";"0";"301";"4,19";"16777216";"2582014";"15,39";"12";"160";"166";"4";"5"
"15.11.2015 15:55:00";"4";"0";"248";"3,46";"16777216";"2179360";"12,99";"9";"128";"166";"2";"3"
"15.11.2015 16:00:00";"4";"0";"412";"5,74";"16777216";"2201171";"13,12";"24";"164";"166";"3";"4"
"15.11.2015 16:05:00";"4";"0";"293";"4,08";"16777216";"2860515";"17,05";"25";"170";"166";"4";"5"
"15.11.2015 16:10:00";"4";"0";"271";"3,77";"16777216";"2078697";"12,39";"12";"126";"166";"3";"4"
"15.11.2015 16:15:00";"4";"0";"275";"3,84";"16777216";"2268280";"13,52";"16";"144";"166";"2";"3"
"15.11.2015 16:20:00";"4";"0";"302";"4,21";"16777216";"2122318";"12,65";"11";"159";"166";"4";"5"
"15.11.2015 16:25:00";"4";"0";"247";"3,44";"16777216";"2078697";"12,39";"8";"111";"166";"2";"3"
"15.11.2015 16:30:00";"4";"0";"265";"3,69";"16777216";"2112252";"12,59";"8";"124";"166";"3";"4"
"15.11.2015 16:35:00";"4";"0";"304";"4,24";"16777216";"1832072";"10,92";"12";"160";"166";"5";"6"
"15.11.2015 16:40:00";"4";"0";"270";"3,76";"16777216";"1731409";"10,32";"8";"125";"166";"3";"4"
"15.11.2015 16:45:00";"4";"0";"336";"4,69";"16777216";"2021655";"12,05";"11";"181";"166";"27";"7"
"15.11.2015 16:50:00";"4";"0";"278";"3,88";"16777216";"1999844";"11,92";"9";"134";"166";"4";"5"
"15.11.2015 16:55:00";"4";"0";"246";"3,42";"16777216";"2066953";"12,32";"7";"96";"166";"2";"3"
"15.11.2015 17:00:00";"4";"0";"284";"3,97";"16777216";"1686110";"10,05";"12";"137";"166";"3";"4"
"15.11.2015 17:05:00";"4";"0";"484";"6,74";"16777216";"3375576";"20,12";"28";"1284";"166";"44";"389"
"15.11.2015 17:10:00";"4";"0";"282";"3,92";"16777216";"2826961";"16,85";"1";"131";"166";"3";"4"
"15.11.2015 17:15:00";"4";"0";"256";"3,57";"16777216";"2323644";"13,85";"0";"139";"166";"2";"3"
"15.11.2015 17:20:00";"4";"0";"300";"4,19";"16777216";"2301834";"13,72";"1";"143";"166";"4";"6"
"15.11.2015 17:25:00";"4";"0";"303";"4,23";"16777216";"2726298";"16,25";"2";"138";"166";"2";"3"
"15.11.2015 17:30:00";"4";"0";"293";"4,09";"16777216";"1764963";"10,52";"5";"158";"166";"3";"4"
"15.11.2015 17:35:00";"4";"0";"278";"3,88";"16777216";"2155872";"12,85";"2";"143";"166";"4";"5"
"15.11.2015 17:40:00";"4";"0";"312";"4,35";"16777216";"1920991";"11,45";"4";"116";"166";"3";"4"
"15.11.2015 17:45:00";"4";"0";"274";"3,82";"16777216";"2414241";"14,39";"4";"134";"166";"3";"4"
"15.11.2015 17:50:00";"4";"0";"283";"3,94";"16777216";"2234725";"13,32";"3";"139";"166";"5";"6"
"15.11.2015 17:55:00";"4";"0";"339";"4,72";"16777216";"1966290";"11,72";"5";"158";"166";"27";"7"
"15.11.2015 18:00:00";"4";"0";"347";"4,83";"16777216";"2447796";"14,59";"102";"139";"166";"3";"4"
"15.11.2015 18:05:00";"4";"0";"462";"6,43";"16777216";"3051776";"18,19";"32";"199";"166";"4";"5"
"15.11.2015 18:10:00";"4";"0";"284";"3,96";"16777216";"2783340";"16,59";"11";"149";"166";"3";"4"
"15.11.2015 18:15:00";"4";"0";"271";"3,78";"16777216";"2280024";"13,59";"15";"133";"166";"2";"3"
"15.11.2015 18:20:00";"4";"0";"307";"4,28";"16777216";"2045143";"12,19";"20";"157";"166";"4";"5"
"15.11.2015 18:25:00";"4";"0";"269";"3,75";"16777216";"2582014";"15,39";"10";"137";"166";"2";"4"
"15.11.2015 18:30:00";"4";"0";"272";"3,79";"16777216";"2112252";"12,59";"9";"138";"166";"3";"4"
"15.11.2015 18:35:00";"4";"0";"353";"4,92";"16777216";"2246469";"13,39";"10";"162";"166";"55";"56"
"15.11.2015 18:40:00";"4";"0";"337";"4,69";"16777216";"1743153";"10,39";"7";"115";"166";"54";"57"
"15.11.2015 18:45:00";"4";"0";"282";"3,93";"16777216";"2055209";"12,25";"10";"129";"166";"13";"15"
"15.11.2015 18:50:00";"4";"0";"313";"4,36";"16777216";"2313578";"13,79";"8";"186";"166";"49";"19"
"15.11.2015 18:55:00";"4";"0";"274";"3,82";"16777216";"2145806";"12,79";"8";"104";"166";"17";"21"
"15.11.2015 19:00:00";"4";"0";"323";"4,51";"16777216";"1753219";"10,45";"12";"143";"166";"18";"21"
"15.11.2015 19:05:00";"4";"0";"301";"4,2";"16777216";"2615568";"15,59";"5";"156";"166";"12";"14"
"15.11.2015 19:10:00";"4";"0";"280";"3,9";"16777216";"1910925";"11,39";"1";"125";"166";"13";"16"
"15.11.2015 19:15:00";"4";"0";"291";"4,05";"16777216";"2112252";"12,59";"1";"138";"166";"22";"25"
"15.11.2015 19:20:00";"4";"0";"321";"4,47";"16777216";"1978034";"11,79";"0";"142";"166";"31";"35"
"15.11.2015 19:25:00";"4";"0";"267";"3,73";"16777216";"2481350";"14,79";"1";"106";"166";"12";"15"
"15.11.2015 19:30:00";"4";"0";"321";"4,47";"16777216";"1899181";"11,32";"2";"134";"166";"39";"45"
"15.11.2015 19:35:00";"4";"0";"306";"4,26";"16777216";"1731409";"10,32";"1";"154";"166";"12";"14"
"15.11.2015 19:40:00";"4";"0";"272";"3,79";"16777216";"2112252";"12,59";"0";"132";"166";"7";"8"
"15.11.2015 19:45:00";"4";"0";"346";"4,82";"16777216";"1966290";"11,72";"6";"175";"166";"30";"12"
"15.11.2015 19:50:00";"4";"0";"322";"4,48";"16777216";"2179360";"12,99";"1";"154";"166";"25";"26"
"15.11.2015 19:55:00";"4";"0";"289";"4,03";"16777216";"2088763";"12,45";"6";"112";"166";"27";"31"
"15.11.2015 20:00:00";"4";"0";"786";"10,94";"16777216";"3632267";"21,65";"3929";"636";"166";"18";"20"
"15.11.2015 20:05:00";"4";"0";"1021";"14,22";"16777216";"5971011";"35,59";"42432";"1490";"166";"133";"29955"
"15.11.2015 20:10:00";"4";"0";"723";"10,07";"16777216";"4997933";"29,79";"30714";"273";"166";"3686";"18661"
"15.11.2015 20:15:00";"4";"0";"281";"3,91";"16777216";"3487983";"20,79";"41";"142";"166";"10";"11"
"15.11.2015 20:20:00";"4";"0";"316";"4,4";"16777216";"2112252";"12,59";"160";"160";"166";"12";"13"
"15.11.2015 20:25:00";"4";"0";"258";"3,59";"16777216";"2414241";"14,39";"8";"127";"166";"2";"3"
"15.11.2015 20:30:00";"4";"0";"267";"3,73";"16777216";"1978034";"11,79";"11";"125";"166";"3";"4"
"15.11.2015 20:35:00";"4";"0";"293";"4,08";"16777216";"2112252";"12,59";"40";"149";"166";"4";"5"
"15.11.2015 20:40:00";"4";"0";"320";"4,46";"16777216";"1776707";"10,59";"31";"133";"166";"3";"4"
"15.11.2015 20:45:00";"4";"0";"359";"5";"16777216";"2414241";"14,39";"15";"181";"166";"27";"7"
"15.11.2015 20:50:00";"4";"0";"283";"3,94";"16777216";"2212915";"13,19";"8";"134";"166";"6";"7"
"15.11.2015 20:55:00";"4";"0";"254";"3,54";"16777216";"2011588";"11,99";"8";"106";"166";"2";"4"
"15.11.2015 21:00:00";"4";"0";"283";"3,94";"16777216";"1978034";"11,79";"8";"135";"166";"10";"12"
"15.11.2015 21:05:00";"4";"0";"413";"5,75";"16777216";"2759852";"16,45";"49";"452";"166";"60";"124"
"15.11.2015 21:10:00";"4";"0";"268";"3,73";"16777216";"1978034";"11,79";"1";"126";"166";"16";"18"
"15.11.2015 21:15:00";"4";"0";"259";"3,61";"16777216";"2055209";"12,25";"1";"126";"166";"6";"7"
"15.11.2015 21:20:00";"4";"0";"288";"4,02";"16777216";"1966290";"11,72";"0";"140";"166";"10";"10"
"15.11.2015 21:25:00";"4";"0";"266";"3,7";"16777216";"1944479";"11,59";"1";"112";"166";"9";"10"
"15.11.2015 21:30:00";"4";"0";"269";"3,75";"16777216";"1530082";"9,12";"2";"132";"166";"8";"7"
"15.11.2015 21:35:00";"4";"0";"292";"4,07";"16777216";"1954546";"11,65";"3";"151";"166";"9";"10"
"15.11.2015 21:40:00";"4";"0";"289";"4,03";"16777216";"2033399";"12,12";"4";"121";"166";"16";"18"
"15.11.2015 21:45:00";"4";"0";"334";"4,66";"16777216";"1686110";"10,05";"5";"179";"166";"29";"9"
"15.11.2015 21:50:00";"4";"0";"307";"4,27";"16777216";"2212915";"13,19";"2";"144";"166";"27";"27"
"15.11.2015 21:55:00";"4";"0";"282";"3,93";"16777216";"2335388";"13,92";"1";"114";"166";"27";"29"
"15.11.2015 22:00:00";"4";"0";"375";"5,22";"16777216";"1932735";"11,52";"24";"147";"166";"22";"22"
"15.11.2015 22:05:00";"4";"0";"487";"6,79";"16777216";"3028287";"18,05";"82";"219";"166";"21";"24"
"15.11.2015 22:10:00";"4";"0";"260";"3,63";"16777216";"2704487";"16,12";"4";"174";"166";"8";"9"
"15.11.2015 22:15:00";"4";"0";"262";"3,66";"16777216";"1764963";"10,52";"7";"126";"166";"6";"7"
"15.11.2015 22:20:00";"4";"0";"369";"5,14";"16777216";"1709598";"10,19";"12";"168";"166";"14";"16"
"15.11.2015 22:25:00";"4";"0";"267";"3,72";"16777216";"1988100";"11,85";"4";"148";"166";"18";"17"
"15.11.2015 22:30:00";"4";"0";"324";"4,52";"16777216";"1910925";"11,39";"5";"140";"166";"29";"34"
"15.11.2015 22:35:00";"4";"0";"364";"5,07";"16777216";"2582014";"15,39";"258";"558";"166";"12";"14"
"15.11.2015 22:40:00";"4";"0";"268";"3,74";"16777216";"2390753";"14,25";"1";"494";"166";"8";"10"
"15.11.2015 22:45:00";"4";"0";"262";"3,65";"16777216";"1676044";"9,99";"1";"125";"166";"3";"4"
"15.11.2015 22:50:00";"4";"0";"286";"3,99";"16777216";"2021655";"12,05";"1";"143";"166";"5";"6"
"15.11.2015 22:55:00";"4";"0";"309";"4,31";"16777216";"1978034";"11,79";"1";"161";"166";"28";"10"
"15.11.2015 23:00:00";"4";"0";"347";"4,84";"16777216";"1709598";"10,19";"17";"153";"166";"7";"6"
"15.11.2015 23:05:00";"4";"0";"308";"4,29";"16777216";"3128951";"18,65";"30";"162";"166";"4";"5"
"15.11.2015 23:10:00";"4";"0";"250";"3,49";"16777216";"2290090";"13,65";"15";"127";"166";"2";"4"
"15.11.2015 23:15:00";"4";"0";"274";"3,82";"16777216";"2088763";"12,45";"1";"129";"166";"2";"3"
"15.11.2015 23:20:00";"4";"0";"283";"3,95";"16777216";"1764963";"10,52";"0";"142";"166";"4";"5"
"15.11.2015 23:25:00";"4";"0";"250";"3,49";"16777216";"2134062";"12,72";"2";"124";"166";"2";"3"
"15.11.2015 23:30:00";"4";"0";"282";"3,92";"16777216";"1810262";"10,79";"1";"135";"166";"3";"4"
"15.11.2015 23:35:00";"4";"0";"280";"3,9";"16777216";"2357199";"14,05";"0";"153";"166";"4";"5"
"15.11.2015 23:40:00";"4";"0";"305";"4,25";"16777216";"2167616";"12,92";"4";"124";"166";"3";"4"
"15.11.2015 23:45:00";"4";"0";"281";"3,91";"16777216";"2055209";"12,25";"11";"137";"166";"3";"4"
"15.11.2015 23:50:00";"4";"0";"275";"3,83";"16777216";"2155872";"12,85";"9";"143";"166";"5";"6"
"15.11.2015 23:55:00";"4";"0";"247";"3,44";"16777216";"2167616";"12,92";"8";"112";"166";"2";"3"
"16.11.2015 00:00:00";"4";"0";"408";"5,69";"16777216";"2592080";"15,45";"15";"191";"166";"28";"8"
"16.11.2015 00:05:00";"4";"0";"463";"6,46";"16777216";"3296723";"19,65";"47";"461";"166";"56";"7"
"16.11.2015 00:10:00";"4";"0";"866";"12,06";"16777216";"3061842";"18,25";"5472";"1465";"166";"99";"1991"
"16.11.2015 00:15:00";"4";"0";"858";"11,95";"16777216";"5242880";"31,25";"3803";"338";"166";"61";"561"
"16.11.2015 00:20:00";"4";"0";"356";"4,96";"16777216";"4226181";"25,19";"35";"103";"166";"69";"8"
"16.11.2015 00:25:00";"4";"0";"1238";"17,24";"16777216";"3576902";"21,32";"834";"4788";"166";"36";"5"
"16.11.2015 00:30:00";"4";"0";"697";"9,7";"16777216";"5568358";"33,19";"99";"8582";"166";"120";"8"
"16.11.2015 00:35:00";"4";"0";"1466";"20,41";"16777216";"4024854";"23,99";"572";"2564";"166";"8";"5"
"16.11.2015 00:40:00";"4";"0";"261";"3,63";"16777216";"3253102";"19,39";"0";"634";"166";"3";"4"
"16.11.2015 00:45:00";"4";"0";"263";"3,66";"16777216";"2447796";"14,59";"0";"93";"166";"2";"3"
"16.11.2015 00:50:00";"4";"0";"274";"3,81";"16777216";"1877370";"11,19";"184";"92";"166";"4";"6"
"16.11.2015 00:55:00";"4";"0";"245";"3,42";"16777216";"1932735";"11,52";"0";"79";"166";"2";"3"
"16.11.2015 01:00:00";"4";"0";"269";"3,75";"16777216";"1944479";"11,59";"2";"87";"166";"3";"4"
"16.11.2015 01:05:00";"4";"0";"1276";"17,77";"16777216";"4919080";"29,32";"7128";"2123";"166";"18";"2276"
"16.11.2015 01:10:00";"4";"0";"338";"4,71";"16777216";"4595279";"27,39";"473";"217";"166";"41";"161"
"16.11.2015 01:15:00";"4";"0";"263";"3,67";"16777216";"2414241";"14,39";"34";"84";"166";"2";"3"
"16.11.2015 01:20:00";"4";"0";"284";"3,96";"16777216";"2414241";"14,39";"1099";"95";"166";"4";"5"
"16.11.2015 01:25:00";"4";"0";"270";"3,77";"16777216";"2414241";"14,39";"8";"82";"166";"2";"3"
"16.11.2015 01:30:00";"4";"0";"266";"3,71";"16777216";"1608935";"9,59";"8";"89";"166";"3";"4"
"16.11.2015 01:35:00";"4";"0";"289";"4,03";"16777216";"1920991";"11,45";"23";"93";"166";"4";"5"
"16.11.2015 01:40:00";"4";"0";"257";"3,58";"16777216";"2112252";"12,59";"8";"98";"166";"3";"4"
"16.11.2015 01:45:00";"4";"0";"277";"3,86";"16777216";"1910925";"11,39";"19";"95";"166";"3";"4"
"16.11.2015 01:50:00";"4";"0";"279";"3,88";"16777216";"1776707";"10,59";"7";"98";"166";"5";"6"
"16.11.2015 01:55:00";"4";"0";"330";"4,6";"16777216";"2045143";"12,19";"10";"126";"166";"25";"7"
"16.11.2015 02:00:00";"4";"0";"339";"4,72";"16777216";"2402497";"14,32";"347";"127";"166";"5";"4"
"16.11.2015 02:05:00";"4";"0";"318";"4,43";"16777216";"3353765";"19,99";"56";"125";"166";"4";"5"
"16.11.2015 02:10:00";"4";"0";"235";"3,27";"16777216";"2380687";"14,19";"9";"102";"166";"2";"4"
"16.11.2015 02:15:00";"4";"0";"269";"3,75";"16777216";"1709598";"10,19";"12";"95";"166";"2";"4"
"16.11.2015 02:20:00";"4";"0";"267";"3,71";"16777216";"2145806";"12,79";"7";"100";"166";"4";"5"
"16.11.2015 02:25:00";"4";"0";"238";"3,31";"16777216";"2368943";"14,12";"8";"78";"166";"2";"3"
"16.11.2015 02:30:00";"4";"0";"247";"3,44";"16777216";"2066953";"12,32";"9";"85";"166";"3";"4"
"16.11.2015 02:35:00";"4";"0";"287";"4";"16777216";"2066953";"12,32";"12";"99";"166";"5";"6"
"16.11.2015 02:40:00";"4";"0";"294";"4,09";"16777216";"2201171";"13,12";"39";"95";"166";"3";"5"
"16.11.2015 02:45:00";"4";"0";"254";"3,54";"16777216";"2011588";"11,99";"9";"89";"166";"2";"4"
"16.11.2015 02:50:00";"4";"0";"264";"3,68";"16777216";"1832072";"10,92";"9";"93";"166";"5";"6"
"16.11.2015 02:55:00";"4";"0";"234";"3,27";"16777216";"2268280";"13,52";"8";"79";"166";"2";"3"
"16.11.2015 03:00:00";"4";"0";"258";"3,59";"16777216";"2112252";"12,59";"10";"87";"166";"3";"4"
"16.11.2015 03:05:00";"4";"0";"534";"7,44";"16777216";"3051776";"18,19";"50";"347";"166";"4";"5"
"16.11.2015 03:10:00";"4";"0";"249";"3,47";"16777216";"2155872";"12,85";"8";"260";"166";"2";"4"
"16.11.2015 03:15:00";"4";"0";"250";"3,48";"16777216";"1899181";"11,32";"9";"91";"166";"2";"4"
"16.11.2015 03:20:00";"4";"0";"327";"4,56";"16777216";"2481350";"14,79";"18";"116";"166";"5";"5"
"16.11.2015 03:25:00";"4";"0";"233";"3,24";"16777216";"2335388";"13,92";"7";"101";"166";"2";"3"
"16.11.2015 03:30:00";"4";"0";"254";"3,54";"16777216";"2313578";"13,79";"8";"92";"166";"3";"4"
"16.11.2015 03:35:00";"4";"0";"270";"3,76";"16777216";"1843816";"10,99";"9";"104";"166";"5";"6"
"16.11.2015 03:40:00";"4";"0";"254";"3,54";"16777216";"1709598";"10,19";"9";"92";"166";"3";"4"
"16.11.2015 03:45:00";"4";"0";"249";"3,48";"16777216";"1719665";"10,25";"0";"94";"166";"3";"4"
"16.11.2015 03:50:00";"4";"0";"293";"4,08";"16777216";"2357199";"14,05";"360";"147";"166";"4";"5"
"16.11.2015 03:55:00";"4";"0";"310";"4,32";"16777216";"2112252";"12,59";"1";"130";"166";"25";"7"
"16.11.2015 04:00:00";"4";"0";"352";"4,91";"16777216";"1877370";"11,19";"12";"122";"166";"5";"4"
"16.11.2015 04:05:00";"4";"0";"334";"4,66";"16777216";"2783340";"16,59";"199";"180";"166";"4";"5"
"16.11.2015 04:10:00";"4";"0";"252";"3,52";"16777216";"2481350";"14,79";"21";"165";"166";"2";"4"
"16.11.2015 04:15:00";"4";"0";"281";"3,91";"16777216";"2122318";"12,65";"26";"104";"166";"3";"4"
"16.11.2015 04:20:00";"4";"0";"282";"3,94";"16777216";"2347132";"13,99";"18";"119";"166";"4";"5"
"16.11.2015 04:25:00";"4";"0";"290";"4,04";"16777216";"1944479";"11,59";"16";"117";"166";"2";"3"
"16.11.2015 04:30:00";"4";"0";"259";"3,61";"16777216";"1920991";"11,45";"1";"119";"166";"3";"4"
"16.11.2015 04:35:00";"4";"0";"324";"4,51";"16777216";"1920991";"11,45";"2";"168";"166";"29";"12"
"16.11.2015 04:40:00";"4";"0";"295";"4,11";"16777216";"1597191";"9,52";"0";"120";"166";"22";"22"
"16.11.2015 04:45:00";"4";"0";"396";"5,52";"16777216";"1954546";"11,65";"15";"192";"166";"59";"19"
"16.11.2015 04:50:00";"4";"0";"325";"4,53";"16777216";"2100508";"12,52";"4";"118";"166";"8";"7"
"16.11.2015 04:55:00";"4";"0";"248";"3,46";"16777216";"2201171";"13,12";"2";"94";"166";"2";"3"
"16.11.2015 05:00:00";"4";"0";"262";"3,66";"16777216";"2066953";"12,32";"2";"106";"166";"3";"4"
"16.11.2015 05:05:00";"4";"0";"470";"6,55";"16777216";"3051776";"18,19";"15";"1303";"166";"44";"423"
"16.11.2015 05:10:00";"4";"0";"244";"3,4";"16777216";"2390753";"14,25";"0";"113";"166";"3";"4"
"16.11.2015 05:15:00";"4";"0";"247";"3,44";"16777216";"2380687";"14,19";"0";"107";"166";"2";"3"
"16.11.2015 05:20:00";"4";"0";"275";"3,84";"16777216";"1944479";"11,59";"0";"102";"166";"4";"5"
"16.11.2015 05:25:00";"4";"0";"246";"3,43";"16777216";"1810262";"10,79";"0";"96";"166";"2";"3"
"16.11.2015 05:30:00";"4";"0";"262";"3,65";"16777216";"2112252";"12,59";"0";"100";"166";"3";"4"
"16.11.2015 05:35:00";"4";"0";"285";"3,97";"16777216";"2078697";"12,39";"1";"127";"166";"5";"6"
"16.11.2015 05:40:00";"4";"0";"330";"4,61";"16777216";"2078697";"12,39";"2";"116";"166";"3";"5"
"16.11.2015 05:45:00";"4";"0";"314";"4,37";"16777216";"1966290";"11,72";"0";"159";"166";"27";"7"
"16.11.2015 05:50:00";"4";"0";"275";"3,83";"16777216";"1810262";"10,79";"0";"100";"166";"4";"5"
"16.11.2015 05:55:00";"4";"0";"239";"3,33";"16777216";"1786773";"10,65";"2";"90";"166";"2";"3"
"16.11.2015 06:00:00";"4";"0";"462";"6,44";"16777216";"2368943";"14,12";"877";"596";"166";"3";"4"
"16.11.2015 06:05:00";"4";"0";"728";"10,14";"16777216";"4751308";"28,32";"81966";"1038";"166";"25";"5228"
"16.11.2015 06:10:00";"4";"0";"331";"4,61";"16777216";"5333477";"31,79";"9617";"142";"166";"40";"87"
"16.11.2015 06:15:00";"4";"0";"247";"3,45";"16777216";"3543348";"21,12";"55";"100";"166";"2";"4"
"16.11.2015 06:20:00";"4";"0";"286";"3,98";"16777216";"2313578";"13,79";"1128";"98";"166";"5";"5"
"16.11.2015 06:25:00";"4";"0";"242";"3,38";"16777216";"2313578";"13,79";"8";"88";"166";"2";"3"
"16.11.2015 06:30:00";"4";"0";"250";"3,48";"16777216";"1810262";"10,79";"9";"94";"166";"3";"4"
"16.11.2015 06:35:00";"4";"0";"301";"4,19";"16777216";"1843816";"10,99";"52";"112";"166";"6";"7"
"16.11.2015 06:40:00";"4";"0";"257";"3,58";"16777216";"1877370";"11,19";"9";"94";"166";"3";"4"
"16.11.2015 06:45:00";"4";"0";"330";"4,59";"16777216";"2514905";"14,99";"17";"153";"166";"25";"7"
"16.11.2015 06:50:00";"4";"0";"277";"3,86";"16777216";"2011588";"11,99";"8";"110";"166";"7";"6"
"16.11.2015 06:55:00";"4";"0";"238";"3,31";"16777216";"2246469";"13,39";"9";"85";"166";"2";"3"
"16.11.2015 07:00:00";"4";"0";"256";"3,57";"16777216";"2045143";"12,19";"8";"95";"166";"3";"4"
"16.11.2015 07:05:00";"4";"0";"283";"3,94";"16777216";"3185993";"18,99";"45";"111";"166";"4";"5"
"16.11.2015 07:10:00";"4";"0";"239";"3,33";"16777216";"2347132";"13,99";"7";"97";"166";"3";"4"
"16.11.2015 07:15:00";"4";"0";"272";"3,79";"16777216";"1843816";"10,99";"514";"101";"166";"2";"3"
"16.11.2015 07:20:00";"4";"0";"273";"3,81";"16777216";"2280024";"13,59";"9";"116";"166";"4";"5"
"16.11.2015 07:25:00";"4";"0";"236";"3,29";"16777216";"1944479";"11,59";"7";"88";"166";"2";"3"
"16.11.2015 07:30:00";"4";"0";"256";"3,57";"16777216";"1966290";"11,72";"9";"102";"166";"3";"4"
"16.11.2015 07:35:00";"4";"0";"286";"3,99";"16777216";"1966290";"11,72";"16";"121";"166";"5";"6"
"16.11.2015 07:40:00";"4";"0";"250";"3,49";"16777216";"1954546";"11,65";"7";"110";"166";"3";"4"
"16.11.2015 07:45:00";"4";"0";"326";"4,55";"16777216";"1843816";"10,99";"11";"152";"166";"27";"8"
"16.11.2015 07:50:00";"4";"0";"266";"3,72";"16777216";"2066953";"12,32";"7";"102";"166";"4";"5"
"16.11.2015 07:55:00";"4";"0";"241";"3,35";"16777216";"1978034";"11,79";"8";"85";"166";"2";"3"
"16.11.2015 08:00:00";"4";"0";"324";"4,51";"16777216";"2112252";"12,59";"59";"123";"166";"3";"4"
"16.11.2015 08:05:00";"4";"0";"313";"4,35";"16777216";"2917558";"17,39";"11";"137";"166";"4";"5"
"16.11.2015 08:10:00";"4";"0";"246";"3,43";"16777216";"2055209";"12,25";"9";"110";"166";"3";"4"
"16.11.2015 08:15:00";"4";"0";"269";"3,75";"16777216";"1820328";"10,85";"13";"112";"166";"2";"4"
"16.11.2015 08:20:00";"4";"0";"284";"3,96";"16777216";"1920991";"11,45";"9";"120";"166";"4";"5"
"16.11.2015 08:25:00";"4";"0";"260";"3,63";"16777216";"2290090";"13,65";"11";"103";"166";"2";"3"
"16.11.2015 08:30:00";"4";"0";"247";"3,45";"16777216";"1686110";"10,05";"8";"107";"166";"3";"4"
"16.11.2015 08:35:00";"4";"0";"277";"3,86";"16777216";"1820328";"10,85";"4";"118";"166";"5";"6"
"16.11.2015 08:40:00";"4";"0";"300";"4,18";"16777216";"1877370";"11,19";"23";"103";"166";"3";"5"
"16.11.2015 08:45:00";"4";"0";"331";"4,61";"16777216";"1932735";"11,52";"1";"154";"166";"27";"7"
"16.11.2015 08:50:00";"4";"0";"263";"3,66";"16777216";"1899181";"11,32";"0";"113";"166";"4";"5"
"16.11.2015 08:55:00";"4";"0";"239";"3,34";"16777216";"1709598";"10,19";"0";"88";"166";"2";"3"
"16.11.2015 09:00:00";"4";"0";"268";"3,74";"16777216";"1551892";"9,25";"0";"109";"166";"3";"4"
"16.11.2015 09:05:00";"4";"0";"418";"5,82";"16777216";"2805150";"16,72";"12";"813";"166";"43";"245"
"16.11.2015 09:10:00";"4";"0";"232";"3,24";"16777216";"2268280";"13,52";"8";"103";"166";"3";"4"
"16.11.2015 09:15:00";"4";"0";"260";"3,62";"16777216";"2201171";"13,12";"9";"105";"166";"2";"3"
"16.11.2015 09:20:00";"4";"0";"278";"3,87";"16777216";"2167616";"12,92";"8";"127";"166";"5";"5"
"16.11.2015 09:25:00";"4";"0";"256";"3,57";"16777216";"1988100";"11,85";"6";"101";"166";"2";"3"
"16.11.2015 09:30:00";"4";"0";"263";"3,67";"16777216";"2100508";"12,52";"5";"111";"166";"3";"4"
"16.11.2015 09:35:00";"4";"0";"290";"4,04";"16777216";"1877370";"11,19";"7";"133";"166";"5";"6"
"16.11.2015 09:40:00";"4";"0";"259";"3,61";"16777216";"1920991";"11,45";"6";"109";"166";"3";"4"
"16.11.2015 09:45:00";"4";"0";"264";"3,68";"16777216";"2234725";"13,32";"7";"115";"166";"3";"3"
"16.11.2015 09:50:00";"4";"0";"286";"3,98";"16777216";"1832072";"10,92";"8";"134";"166";"4";"5"
"16.11.2015 09:55:00";"4";"0";"305";"4,25";"16777216";"1920991";"11,45";"6";"146";"166";"27";"7"
"16.11.2015 10:00:00";"4";"0";"396";"5,52";"16777216";"2984667";"17,79";"33";"143";"166";"3";"4"
"16.11.2015 10:05:00";"4";"0";"299";"4,16";"16777216";"3387320";"20,19";"6";"151";"166";"4";"5"
"16.11.2015 10:10:00";"4";"0";"237";"3,3";"16777216";"2045143";"12,19";"0";"101";"166";"2";"4"
"16.11.2015 10:15:00";"4";"0";"268";"3,73";"16777216";"1832072";"10,92";"16";"115";"166";"2";"3"
"16.11.2015 10:20:00";"4";"0";"526";"7,33";"16777216";"2335388";"13,92";"23";"121";"166";"5";"5"
"16.11.2015 10:25:00";"4";"0";"231";"3,22";"16777216";"1877370";"11,19";"3";"93";"166";"2";"3"
"16.11.2015 10:30:00";"4";"0";"263";"3,66";"16777216";"1786773";"10,65";"5";"107";"166";"3";"4"
"16.11.2015 10:35:00";"4";"0";"256";"3,56";"16777216";"2368943";"14,12";"3";"114";"166";"4";"5"
"16.11.2015 10:40:00";"4";"0";"246";"3,43";"16777216";"1642489";"9,79";"3";"87";"166";"2";"4"
"16.11.2015 10:45:00";"4";"0";"251";"3,5";"16777216";"2078697";"12,39";"3";"103";"166";"2";"3"
"16.11.2015 10:50:00";"4";"0";"265";"3,69";"16777216";"2021655";"12,05";"3";"109";"166";"4";"5"
"16.11.2015 10:55:00";"4";"0";"239";"3,33";"16777216";"2357199";"14,05";"4";"89";"166";"2";"3"
"16.11.2015 11:00:00";"4";"0";"284";"3,95";"16777216";"2078697";"12,39";"7";"125";"166";"3";"4"
"16.11.2015 11:05:00";"4";"0";"298";"4,15";"16777216";"2816895";"16,79";"8";"146";"166";"4";"5"
"16.11.2015 11:10:00";"4";"0";"276";"3,85";"16777216";"2011588";"11,99";"7";"134";"166";"2";"4"
"16.11.2015 11:15:00";"4";"0";"279";"3,89";"16777216";"1877370";"11,19";"15";"146";"166";"2";"4"
"16.11.2015 11:20:00";"4";"0";"305";"4,25";"16777216";"1978034";"11,79";"12";"142";"166";"4";"5"
"16.11.2015 11:25:00";"4";"0";"237";"3,3";"16777216";"2548459";"15,19";"7";"98";"166";"2";"3"
"16.11.2015 11:30:00";"4";"0";"251";"3,49";"16777216";"1843816";"10,99";"7";"106";"166";"3";"4"
"16.11.2015 11:35:00";"4";"0";"272";"3,79";"16777216";"1910925";"11,39";"10";"123";"166";"4";"5"
"16.11.2015 11:40:00";"4";"0";"317";"4,42";"16777216";"1608935";"9,59";"9";"118";"166";"3";"4"
"16.11.2015 11:45:00";"4";"0";"260";"3,63";"16777216";"1810262";"10,79";"8";"125";"166";"3";"4"
"16.11.2015 11:50:00";"4";"0";"344";"4,8";"16777216";"2212915";"13,19";"10";"163";"166";"30";"9"
"16.11.2015 11:55:00";"4";"0";"363";"5,06";"16777216";"2335388";"13,92";"29";"179";"166";"2";"3"
"16.11.2015 12:00:00";"4";"0";"377";"5,26";"16777216";"2783340";"16,59";"13";"168";"166";"3";"4"
"16.11.2015 12:05:00";"4";"0";"1390";"19,35";"16777216";"3420874";"20,39";"60";"1061";"166";"4";"5"
"16.11.2015 12:10:00";"4";"0";"271";"3,78";"16777216";"3018221";"17,99";"12";"1175";"166";"2";"4"
"16.11.2015 12:15:00";"4";"0";"273";"3,81";"16777216";"2280024";"13,59";"12";"127";"166";"2";"4"
"16.11.2015 12:20:00";"4";"0";"308";"4,29";"16777216";"2246469";"13,39";"35";"150";"166";"4";"6"
"16.11.2015 12:25:00";"4";"0";"265";"3,69";"16777216";"2011588";"11,99";"13";"133";"166";"2";"3"
"16.11.2015 12:30:00";"4";"0";"264";"3,69";"16777216";"1575381";"9,39";"9";"120";"166";"3";"4"
"16.11.2015 12:35:00";"4";"0";"294";"4,1";"16777216";"2246469";"13,39";"16";"140";"166";"5";"6"
"16.11.2015 12:40:00";"4";"0";"275";"3,83";"16777216";"2112252";"12,59";"11";"125";"166";"3";"4"
"16.11.2015 12:45:00";"4";"0";"308";"4,3";"16777216";"1551892";"9,25";"10";"160";"166";"25";"7"
"16.11.2015 12:50:00";"4";"0";"295";"4,12";"16777216";"1978034";"11,79";"10";"124";"166";"7";"6"
"16.11.2015 12:55:00";"4";"0";"236";"3,28";"16777216";"1853882";"11,05";"7";"96";"166";"2";"3"
"16.11.2015 13:00:00";"4";"0";"259";"3,61";"16777216";"1496528";"8,92";"8";"105";"166";"3";"4"
"16.11.2015 13:05:00";"4";"0";"576";"8,02";"16777216";"3409130";"20,32";"19";"2113";"166";"45";"588"
"16.11.2015 13:10:00";"4";"0";"248";"3,46";"16777216";"3509794";"20,92";"7";"117";"166";"2";"4"
"16.11.2015 13:15:00";"4";"0";"263";"3,67";"16777216";"2134062";"12,72";"9";"112";"166";"2";"4"
"16.11.2015 13:20:00";"4";"0";"287";"4";"16777216";"1966290";"11,72";"10";"124";"166";"4";"5"
"16.11.2015 13:25:00";"4";"0";"256";"3,57";"16777216";"2021655";"12,05";"8";"98";"166";"2";"3"
"16.11.2015 13:30:00";"4";"0";"316";"4,4";"16777216";"1978034";"11,79";"17";"140";"166";"3";"4"
"16.11.2015 13:35:00";"4";"0";"285";"3,98";"16777216";"2212915";"13,19";"9";"149";"166";"5";"6"
"16.11.2015 13:40:00";"4";"0";"272";"3,79";"16777216";"1944479";"11,59";"9";"119";"166";"3";"4"
"16.11.2015 13:45:00";"4";"0";"323";"4,5";"16777216";"1877370";"11,19";"10";"162";"166";"27";"7"
"16.11.2015 13:50:00";"4";"0";"272";"3,79";"16777216";"1676044";"9,99";"8";"112";"166";"4";"5"
"16.11.2015 13:55:00";"4";"0";"248";"3,45";"16777216";"1709598";"10,19";"9";"98";"166";"2";"3"
"16.11.2015 14:00:00";"4";"0";"440";"6,13";"16777216";"2246469";"13,39";"25";"181";"166";"3";"4"
"16.11.2015 14:05:00";"4";"0";"285";"3,97";"16777216";"3330277";"19,85";"9";"165";"166";"4";"5"
"16.11.2015 14:10:00";"4";"0";"260";"3,62";"16777216";"2380687";"14,19";"11";"124";"166";"3";"4"
"16.11.2015 14:15:00";"4";"0";"256";"3,56";"16777216";"2212915";"13,19";"10";"126";"166";"2";"4"
"16.11.2015 14:20:00";"4";"0";"302";"4,21";"16777216";"2011588";"11,99";"12";"134";"166";"4";"5"
"16.11.2015 14:25:00";"4";"0";"255";"3,56";"16777216";"1877370";"11,19";"10";"119";"166";"2";"3"
"16.11.2015 14:30:00";"4";"0";"309";"4,3";"16777216";"2112252";"12,59";"18";"151";"166";"3";"4"
"16.11.2015 14:35:00";"4";"0";"279";"3,89";"16777216";"2615568";"15,59";"9";"168";"166";"4";"6"
"16.11.2015 14:40:00";"4";"0";"301";"4,19";"16777216";"2112252";"12,59";"8";"116";"166";"3";"4"
"16.11.2015 14:45:00";"4";"0";"339";"4,73";"16777216";"2112252";"12,59";"13";"186";"166";"27";"7"
"16.11.2015 14:50:00";"4";"0";"266";"3,71";"16777216";"2280024";"13,59";"8";"137";"166";"4";"5"
"16.11.2015 14:55:00";"4";"0";"234";"3,26";"16777216";"1843816";"10,99";"7";"94";"166";"2";"3"
"16.11.2015 15:00:00";"4";"0";"257";"3,59";"16777216";"1810262";"10,79";"8";"121";"166";"3";"4"
"16.11.2015 15:05:00";"4";"0";"289";"4,03";"16777216";"2682677";"15,99";"13";"147";"166";"4";"5"
"16.11.2015 15:10:00";"4";"0";"240";"3,35";"16777216";"2045143";"12,19";"8";"120";"166";"3";"4"
"16.11.2015 15:15:00";"4";"0";"263";"3,67";"16777216";"1709598";"10,19";"10";"132";"166";"2";"4"
"16.11.2015 15:20:00";"4";"0";"270";"3,76";"16777216";"1832072";"10,92";"8";"142";"166";"4";"5"
"16.11.2015 15:25:00";"4";"0";"379";"5,28";"16777216";"1563636";"9,32";"313";"136";"166";"2";"3"
"16.11.2015 15:30:00";"4";"0";"289";"4,02";"16777216";"1832072";"10,92";"13";"152";"166";"3";"4"
"16.11.2015 15:35:00";"4";"0";"279";"3,88";"16777216";"2457862";"14,65";"9";"159";"166";"5";"5"
"16.11.2015 15:40:00";"4";"0";"280";"3,9";"16777216";"2280024";"13,59";"10";"134";"166";"3";"4"
"16.11.2015 15:45:00";"4";"0";"338";"4,72";"16777216";"2066953";"12,32";"13";"193";"166";"28";"8"
"16.11.2015 15:50:00";"4";"0";"291";"4,06";"16777216";"1988100";"11,85";"11";"155";"166";"5";"5"
"16.11.2015 15:55:00";"4";"0";"238";"3,32";"16777216";"2122318";"12,65";"7";"123";"166";"2";"3"
"16.11.2015 16:00:00";"4";"0";"432";"6,02";"16777216";"2402497";"14,32";"239";"229";"166";"3";"4"
"16.11.2015 16:05:00";"4";"0";"287";"4,01";"16777216";"2514905";"14,99";"11";"227";"166";"4";"5"
"16.11.2015 16:10:00";"4";"0";"249";"3,48";"16777216";"2145806";"12,79";"10";"124";"166";"3";"4"
"16.11.2015 16:15:00";"4";"0";"267";"3,73";"16777216";"1832072";"10,92";"11";"140";"166";"2";"4"
"16.11.2015 16:20:00";"4";"0";"291";"4,06";"16777216";"2424308";"14,45";"28";"161";"166";"4";"6"
"16.11.2015 16:25:00";"4";"0";"247";"3,45";"16777216";"1642489";"9,79";"10";"114";"166";"2";"4"
"16.11.2015 16:30:00";"4";"0";"252";"3,52";"16777216";"1832072";"10,92";"8";"124";"166";"3";"4"
"16.11.2015 16:35:00";"4";"0";"308";"4,3";"16777216";"1920991";"11,45";"15";"161";"166";"5";"6"
"16.11.2015 16:40:00";"4";"0";"254";"3,53";"16777216";"1843816";"10,99";"8";"122";"166";"3";"4"
"16.11.2015 16:45:00";"4";"0";"331";"4,62";"16777216";"2234725";"13,32";"11";"182";"166";"27";"7"
"16.11.2015 16:50:00";"4";"0";"258";"3,59";"16777216";"2368943";"14,12";"7";"136";"166";"4";"5"
"16.11.2015 16:55:00";"4";"0";"235";"3,27";"16777216";"2290090";"13,65";"7";"100";"166";"2";"3"
"16.11.2015 17:00:00";"4";"0";"263";"3,66";"16777216";"1877370";"11,19";"10";"130";"166";"3";"4"
"16.11.2015 17:05:00";"4";"0";"473";"6,59";"16777216";"3219548";"19,19";"15";"1282";"166";"44";"397"
"16.11.2015 17:10:00";"4";"0";"265";"3,7";"16777216";"2716231";"16,19";"1";"130";"166";"3";"4"
"16.11.2015 17:15:00";"4";"0";"259";"3,62";"16777216";"2212915";"13,19";"0";"141";"166";"2";"3"
"16.11.2015 17:20:00";"4";"0";"283";"3,95";"16777216";"2088763";"12,45";"1";"142";"166";"4";"5"
"16.11.2015 17:25:00";"4";"0";"302";"4,21";"16777216";"2055209";"12,25";"2";"147";"166";"2";"3"
"16.11.2015 17:30:00";"4";"0";"278";"3,87";"16777216";"2088763";"12,45";"1";"159";"166";"3";"4"
"16.11.2015 17:35:00";"4";"0";"277";"3,87";"16777216";"2313578";"13,79";"1";"146";"166";"4";"5"
"16.11.2015 17:40:00";"4";"0";"304";"4,23";"16777216";"2234725";"13,32";"1";"116";"166";"3";"4"
"16.11.2015 17:45:00";"4";"0";"274";"3,82";"16777216";"2481350";"14,79";"1";"144";"166";"3";"4"
"16.11.2015 17:50:00";"4";"0";"270";"3,77";"16777216";"1853882";"11,05";"0";"140";"166";"5";"6"
"16.11.2015 17:55:00";"4";"0";"242";"3,38";"16777216";"1887437";"11,25";"0";"101";"166";"2";"3"
"16.11.2015 18:00:00";"4";"0";"413";"5,76";"16777216";"1731409";"10,32";"1";"189";"166";"28";"8"
"16.11.2015 18:05:00";"4";"0";"288";"4,01";"16777216";"3207804";"19,12";"2";"169";"166";"4";"5"
"16.11.2015 18:10:00";"4";"0";"271";"3,78";"16777216";"2380687";"14,19";"1";"117";"166";"3";"4"
"16.11.2015 18:15:00";"4";"0";"282";"3,93";"16777216";"1865626";"11,12";"6";"141";"166";"2";"3"
"16.11.2015 18:20:00";"4";"0";"280";"3,9";"16777216";"2313578";"13,79";"2";"154";"166";"4";"5"
"16.11.2015 18:25:00";"4";"0";"259";"3,62";"16777216";"2280024";"13,59";"1";"127";"166";"2";"3"
"16.11.2015 18:30:00";"4";"0";"265";"3,7";"16777216";"1887437";"11,25";"0";"137";"166";"3";"4"
"16.11.2015 18:35:00";"4";"0";"342";"4,77";"16777216";"1920991";"11,45";"0";"156";"166";"56";"57"
"16.11.2015 18:40:00";"4";"0";"330";"4,6";"16777216";"2268280";"13,52";"0";"116";"166";"58";"60"
"16.11.2015 18:45:00";"4";"0";"276";"3,85";"16777216";"1832072";"10,92";"1";"134";"166";"13";"15"
"16.11.2015 18:50:00";"4";"0";"297";"4,14";"16777216";"2021655";"12,05";"0";"189";"166";"46";"16"
"16.11.2015 18:55:00";"4";"0";"266";"3,71";"16777216";"1910925";"11,39";"0";"105";"166";"21";"25"
"16.11.2015 19:00:00";"4";"0";"312";"4,34";"16777216";"1764963";"10,52";"1";"141";"166";"16";"18"
"16.11.2015 19:05:00";"4";"0";"292";"4,07";"16777216";"2726298";"16,25";"1";"155";"166";"12";"14"
"16.11.2015 19:10:00";"4";"0";"284";"3,95";"16777216";"1944479";"11,59";"0";"128";"166";"25";"29"
"16.11.2015 19:15:00";"4";"0";"278";"3,87";"16777216";"1944479";"11,59";"0";"141";"166";"20";"23"
"16.11.2015 19:20:00";"4";"0";"297";"4,14";"16777216";"2078697";"12,39";"0";"137";"166";"23";"27"
"16.11.2015 19:25:00";"4";"0";"280";"3,91";"16777216";"2145806";"12,79";"0";"105";"166";"29";"33"
"16.11.2015 19:30:00";"4";"0";"292";"4,07";"16777216";"2112252";"12,59";"0";"131";"166";"26";"30"
"16.11.2015 19:35:00";"4";"0";"294";"4,1";"16777216";"2011588";"11,99";"1";"155";"166";"9";"11"
"16.11.2015 19:40:00";"4";"0";"265";"3,69";"16777216";"1978034";"11,79";"0";"135";"166";"7";"8"
"16.11.2015 19:45:00";"4";"0";"289";"4,03";"16777216";"2145806";"12,79";"2";"147";"166";"19";"18"
"16.11.2015 19:50:00";"4";"0";"365";"5,09";"16777216";"1944479";"11,59";"1";"184";"166";"48";"33"
"16.11.2015 19:55:00";"4";"0";"270";"3,76";"16777216";"2246469";"13,39";"0";"114";"166";"25";"29"
"16.11.2015 20:00:00";"4";"0";"716";"9,98";"16777216";"2816895";"16,79";"3422";"430";"166";"4";"5"
"16.11.2015 20:05:00";"4";"0";"947";"13,19";"16777216";"5880414";"35,05";"90072";"1272";"166";"88";"6509"
"16.11.2015 20:10:00";"4";"0";"320";"4,46";"16777216";"5971011";"35,59";"192";"159";"166";"11";"12"
"16.11.2015 20:15:00";"4";"0";"268";"3,74";"16777216";"3487983";"20,79";"7";"144";"166";"7";"9"
"16.11.2015 20:20:00";"4";"0";"309";"4,3";"16777216";"2212915";"13,19";"1135";"150";"166";"11";"12"
"16.11.2015 20:25:00";"4";"0";"254";"3,55";"16777216";"2447796";"14,59";"10";"129";"166";"2";"3"
"16.11.2015 20:30:00";"4";"0";"259";"3,61";"16777216";"1810262";"10,79";"2";"126";"166";"3";"4"
"16.11.2015 20:35:00";"4";"0";"280";"3,9";"16777216";"2212915";"13,19";"5";"147";"166";"5";"6"
"16.11.2015 20:40:00";"4";"0";"308";"4,29";"16777216";"2134062";"12,72";"15";"124";"166";"3";"4"
"16.11.2015 20:45:00";"4";"0";"327";"4,55";"16777216";"2189427";"13,05";"5";"179";"166";"27";"8"
"16.11.2015 20:50:00";"4";"0";"274";"3,82";"16777216";"2323644";"13,85";"5";"136";"166";"5";"6"
"16.11.2015 20:55:00";"4";"0";"241";"3,36";"16777216";"2524971";"15,05";"3";"105";"166";"2";"3"
"16.11.2015 21:00:00";"4";"0";"268";"3,73";"16777216";"2088763";"12,45";"4";"126";"166";"8";"10"
"16.11.2015 21:05:00";"4";"0";"406";"5,67";"16777216";"2951112";"17,59";"28";"462";"166";"62";"127"
"16.11.2015 21:10:00";"4";"0";"259";"3,6";"16777216";"2145806";"12,79";"6";"128";"166";"16";"17"
"16.11.2015 21:15:00";"4";"0";"256";"3,57";"16777216";"1988100";"11,85";"1";"127";"166";"6";"8"
"16.11.2015 21:20:00";"4";"0";"281";"3,91";"16777216";"2134062";"12,72";"1";"141";"166";"10";"11"
"16.11.2015 21:25:00";"4";"0";"262";"3,65";"16777216";"1786773";"10,65";"1";"111";"166";"7";"8"
"16.11.2015 21:30:00";"4";"0";"261";"3,64";"16777216";"1686110";"10,05";"2";"130";"166";"10";"9"
"16.11.2015 21:35:00";"4";"0";"300";"4,17";"16777216";"1743153";"10,39";"3";"155";"166";"18";"20"
"16.11.2015 21:40:00";"4";"0";"259";"3,61";"16777216";"1776707";"10,59";"2";"114";"166";"6";"8"
"16.11.2015 21:45:00";"4";"0";"327";"4,56";"16777216";"1743153";"10,39";"1";"177";"166";"28";"9"
"16.11.2015 21:50:00";"4";"0";"293";"4,09";"16777216";"1887437";"11,25";"1";"141";"166";"26";"27"
"16.11.2015 21:55:00";"4";"0";"275";"3,83";"16777216";"2201171";"13,12";"1";"112";"166";"27";"28"
"16.11.2015 22:00:00";"4";"0";"356";"4,96";"16777216";"2323644";"13,85";"16";"148";"166";"23";"24"
"16.11.2015 22:05:00";"4";"0";"2292";"31,92";"16777216";"4091963";"24,39";"2028";"381";"166";"16";"18"
"16.11.2015 22:10:00";"4";"0";"277";"3,86";"16777216";"3219548";"19,19";"6";"306";"166";"12";"15"
"16.11.2015 22:15:00";"4";"0";"269";"3,75";"16777216";"2222981";"13,25";"2";"131";"166";"7";"7"
"16.11.2015 22:20:00";"4";"0";"374";"5,21";"16777216";"2524971";"15,05";"5";"176";"166";"14";"16"
"16.11.2015 22:25:00";"4";"0";"334";"4,66";"16777216";"2469606";"14,72";"15";"190";"166";"29";"10"
"16.11.2015 22:30:00";"4";"0";"332";"4,62";"16777216";"2290090";"13,65";"5";"156";"166";"4";"5"
"16.11.2015 22:35:00";"4";"0";"361";"5,03";"16777216";"2155872";"12,85";"292";"563";"166";"4";"5"
"16.11.2015 22:40:00";"4";"0";"270";"3,76";"16777216";"2234725";"13,32";"8";"512";"166";"3";"4"
"16.11.2015 22:45:00";"4";"0";"262";"3,66";"16777216";"2290090";"13,65";"7";"126";"166";"2";"4"
"16.11.2015 22:50:00";"4";"0";"295";"4,11";"16777216";"2179360";"12,99";"11";"143";"166";"5";"5"
"16.11.2015 22:55:00";"4";"0";"248";"3,46";"16777216";"2256536";"13,45";"8";"109";"166";"2";"3"
"16.11.2015 23:00:00";"4";"0";"279";"3,88";"16777216";"1798518";"10,72";"9";"131";"166";"3";"4"
"16.11.2015 23:05:00";"4";"0";"313";"4,37";"16777216";"2582014";"15,39";"16";"162";"166";"4";"5"
"16.11.2015 23:10:00";"4";"0";"254";"3,55";"16777216";"1920991";"11,45";"24";"130";"166";"3";"4"
"16.11.2015 23:15:00";"4";"0";"269";"3,75";"16777216";"1709598";"10,19";"10";"130";"166";"2";"3"
"16.11.2015 23:20:00";"4";"0";"285";"3,98";"16777216";"2189427";"13,05";"9";"145";"166";"4";"5"
"16.11.2015 23:25:00";"4";"0";"245";"3,42";"16777216";"1877370";"11,19";"10";"115";"166";"2";"3"
"16.11.2015 23:30:00";"4";"0";"285";"3,98";"16777216";"1920991";"11,45";"12";"141";"166";"3";"4"
"16.11.2015 23:35:00";"4";"0";"278";"3,87";"16777216";"2335388";"13,92";"10";"148";"166";"4";"5"
"16.11.2015 23:40:00";"4";"0";"314";"4,38";"16777216";"1865626";"11,12";"8";"129";"166";"3";"4"
"16.11.2015 23:45:00";"4";"0";"272";"3,79";"16777216";"2155872";"12,85";"10";"138";"166";"3";"4"
"16.11.2015 23:50:00";"4";"0";"368";"5,12";"16777216";"2011588";"11,99";"11";"193";"166";"28";"9"
"16.11.2015 23:55:00";"4";"0";"241";"3,36";"16777216";"2313578";"13,79";"8";"106";"166";"2";"3"
"17.11.2015 00:00:00";"4";"0";"460";"6,41";"16777216";"2234725";"13,32";"564";"600";"166";"3";"4"
"17.11.2015 00:05:00";"4";"0";"455";"6,33";"16777216";"4001366";"23,85";"43";"730";"166";"56";"7"
"17.11.2015 00:10:00";"4";"0";"579";"8,07";"16777216";"3051776";"18,19";"87";"2470";"166";"45";"5"
"17.11.2015 00:15:00";"4";"0";"835";"11,64";"16777216";"4538237";"27,05";"836";"559";"166";"59";"5"
"17.11.2015 00:20:00";"4";"0";"320";"4,45";"16777216";"2927624";"17,45";"17";"213";"166";"71";"8"
"17.11.2015 00:25:00";"4";"0";"1321";"18,41";"16777216";"2917558";"17,39";"176";"5619";"166";"33";"4"
"17.11.2015 00:30:00";"4";"0";"549";"7,66";"16777216";"5142217";"30,65";"55";"5746";"166";"104";"7"
"17.11.2015 00:35:00";"4";"0";"1473";"20,51";"16777216";"3924191";"23,39";"467";"4459";"166";"24";"6"
"17.11.2015 00:40:00";"4";"0";"267";"3,72";"16777216";"4024854";"23,99";"5";"641";"166";"3";"4"
"17.11.2015 00:45:00";"4";"0";"256";"3,56";"16777216";"2414241";"14,39";"3";"94";"166";"2";"3"
"17.11.2015 00:50:00";"4";"0";"279";"3,9";"16777216";"2078697";"12,39";"1116";"94";"166";"4";"5"
"17.11.2015 00:55:00";"4";"0";"233";"3,25";"16777216";"2380687";"14,19";"0";"79";"166";"2";"3"
"17.11.2015 01:00:00";"4";"0";"267";"3,73";"16777216";"1697854";"10,12";"1";"88";"166";"3";"4"
"17.11.2015 01:05:00";"4";"0";"1200";"16,71";"16777216";"4348654";"25,92";"7077";"1134";"166";"19";"2272"
"17.11.2015 01:10:00";"4";"0";"413";"5,76";"16777216";"4293290";"25,59";"1188";"220";"166";"42";"379"
"17.11.2015 01:15:00";"4";"0";"264";"3,67";"16777216";"2414241";"14,39";"12";"88";"166";"2";"3"
"17.11.2015 01:20:00";"4";"0";"708";"9,86";"16777216";"3219548";"19,19";"7428";"404";"166";"51";"2427"
"17.11.2015 01:25:00";"4";"0";"258";"3,6";"16777216";"4763052";"28,39";"22";"79";"166";"2";"3"
"17.11.2015 01:30:00";"4";"0";"264";"3,68";"16777216";"2357199";"14,05";"0";"88";"166";"3";"4"
"17.11.2015 01:35:00";"4";"0";"285";"3,97";"16777216";"2066953";"12,32";"17";"94";"166";"4";"5"
"17.11.2015 01:40:00";"4";"0";"259";"3,61";"16777216";"1999844";"11,92";"5";"99";"166";"2";"4"
"17.11.2015 01:45:00";"4";"0";"271";"3,77";"16777216";"2011588";"11,99";"14";"95";"166";"3";"4"
"17.11.2015 01:50:00";"4";"0";"279";"3,89";"16777216";"1932735";"11,52";"81";"97";"166";"5";"6"
"17.11.2015 01:55:00";"4";"0";"243";"3,39";"16777216";"2246469";"13,39";"0";"81";"166";"3";"4"
"17.11.2015 02:00:00";"4";"0";"460";"6,41";"16777216";"2189427";"13,05";"441";"234";"166";"27";"8"
"17.11.2015 02:05:00";"4";"0";"297";"4,14";"16777216";"2894070";"17,25";"43";"150";"166";"4";"5"
"17.11.2015 02:10:00";"4";"0";"242";"3,38";"16777216";"2234725";"13,32";"9";"103";"166";"2";"4"
"17.11.2015 02:15:00";"4";"0";"261";"3,63";"16777216";"1709598";"10,19";"0";"99";"166";"2";"3"
"17.11.2015 02:20:00";"4";"0";"268";"3,73";"16777216";"1843816";"10,99";"0";"99";"166";"5";"5"
"17.11.2015 02:25:00";"4";"0";"227";"3,16";"16777216";"1887437";"11,25";"1";"80";"166";"2";"3"
"17.11.2015 02:30:00";"4";"0";"252";"3,51";"16777216";"1563636";"9,32";"0";"101";"166";"3";"4"
"17.11.2015 02:35:00";"4";"0";"277";"3,86";"16777216";"2347132";"13,99";"3";"109";"166";"5";"6"
"17.11.2015 02:40:00";"4";"0";"296";"4,13";"16777216";"1843816";"10,99";"1";"102";"166";"3";"5"
"17.11.2015 02:45:00";"4";"0";"251";"3,5";"16777216";"2122318";"12,65";"0";"88";"166";"2";"4"
"17.11.2015 02:50:00";"4";"0";"272";"3,79";"16777216";"2313578";"13,79";"0";"95";"166";"4";"5"
"17.11.2015 02:55:00";"4";"0";"230";"3,21";"16777216";"2122318";"12,65";"0";"84";"166";"2";"3"
"17.11.2015 03:00:00";"4";"0";"259";"3,61";"16777216";"1575381";"9,39";"2";"90";"166";"3";"4"
"17.11.2015 03:05:00";"4";"0";"540";"7,53";"16777216";"3320211";"19,79";"38";"365";"166";"4";"5"
"17.11.2015 03:10:00";"4";"0";"246";"3,44";"16777216";"2301834";"13,72";"0";"276";"166";"3";"4"
"17.11.2015 03:15:00";"4";"0";"244";"3,41";"16777216";"1753219";"10,45";"0";"89";"166";"2";"4"
"17.11.2015 03:20:00";"4";"0";"320";"4,46";"16777216";"1786773";"10,65";"5";"118";"166";"4";"5"
"17.11.2015 03:25:00";"4";"0";"235";"3,27";"16777216";"2179360";"12,99";"0";"95";"166";"2";"3"
"17.11.2015 03:30:00";"4";"0";"261";"3,64";"16777216";"2011588";"11,99";"37";"134";"166";"3";"4"
"17.11.2015 03:35:00";"4";"0";"274";"3,82";"16777216";"1786773";"10,65";"0";"105";"166";"5";"6"
"17.11.2015 03:40:00";"4";"0";"247";"3,45";"16777216";"1776707";"10,59";"1";"91";"166";"3";"4"
"17.11.2015 03:45:00";"4";"0";"256";"3,57";"16777216";"1877370";"11,19";"0";"93";"166";"3";"4"
"17.11.2015 03:50:00";"4";"0";"269";"3,74";"16777216";"1764963";"10,52";"0";"95";"166";"4";"5"
"17.11.2015 03:55:00";"4";"0";"230";"3,2";"16777216";"1910925";"11,39";"0";"78";"166";"2";"3"
"17.11.2015 04:00:00";"4";"0";"426";"5,94";"16777216";"2066953";"12,32";"5";"167";"166";"28";"8"
"17.11.2015 04:05:00";"4";"0";"340";"4,73";"16777216";"3363832";"20,05";"189";"183";"166";"4";"5"
"17.11.2015 04:10:00";"4";"0";"245";"3,41";"16777216";"2122318";"12,65";"16";"157";"166";"2";"4"
"17.11.2015 04:15:00";"4";"0";"284";"3,96";"16777216";"2033399";"12,12";"11";"111";"166";"3";"4"
"17.11.2015 04:20:00";"4";"0";"271";"3,78";"16777216";"1820328";"10,85";"10";"117";"166";"4";"5"
"17.11.2015 04:25:00";"4";"0";"293";"4,08";"16777216";"2323644";"13,85";"3";"109";"166";"2";"3"
"17.11.2015 04:30:00";"4";"0";"251";"3,49";"16777216";"2212915";"13,19";"0";"115";"166";"3";"4"
"17.11.2015 04:35:00";"4";"0";"408";"5,69";"16777216";"2268280";"13,52";"1";"199";"166";"46";"14"
"17.11.2015 04:40:00";"4";"0";"348";"4,85";"16777216";"2212915";"13,19";"5";"138";"166";"10";"7"
"17.11.2015 04:45:00";"4";"0";"323";"4,5";"16777216";"2212915";"13,19";"3";"162";"166";"25";"7"
"17.11.2015 04:50:00";"4";"0";"261";"3,64";"16777216";"2280024";"13,59";"0";"98";"166";"4";"5"
"17.11.2015 04:55:00";"4";"0";"245";"3,41";"16777216";"2112252";"12,59";"0";"88";"166";"2";"3"
"17.11.2015 05:00:00";"4";"0";"253";"3,53";"16777216";"2033399";"12,12";"0";"101";"166";"3";"4"
"17.11.2015 05:05:00";"4";"0";"470";"6,55";"16777216";"2994733";"17,85";"16";"1338";"166";"43";"428"
"17.11.2015 05:10:00";"4";"0";"239";"3,33";"16777216";"2436052";"14,52";"1";"104";"166";"2";"4"
"17.11.2015 05:15:00";"4";"0";"251";"3,49";"16777216";"2045143";"12,19";"0";"91";"166";"2";"3"
"17.11.2015 05:20:00";"4";"0";"271";"3,78";"16777216";"1810262";"10,79";"0";"100";"166";"4";"5"
"17.11.2015 05:25:00";"4";"0";"259";"3,61";"16777216";"1988100";"11,85";"0";"88";"166";"3";"4"
"17.11.2015 05:30:00";"4";"0";"262";"3,65";"16777216";"1686110";"10,05";"2";"98";"166";"3";"4"
"17.11.2015 05:35:00";"4";"0";"276";"3,85";"16777216";"2033399";"12,12";"2";"122";"166";"5";"5"
"17.11.2015 05:40:00";"4";"0";"312";"4,36";"16777216";"2189427";"13,05";"3";"115";"166";"3";"4"
"17.11.2015 05:45:00";"4";"0";"325";"4,54";"16777216";"2011588";"11,99";"2";"160";"166";"26";"7"
"17.11.2015 05:50:00";"4";"0";"269";"3,75";"16777216";"2045143";"12,19";"1";"102";"166";"4";"5"
"17.11.2015 05:55:00";"4";"0";"249";"3,47";"16777216";"2011588";"11,99";"2";"92";"166";"2";"3"
"17.11.2015 06:00:00";"4";"0";"356";"4,96";"16777216";"2481350";"14,79";"339";"157";"166";"3";"4"
"17.11.2015 06:05:00";"4";"0";"817";"11,38";"16777216";"3845338";"22,92";"85051";"411";"166";"31";"5242"
"17.11.2015 06:10:00";"4";"0";"312";"4,35";"16777216";"4259735";"25,39";"5229";"142";"166";"40";"47"
"17.11.2015 06:15:00";"4";"0";"249";"3,47";"16777216";"2749786";"16,39";"41";"102";"166";"2";"3"
"17.11.2015 06:20:00";"4";"0";"265";"3,7";"16777216";"2649122";"15,79";"36";"97";"166";"5";"5"
"17.11.2015 06:25:00";"4";"0";"232";"3,24";"16777216";"1743153";"10,39";"0";"84";"166";"2";"3"
"17.11.2015 06:30:00";"4";"0";"245";"3,41";"16777216";"1608935";"9,59";"2";"93";"166";"3";"4"
"17.11.2015 06:35:00";"4";"0";"310";"4,32";"16777216";"2615568";"15,59";"9";"112";"166";"6";"7"
"17.11.2015 06:40:00";"4";"0";"256";"3,56";"16777216";"2112252";"12,59";"5";"95";"166";"3";"4"
"17.11.2015 06:45:00";"4";"0";"430";"5,99";"16777216";"2414241";"14,39";"167";"121";"166";"5";"10"
"17.11.2015 06:50:00";"4";"0";"440";"6,12";"16777216";"2917558";"17,39";"16";"161";"166";"29";"11"
"17.11.2015 06:55:00";"4";"0";"241";"3,36";"16777216";"2380687";"14,19";"1";"86";"166";"2";"3"
"17.11.2015 07:00:00";"4";"0";"257";"3,58";"16777216";"1910925";"11,39";"11";"99";"166";"3";"4"
"17.11.2015 07:05:00";"4";"0";"295";"4,11";"16777216";"2894070";"17,25";"23";"113";"166";"9";"15"
"17.11.2015 07:10:00";"4";"0";"245";"3,41";"16777216";"2368943";"14,12";"12";"100";"166";"3";"5"
"17.11.2015 07:15:00";"4";"0";"258";"3,6";"16777216";"1743153";"10,39";"3";"99";"166";"2";"3"
"17.11.2015 07:20:00";"4";"0";"273";"3,8";"16777216";"2457862";"14,65";"1";"108";"166";"4";"5"
"17.11.2015 07:25:00";"4";"0";"239";"3,33";"16777216";"1652556";"9,85";"1";"92";"166";"2";"3"
"17.11.2015 07:30:00";"4";"0";"257";"3,57";"16777216";"1932735";"11,52";"1";"102";"166";"3";"4"
"17.11.2015 07:35:00";"4";"0";"273";"3,81";"16777216";"1462973";"8,72";"3";"114";"166";"4";"5"
"17.11.2015 07:40:00";"4";"0";"246";"3,43";"16777216";"2313578";"13,79";"1";"99";"166";"2";"4"
"17.11.2015 07:45:00";"4";"0";"266";"3,7";"16777216";"1306945";"7,79";"1";"105";"166";"3";"4"
"17.11.2015 07:50:00";"4";"0";"272";"3,79";"16777216";"2021655";"12,05";"0";"110";"166";"5";"6"
"17.11.2015 07:55:00";"4";"0";"307";"4,28";"16777216";"2122318";"12,65";"0";"135";"166";"26";"7"
"17.11.2015 08:00:00";"4";"0";"341";"4,75";"16777216";"2290090";"13,65";"89";"123";"166";"3";"4"
"17.11.2015 08:05:00";"4";"0";"285";"3,97";"16777216";"2424308";"14,45";"4";"131";"166";"4";"5"
"17.11.2015 08:10:00";"4";"0";"249";"3,47";"16777216";"2313578";"13,79";"0";"111";"166";"3";"4"
"17.11.2015 08:15:00";"4";"0";"288";"4,02";"16777216";"1899181";"11,32";"3";"115";"166";"2";"4"
"17.11.2015 08:20:00";"4";"0";"268";"3,74";"16777216";"2167616";"12,92";"0";"123";"166";"4";"5"
"17.11.2015 08:25:00";"4";"0";"261";"3,64";"16777216";"1954546";"11,65";"4";"105";"166";"2";"3"
"17.11.2015 08:30:00";"4";"0";"252";"3,51";"16777216";"1899181";"11,32";"5";"109";"166";"3";"4"
"17.11.2015 08:35:00";"4";"0";"277";"3,86";"16777216";"1743153";"10,39";"0";"118";"166";"5";"6"
"17.11.2015 08:40:00";"4";"0";"296";"4,12";"16777216";"1798518";"10,72";"5";"102";"166";"3";"4"
"17.11.2015 08:45:00";"4";"0";"327";"4,56";"16777216";"1810262";"10,79";"4";"153";"166";"26";"7"
"17.11.2015 08:50:00";"4";"0";"273";"3,81";"16777216";"2402497";"14,32";"0";"114";"166";"5";"6"
"17.11.2015 08:55:00";"4";"0";"238";"3,31";"16777216";"1843816";"10,99";"0";"86";"166";"2";"3"
"17.11.2015 09:00:00";"4";"0";"269";"3,75";"16777216";"1731409";"10,32";"0";"113";"166";"3";"4"
"17.11.2015 09:05:00";"4";"0";"420";"5,85";"16777216";"3498050";"20,85";"4";"820";"166";"43";"247"
"17.11.2015 09:10:00";"4";"0";"238";"3,32";"16777216";"2961179";"17,65";"0";"101";"166";"2";"4"
"17.11.2015 09:15:00";"4";"0";"259";"3,61";"16777216";"2011588";"11,99";"0";"110";"166";"2";"3"
"17.11.2015 09:20:00";"4";"0";"280";"3,91";"16777216";"1988100";"11,85";"0";"122";"166";"4";"5"
"17.11.2015 09:25:00";"4";"0";"254";"3,54";"16777216";"1709598";"10,19";"0";"99";"166";"2";"3"
"17.11.2015 09:30:00";"4";"0";"263";"3,66";"16777216";"2021655";"12,05";"0";"109";"166";"3";"4"
"17.11.2015 09:35:00";"4";"0";"289";"4,02";"16777216";"1686110";"10,05";"2";"137";"166";"5";"6"
"17.11.2015 09:40:00";"4";"0";"253";"3,52";"16777216";"1853882";"11,05";"0";"106";"166";"3";"4"
"17.11.2015 09:45:00";"4";"0";"339";"4,73";"16777216";"1944479";"11,59";"2";"164";"166";"28";"8"
"17.11.2015 09:50:00";"4";"0";"282";"3,93";"16777216";"2615568";"15,59";"1";"131";"166";"4";"5"
"17.11.2015 09:55:00";"4";"0";"239";"3,34";"16777216";"1978034";"11,79";"0";"98";"166";"2";"3"
"17.11.2015 10:00:00";"4";"0";"406";"5,65";"16777216";"2436052";"14,52";"9";"142";"166";"3";"4"
"17.11.2015 10:05:00";"4";"0";"304";"4,24";"16777216";"3263169";"19,45";"5";"149";"166";"4";"7"
"17.11.2015 10:10:00";"4";"0";"239";"3,33";"16777216";"2222981";"13,25";"7";"104";"166";"2";"4"
"17.11.2015 10:15:00";"4";"0";"271";"3,77";"16777216";"2179360";"12,99";"22";"126";"166";"2";"3"
"17.11.2015 10:20:00";"4";"0";"524";"7,3";"16777216";"2347132";"13,99";"20";"133";"166";"4";"5"
"17.11.2015 10:25:00";"4";"0";"235";"3,27";"16777216";"2323644";"13,85";"7";"102";"166";"2";"3"
"17.11.2015 10:30:00";"4";"0";"260";"3,62";"16777216";"2280024";"13,59";"9";"110";"166";"3";"4"
"17.11.2015 10:35:00";"4";"0";"261";"3,64";"16777216";"1843816";"10,99";"9";"116";"166";"4";"5"
"17.11.2015 10:40:00";"4";"0";"246";"3,43";"16777216";"2201171";"13,12";"7";"90";"166";"2";"4"
"17.11.2015 10:45:00";"4";"0";"255";"3,56";"16777216";"2189427";"13,05";"9";"104";"166";"2";"3"
"17.11.2015 10:50:00";"4";"0";"262";"3,65";"16777216";"2313578";"13,79";"7";"111";"166";"4";"5"
"17.11.2015 10:55:00";"4";"0";"235";"3,27";"16777216";"1798518";"10,72";"7";"90";"166";"2";"3"
"17.11.2015 11:00:00";"4";"0";"281";"3,92";"16777216";"2066953";"12,32";"13";"125";"166";"3";"4"
"17.11.2015 11:05:00";"4";"0";"308";"4,29";"16777216";"2649122";"15,79";"16";"144";"166";"4";"5"
"17.11.2015 11:10:00";"4";"0";"263";"3,67";"16777216";"1944479";"11,59";"12";"135";"166";"2";"4"
"17.11.2015 11:15:00";"4";"0";"289";"4,03";"16777216";"1932735";"11,52";"18";"145";"166";"2";"4"
"17.11.2015 11:20:00";"4";"0";"298";"4,16";"16777216";"2112252";"12,59";"13";"144";"166";"5";"5"
"17.11.2015 11:25:00";"4";"0";"236";"3,29";"16777216";"2390753";"14,25";"7";"103";"166";"2";"3"
"17.11.2015 11:30:00";"4";"0";"248";"3,46";"16777216";"1753219";"10,45";"7";"101";"166";"3";"4"
"17.11.2015 11:35:00";"4";"0";"281";"3,92";"16777216";"2021655";"12,05";"11";"125";"166";"5";"5"
"17.11.2015 11:40:00";"4";"0";"307";"4,28";"16777216";"2414241";"14,39";"9";"120";"166";"3";"4"
"17.11.2015 11:45:00";"4";"0";"331";"4,61";"16777216";"2582014";"15,39";"12";"166";"166";"26";"7"
"17.11.2015 11:50:00";"4";"0";"267";"3,72";"16777216";"2112252";"12,59";"7";"113";"166";"4";"5"
"17.11.2015 11:55:00";"4";"0";"419";"5,83";"16777216";"2280024";"13,59";"51";"189";"166";"2";"3"
"17.11.2015 12:00:00";"4";"0";"545";"7,6";"16777216";"2850449";"16,99";"16";"180";"166";"3";"4"
"17.11.2015 12:05:00";"4";"0";"1366";"19,03";"16777216";"4336910";"25,85";"54";"1066";"166";"4";"5"
"17.11.2015 12:10:00";"4";"0";"272";"3,79";"16777216";"3353765";"19,99";"11";"1174";"166";"3";"4"
"17.11.2015 12:15:00";"4";"0";"275";"3,84";"16777216";"2112252";"12,59";"12";"130";"166";"2";"4"
"17.11.2015 12:20:00";"4";"0";"302";"4,21";"16777216";"2548459";"15,19";"13";"152";"166";"4";"5"
"17.11.2015 12:25:00";"4";"0";"269";"3,75";"16777216";"2514905";"14,99";"11";"132";"166";"2";"3"
"17.11.2015 12:30:00";"4";"0";"263";"3,67";"16777216";"1810262";"10,79";"9";"123";"166";"3";"4"
"17.11.2015 12:35:00";"4";"0";"294";"4,09";"16777216";"2514905";"14,99";"11";"135";"166";"5";"6"
"17.11.2015 12:40:00";"4";"0";"278";"3,88";"16777216";"1877370";"11,19";"13";"121";"166";"3";"4"
"17.11.2015 12:45:00";"4";"0";"322";"4,49";"16777216";"2649122";"15,79";"13";"167";"166";"28";"8"
"17.11.2015 12:50:00";"4";"0";"285";"3,98";"16777216";"2078697";"12,39";"10";"126";"166";"5";"6"
"17.11.2015 12:55:00";"4";"0";"240";"3,35";"16777216";"1877370";"11,19";"6";"95";"166";"2";"3"
"17.11.2015 13:00:00";"4";"0";"261";"3,64";"16777216";"2313578";"13,79";"7";"109";"166";"3";"4"
"17.11.2015 13:05:00";"4";"0";"580";"8,08";"16777216";"3555092";"21,19";"49";"2121";"166";"45";"591"
"17.11.2015 13:10:00";"4";"0";"267";"3,72";"16777216";"2884004";"17,19";"30";"126";"166";"4";"6"
"17.11.2015 13:15:00";"4";"0";"274";"3,82";"16777216";"1944479";"11,59";"12";"120";"166";"5";"7"
"17.11.2015 13:20:00";"4";"0";"286";"3,99";"16777216";"2145806";"12,79";"9";"123";"166";"5";"6"
"17.11.2015 13:25:00";"4";"0";"250";"3,49";"16777216";"2290090";"13,65";"7";"95";"166";"2";"3"
"17.11.2015 13:30:00";"4";"0";"312";"4,35";"16777216";"2112252";"12,59";"16";"134";"166";"3";"4"
"17.11.2015 13:35:00";"4";"0";"286";"3,99";"16777216";"2100508";"12,52";"13";"151";"166";"5";"6"
"17.11.2015 13:40:00";"4";"0";"272";"3,79";"16777216";"2189427";"13,05";"8";"121";"166";"3";"4"
"17.11.2015 13:45:00";"4";"0";"322";"4,49";"16777216";"2088763";"12,45";"10";"157";"166";"26";"8"
"17.11.2015 13:50:00";"4";"0";"284";"3,95";"16777216";"2021655";"12,05";"14";"119";"166";"7";"6"
"17.11.2015 13:55:00";"4";"0";"247";"3,45";"16777216";"1843816";"10,99";"8";"97";"166";"2";"3"
"17.11.2015 14:00:00";"4";"0";"522";"7,27";"16777216";"1988100";"11,85";"174";"567";"166";"3";"4"
"17.11.2015 14:05:00";"4";"0";"289";"4,03";"16777216";"2582014";"15,39";"9";"399";"166";"4";"5"
"17.11.2015 14:10:00";"4";"0";"259";"3,61";"16777216";"2469606";"14,72";"11";"132";"166";"3";"4"
"17.11.2015 14:15:00";"4";"0";"249";"3,47";"16777216";"2055209";"12,25";"10";"133";"166";"2";"4"
"17.11.2015 14:20:00";"4";"0";"303";"4,23";"16777216";"1832072";"10,92";"12";"147";"166";"5";"6"
"17.11.2015 14:25:00";"4";"0";"254";"3,54";"16777216";"2323644";"13,85";"9";"131";"166";"2";"3"
"17.11.2015 14:30:00";"4";"0";"304";"4,24";"16777216";"1865626";"11,12";"18";"163";"166";"3";"4"
"17.11.2015 14:35:00";"4";"0";"268";"3,74";"16777216";"2145806";"12,79";"8";"147";"166";"5";"5"
"17.11.2015 14:40:00";"4";"0";"311";"4,33";"16777216";"1910925";"11,39";"12";"119";"166";"3";"4"
"17.11.2015 14:45:00";"4";"0";"281";"3,92";"16777216";"2189427";"13,05";"11";"145";"166";"3";"4"
"17.11.2015 14:50:00";"4";"0";"346";"4,82";"16777216";"2368943";"14,12";"10";"185";"166";"30";"10"
"17.11.2015 14:55:00";"4";"0";"233";"3,25";"16777216";"2481350";"14,79";"7";"90";"166";"2";"3"
"17.11.2015 15:00:00";"4";"0";"258";"3,6";"16777216";"1843816";"10,99";"8";"119";"166";"3";"4"
"17.11.2015 15:05:00";"4";"0";"289";"4,03";"16777216";"2749786";"16,39";"11";"144";"166";"4";"5"
"17.11.2015 15:10:00";"4";"0";"242";"3,37";"16777216";"1978034";"11,79";"7";"117";"166";"3";"4"
"17.11.2015 15:15:00";"4";"0";"265";"3,69";"16777216";"1697854";"10,12";"10";"129";"166";"2";"4"
"17.11.2015 15:20:00";"4";"0";"270";"3,77";"16777216";"1999844";"11,92";"7";"139";"166";"5";"6"
"17.11.2015 15:25:00";"4";"0";"383";"5,34";"16777216";"2088763";"12,45";"305";"124";"166";"2";"3"
"17.11.2015 15:30:00";"4";"0";"288";"4,01";"16777216";"2033399";"12,12";"14";"159";"166";"3";"4"
"17.11.2015 15:35:00";"4";"0";"275";"3,84";"16777216";"2011588";"11,99";"8";"159";"166";"5";"6"
"17.11.2015 15:40:00";"4";"0";"283";"3,94";"16777216";"1899181";"11,32";"10";"133";"166";"3";"5"
"17.11.2015 15:45:00";"4";"0";"346";"4,82";"16777216";"2066953";"12,32";"13";"195";"166";"28";"8"
"17.11.2015 15:50:00";"4";"0";"290";"4,05";"16777216";"2011588";"11,99";"11";"153";"166";"5";"6"
"17.11.2015 15:55:00";"4";"0";"240";"3,35";"16777216";"2570269";"15,32";"8";"123";"166";"2";"3"
"17.11.2015 16:00:00";"4";"0";"388";"5,4";"16777216";"2222981";"13,25";"16";"156";"166";"3";"4"
"17.11.2015 16:05:00";"4";"0";"296";"4,13";"16777216";"2558525";"15,25";"9";"170";"166";"4";"5"
"17.11.2015 16:10:00";"4";"0";"252";"3,51";"16777216";"1719665";"10,25";"8";"126";"166";"3";"4"
"17.11.2015 16:15:00";"4";"0";"270";"3,77";"16777216";"1920991";"11,45";"16";"150";"166";"2";"3"
"17.11.2015 16:20:00";"4";"0";"294";"4,1";"16777216";"2112252";"12,59";"11";"162";"166";"5";"6"
"17.11.2015 16:25:00";"4";"0";"236";"3,29";"16777216";"2380687";"14,19";"7";"106";"166";"2";"3"
"17.11.2015 16:30:00";"4";"0";"258";"3,6";"16777216";"1877370";"11,19";"8";"122";"166";"3";"4"
"17.11.2015 16:35:00";"4";"0";"301";"4,2";"16777216";"2033399";"12,12";"13";"159";"166";"5";"6"
"17.11.2015 16:40:00";"4";"0";"254";"3,54";"16777216";"2078697";"12,39";"7";"135";"166";"3";"4"
"17.11.2015 16:45:00";"4";"0";"265";"3,7";"16777216";"2313578";"13,79";"9";"132";"166";"3";"4"
"17.11.2015 16:50:00";"4";"0";"345";"4,82";"16777216";"2122318";"12,65";"11";"192";"166";"30";"10"
"17.11.2015 16:55:00";"4";"0";"235";"3,28";"16777216";"2179360";"12,99";"7";"102";"166";"2";"3"
"17.11.2015 17:00:00";"4";"0";"271";"3,77";"16777216";"1686110";"10,05";"10";"131";"166";"3";"4"
"17.11.2015 17:05:00";"4";"0";"508";"7,08";"16777216";"3061842";"18,25";"8";"1579";"166";"44";"471"
"17.11.2015 17:10:00";"4";"0";"270";"3,77";"16777216";"3185993";"18,99";"11";"134";"166";"3";"4"
"17.11.2015 17:15:00";"4";"0";"253";"3,53";"16777216";"2145806";"12,79";"7";"135";"166";"2";"4"
"17.11.2015 17:20:00";"4";"0";"284";"3,96";"16777216";"1697854";"10,12";"2";"138";"166";"5";"6"
"17.11.2015 17:25:00";"4";"0";"298";"4,15";"16777216";"1743153";"10,39";"1";"136";"166";"2";"3"
"17.11.2015 17:30:00";"4";"0";"281";"3,92";"16777216";"1776707";"10,59";"1";"155";"166";"3";"4"
"17.11.2015 17:35:00";"4";"0";"293";"4,08";"16777216";"1820328";"10,85";"1";"156";"166";"5";"6"
"17.11.2015 17:40:00";"4";"0";"316";"4,4";"16777216";"1920991";"11,45";"1";"127";"166";"3";"5"
"17.11.2015 17:45:00";"4";"0";"344";"4,79";"16777216";"2716231";"16,19";"1";"184";"166";"28";"8"
"17.11.2015 17:50:00";"4";"0";"266";"3,71";"16777216";"2179360";"12,99";"0";"130";"166";"5";"6"
"17.11.2015 17:55:00";"4";"0";"242";"3,37";"16777216";"2246469";"13,39";"0";"93";"166";"2";"3"
"17.11.2015 18:00:00";"4";"0";"331";"4,62";"16777216";"2280024";"13,59";"5";"138";"166";"3";"4"
"17.11.2015 18:05:00";"4";"0";"303";"4,22";"16777216";"2917558";"17,39";"2";"163";"166";"4";"5"
"17.11.2015 18:10:00";"4";"0";"273";"3,81";"16777216";"2112252";"12,59";"2";"118";"166";"3";"4"
"17.11.2015 18:15:00";"4";"0";"287";"4";"16777216";"1877370";"11,19";"7";"149";"166";"2";"4"
"17.11.2015 18:20:00";"4";"0";"279";"3,88";"16777216";"2112252";"12,59";"1";"153";"166";"5";"6"
"17.11.2015 18:25:00";"4";"0";"261";"3,64";"16777216";"2347132";"13,99";"0";"128";"166";"2";"3"
"17.11.2015 18:30:00";"4";"0";"260";"3,62";"16777216";"1978034";"11,79";"0";"139";"166";"3";"4"
"17.11.2015 18:35:00";"4";"0";"351";"4,89";"16777216";"1843816";"10,99";"0";"158";"166";"57";"58"
"17.11.2015 18:40:00";"4";"0";"328";"4,58";"16777216";"1776707";"10,59";"0";"116";"166";"59";"61"
"17.11.2015 18:45:00";"4";"0";"269";"3,75";"16777216";"2145806";"12,79";"1";"134";"166";"10";"11"
"17.11.2015 18:50:00";"4";"0";"299";"4,17";"16777216";"2280024";"13,59";"0";"186";"166";"48";"18"
"17.11.2015 18:55:00";"4";"0";"268";"3,73";"16777216";"1944479";"11,59";"0";"102";"166";"20";"24"
"17.11.2015 19:00:00";"4";"0";"310";"4,32";"16777216";"1642489";"9,79";"1";"140";"166";"17";"19"
"17.11.2015 19:05:00";"4";"0";"299";"4,17";"16777216";"2984667";"17,79";"2";"156";"166";"13";"14"
"17.11.2015 19:10:00";"4";"0";"276";"3,85";"16777216";"2280024";"13,59";"0";"126";"166";"21";"25"
"17.11.2015 19:15:00";"4";"0";"280";"3,9";"16777216";"1776707";"10,59";"0";"133";"166";"20";"23"
"17.11.2015 19:20:00";"4";"0";"303";"4,23";"16777216";"2347132";"13,99";"0";"141";"166";"27";"31"
"17.11.2015 19:25:00";"4";"0";"277";"3,86";"16777216";"2011588";"11,99";"0";"108";"166";"22";"25"
"17.11.2015 19:30:00";"4";"0";"295";"4,11";"16777216";"1910925";"11,39";"0";"131";"166";"32";"38"
"17.11.2015 19:35:00";"4";"0";"299";"4,17";"16777216";"1676044";"9,99";"2";"158";"166";"10";"11"
"17.11.2015 19:40:00";"4";"0";"257";"3,59";"16777216";"1910925";"11,39";"0";"137";"166";"7";"8"
"17.11.2015 19:45:00";"4";"0";"338";"4,71";"16777216";"1719665";"10,25";"1";"176";"166";"35";"18"
"17.11.2015 19:50:00";"4";"0";"316";"4,4";"16777216";"1978034";"11,79";"6";"149";"166";"27";"30"
"17.11.2015 19:55:00";"4";"0";"276";"3,85";"16777216";"2122318";"12,65";"3";"112";"166";"25";"29"
"17.11.2015 20:00:00";"4";"0";"795";"11,08";"16777216";"3464495";"20,65";"4304";"591";"166";"9";"11"
"17.11.2015 20:05:00";"4";"0";"938";"13,07";"16777216";"6395475";"38,12";"87441";"1370";"166";"61";"6924"
"17.11.2015 20:10:00";"4";"0";"333";"4,64";"16777216";"4873781";"29,05";"3429";"225";"166";"50";"76"
"17.11.2015 20:15:00";"4";"0";"264";"3,68";"16777216";"3162505";"18,85";"6";"139";"166";"7";"8"
"17.11.2015 20:20:00";"4";"0";"304";"4,24";"16777216";"2491417";"14,85";"927";"153";"166";"11";"11"
"17.11.2015 20:25:00";"4";"0";"243";"3,38";"16777216";"2256536";"13,45";"7";"123";"166";"2";"3"
"17.11.2015 20:30:00";"4";"0";"253";"3,53";"16777216";"2145806";"12,79";"8";"122";"166";"3";"4"
"17.11.2015 20:35:00";"4";"0";"287";"4";"16777216";"1697854";"10,12";"9";"148";"166";"5";"6"
"17.11.2015 20:40:00";"4";"0";"318";"4,43";"16777216";"1843816";"10,99";"22";"131";"166";"3";"5"
"17.11.2015 20:45:00";"4";"0";"329";"4,58";"16777216";"2045143";"12,19";"8";"177";"166";"27";"9"
"17.11.2015 20:50:00";"4";"0";"275";"3,83";"16777216";"1899181";"11,32";"5";"136";"166";"5";"6"
"17.11.2015 20:55:00";"4";"0";"241";"3,36";"16777216";"1810262";"10,79";"4";"102";"166";"2";"3"
"17.11.2015 21:00:00";"4";"0";"256";"3,56";"16777216";"1676044";"9,99";"4";"122";"166";"3";"5"
"17.11.2015 21:05:00";"4";"0";"517";"7,21";"16777216";"2917558";"17,39";"93";"462";"166";"55";"123"
"17.11.2015 21:10:00";"4";"0";"270";"3,76";"16777216";"2390753";"14,25";"3";"122";"166";"21";"22"
"17.11.2015 21:15:00";"4";"0";"271";"3,77";"16777216";"1764963";"10,52";"4";"129";"166";"15";"17"
"17.11.2015 21:20:00";"4";"0";"285";"3,98";"16777216";"1530082";"9,12";"2";"143";"166";"8";"9"
"17.11.2015 21:25:00";"4";"0";"260";"3,63";"16777216";"1920991";"11,45";"0";"113";"166";"7";"8"
"17.11.2015 21:30:00";"4";"0";"265";"3,69";"16777216";"1999844";"11,92";"1";"129";"166";"10";"12"
"17.11.2015 21:35:00";"4";"0";"287";"4,01";"16777216";"1954546";"11,65";"1";"154";"166";"10";"9"
"17.11.2015 21:40:00";"4";"0";"282";"3,93";"16777216";"1887437";"11,25";"0";"128";"166";"17";"19"
"17.11.2015 21:45:00";"4";"0";"330";"4,6";"16777216";"2045143";"12,19";"2";"180";"166";"30";"12"
"17.11.2015 21:50:00";"4";"0";"272";"3,79";"16777216";"1954546";"11,65";"0";"135";"166";"8";"9"
"17.11.2015 21:55:00";"4";"0";"289";"4,02";"16777216";"1966290";"11,72";"0";"115";"166";"38";"38"
"17.11.2015 22:00:00";"4";"0";"386";"5,39";"16777216";"2088763";"12,45";"151";"164";"166";"19";"22"
"17.11.2015 22:05:00";"4";"0";"1003";"13,96";"16777216";"4751308";"28,32";"5266";"470";"166";"18";"18"
"17.11.2015 22:10:00";"4";"0";"287";"4";"16777216";"4806672";"28,65";"0";"292";"166";"19";"22"
"17.11.2015 22:15:00";"4";"0";"270";"3,77";"16777216";"2234725";"13,32";"0";"128";"166";"8";"8"
"17.11.2015 22:20:00";"4";"0";"366";"5,11";"16777216";"2112252";"12,59";"2";"170";"166";"9";"10"
"17.11.2015 22:25:00";"4";"0";"269";"3,75";"16777216";"2088763";"12,45";"1";"141";"166";"11";"12"
"17.11.2015 22:30:00";"4";"0";"371";"5,18";"16777216";"2390753";"14,25";"14";"186";"166";"30";"11"
"17.11.2015 22:35:00";"4";"0";"427";"5,95";"16777216";"2189427";"13,05";"118";"622";"166";"6";"7"
"17.11.2015 22:40:00";"4";"0";"264";"3,69";"16777216";"2692743";"16,05";"8";"538";"166";"2";"4"
"17.11.2015 22:45:00";"4";"0";"263";"3,67";"16777216";"2246469";"13,39";"7";"126";"166";"2";"4"
"17.11.2015 22:50:00";"4";"0";"294";"4,11";"16777216";"2582014";"15,39";"10";"143";"166";"5";"6"
"17.11.2015 22:55:00";"4";"0";"247";"3,44";"16777216";"2280024";"13,59";"8";"112";"166";"2";"3"
"17.11.2015 23:00:00";"4";"0";"282";"3,93";"16777216";"1575381";"9,39";"9";"130";"166";"3";"4"
"17.11.2015 23:05:00";"4";"0";"322";"4,49";"16777216";"2692743";"16,05";"24";"161";"166";"4";"5"
"17.11.2015 23:10:00";"4";"0";"254";"3,55";"16777216";"2313578";"13,79";"24";"130";"166";"2";"4"
"17.11.2015 23:15:00";"4";"0";"269";"3,74";"16777216";"2548459";"15,19";"9";"131";"166";"2";"4"
"17.11.2015 23:20:00";"4";"0";"291";"4,06";"16777216";"1944479";"11,59";"12";"146";"166";"5";"6"
"17.11.2015 23:25:00";"4";"0";"253";"3,53";"16777216";"2011588";"11,99";"10";"115";"166";"2";"3"
"17.11.2015 23:30:00";"4";"0";"283";"3,95";"16777216";"1877370";"11,19";"12";"133";"166";"3";"4"
"17.11.2015 23:35:00";"4";"0";"284";"3,96";"16777216";"2414241";"14,39";"8";"153";"166";"4";"5"
"17.11.2015 23:40:00";"4";"0";"305";"4,25";"16777216";"1853882";"11,05";"9";"118";"166";"3";"4"
"17.11.2015 23:45:00";"4";"0";"273";"3,8";"16777216";"2112252";"12,59";"9";"134";"166";"3";"4"
"17.11.2015 23:50:00";"4";"0";"294";"4,09";"16777216";"2021655";"12,05";"8";"148";"166";"5";"6"
"17.11.2015 23:55:00";"4";"0";"331";"4,62";"16777216";"2716231";"16,19";"12";"157";"166";"26";"7"
"18.11.2015 00:00:00";"4";"0";"366";"5,09";"16777216";"2045143";"12,19";"57";"141";"166";"4";"4"
"18.11.2015 00:05:00";"4";"0";"546";"7,61";"16777216";"3699376";"22,05";"288";"638";"166";"244";"10"
"18.11.2015 00:10:00";"4";"0";"559";"7,79";"16777216";"3924191";"23,39";"77";"530";"166";"49";"5"
"18.11.2015 00:15:00";"4";"0";"818";"11,39";"16777216";"4561725";"27,19";"856";"2510";"166";"57";"5"
"18.11.2015 00:20:00";"4";"0";"320";"4,46";"16777216";"3219548";"19,19";"12";"209";"166";"69";"8"
"18.11.2015 00:25:00";"4";"0";"1426";"19,85";"16777216";"2961179";"17,65";"469";"7026";"166";"27";"4"
"18.11.2015 00:30:00";"4";"0";"488";"6,8";"16777216";"5309989";"31,65";"579";"4559";"166";"124";"8"
"18.11.2015 00:35:00";"4";"0";"1476";"20,55";"16777216";"4135584";"24,65";"506";"4490";"166";"5";"5"
"18.11.2015 00:40:00";"4";"0";"268";"3,74";"16777216";"3531604";"21,05";"6";"634";"166";"2";"4"
"18.11.2015 00:45:00";"4";"0";"254";"3,55";"16777216";"2055209";"12,25";"6";"83";"166";"2";"3"
"18.11.2015 00:50:00";"4";"0";"294";"4,09";"16777216";"2234725";"13,32";"860";"99";"166";"5";"6"
"18.11.2015 00:55:00";"4";"0";"241";"3,36";"16777216";"2246469";"13,39";"0";"86";"166";"2";"3"
"18.11.2015 01:00:00";"4";"0";"264";"3,68";"16777216";"2045143";"12,19";"22";"94";"166";"3";"4"
"18.11.2015 01:05:00";"4";"0";"1202";"16,74";"16777216";"3566836";"21,26";"7015";"871";"166";"27";"2198"
"18.11.2015 01:10:00";"4";"0";"415";"5,78";"16777216";"3498050";"20,85";"1179";"226";"166";"42";"388"
"18.11.2015 01:15:00";"4";"0";"262";"3,65";"16777216";"2021655";"12,05";"7";"82";"166";"2";"3"
"18.11.2015 01:20:00";"4";"0";"292";"4,06";"16777216";"1776707";"10,59";"871";"98";"166";"5";"6"
"18.11.2015 01:25:00";"4";"0";"643";"8,96";"16777216";"4113773";"24,52";"6335";"399";"166";"68";"2594"
"18.11.2015 01:30:00";"4";"0";"260";"3,63";"16777216";"2793406";"16,65";"25";"87";"166";"3";"4"
"18.11.2015 01:35:00";"4";"0";"284";"3,96";"16777216";"2078697";"12,39";"13";"101";"166";"4";"5"
"18.11.2015 01:40:00";"4";"0";"260";"3,62";"16777216";"1776707";"10,59";"1";"96";"166";"3";"4"
"18.11.2015 01:45:00";"4";"0";"266";"3,71";"16777216";"2021655";"12,05";"11";"96";"166";"3";"4"
"18.11.2015 01:50:00";"4";"0";"286";"3,99";"16777216";"1910925";"11,39";"793";"105";"166";"5";"6"
"18.11.2015 01:55:00";"4";"0";"326";"4,55";"16777216";"2268280";"13,52";"2";"126";"166";"26";"7"
"18.11.2015 02:00:00";"4";"0";"384";"5,36";"16777216";"2738042";"16,32";"582";"196";"166";"4";"4"
"18.11.2015 02:05:00";"4";"0";"305";"4,25";"16777216";"3095396";"18,45";"33";"166";"166";"4";"5"
"18.11.2015 02:10:00";"4";"0";"240";"3,34";"16777216";"2189427";"13,05";"0";"100";"166";"2";"4"
"18.11.2015 02:15:00";"4";"0";"264";"3,67";"16777216";"2414241";"14,39";"6";"96";"166";"2";"3"
"18.11.2015 02:20:00";"4";"0";"269";"3,75";"16777216";"2189427";"13,05";"0";"101";"166";"5";"6"
"18.11.2015 02:25:00";"4";"0";"234";"3,27";"16777216";"2201171";"13,12";"2";"83";"166";"2";"3"
"18.11.2015 02:30:00";"4";"0";"247";"3,44";"16777216";"1709598";"10,19";"1";"86";"166";"3";"4"
"18.11.2015 02:35:00";"4";"0";"289";"4,03";"16777216";"2716231";"16,19";"2";"99";"166";"5";"6"
"18.11.2015 02:40:00";"4";"0";"305";"4,25";"16777216";"2055209";"12,25";"32";"98";"166";"4";"5"
"18.11.2015 02:45:00";"4";"0";"251";"3,5";"16777216";"1899181";"11,32";"7";"86";"166";"3";"4"
"18.11.2015 02:50:00";"4";"0";"275";"3,84";"16777216";"1899181";"11,32";"8";"99";"166";"5";"6"
"18.11.2015 02:55:00";"4";"0";"233";"3,24";"16777216";"2201171";"13,12";"7";"82";"166";"2";"3"
"18.11.2015 03:00:00";"4";"0";"261";"3,64";"16777216";"1429419";"8,52";"9";"86";"166";"3";"4"
"18.11.2015 03:05:00";"4";"0";"546";"7,61";"16777216";"2793406";"16,65";"34";"354";"166";"4";"5"
"18.11.2015 03:10:00";"4";"0";"248";"3,45";"16777216";"2045143";"12,19";"3";"269";"166";"2";"4"
"18.11.2015 03:15:00";"4";"0";"250";"3,48";"16777216";"1978034";"11,79";"6";"85";"166";"2";"3"
"18.11.2015 03:20:00";"4";"0";"323";"4,5";"16777216";"1920991";"11,45";"13";"114";"166";"5";"6"
"18.11.2015 03:25:00";"4";"0";"234";"3,26";"16777216";"2380687";"14,19";"4";"97";"166";"2";"3"
"18.11.2015 03:30:00";"4";"0";"250";"3,48";"16777216";"1910925";"11,39";"6";"87";"166";"3";"4"
"18.11.2015 03:35:00";"4";"0";"275";"3,83";"16777216";"1877370";"11,19";"5";"101";"166";"5";"6"
"18.11.2015 03:40:00";"4";"0";"267";"3,72";"16777216";"1944479";"11,59";"68";"142";"166";"3";"4"
"18.11.2015 03:45:00";"4";"0";"300";"4,18";"16777216";"1978034";"11,79";"12";"121";"166";"19";"6"
"18.11.2015 03:50:00";"4";"0";"315";"4,39";"16777216";"1877370";"11,19";"3";"115";"166";"13";"8"
"18.11.2015 03:55:00";"4";"0";"235";"3,27";"16777216";"1910925";"11,39";"3";"80";"166";"2";"3"
"18.11.2015 04:00:00";"4";"0";"323";"4,5";"16777216";"2078697";"12,39";"9";"108";"166";"3";"4"
"18.11.2015 04:05:00";"4";"0";"357";"4,97";"16777216";"2582014";"15,39";"174";"172";"166";"4";"5"
"18.11.2015 04:10:00";"4";"0";"244";"3,4";"16777216";"1944479";"11,59";"23";"152";"166";"2";"4"
"18.11.2015 04:15:00";"4";"0";"278";"3,87";"16777216";"2357199";"14,05";"21";"106";"166";"3";"4"
"18.11.2015 04:20:00";"4";"0";"275";"3,83";"16777216";"2045143";"12,19";"17";"113";"166";"5";"6"
"18.11.2015 04:25:00";"4";"0";"300";"4,18";"16777216";"2246469";"13,39";"16";"105";"166";"2";"3"
"18.11.2015 04:30:00";"4";"0";"255";"3,56";"16777216";"2380687";"14,19";"4";"120";"166";"3";"4"
"18.11.2015 04:35:00";"4";"0";"337";"4,7";"16777216";"1843816";"10,99";"6";"167";"166";"30";"12"
"18.11.2015 04:40:00";"4";"0";"287";"4,01";"16777216";"2112252";"12,59";"7";"112";"166";"22";"22"
"18.11.2015 04:45:00";"4";"0";"341";"4,75";"16777216";"1709598";"10,19";"10";"150";"166";"34";"15"
"18.11.2015 04:50:00";"4";"0";"403";"5,61";"16777216";"1676044";"9,99";"12";"158";"166";"31";"11"
"18.11.2015 04:55:00";"4";"0";"250";"3,48";"16777216";"2313578";"13,79";"10";"101";"166";"2";"3"
"18.11.2015 05:00:00";"4";"0";"254";"3,54";"16777216";"1743153";"10,39";"3";"106";"166";"3";"4"
"18.11.2015 05:05:00";"4";"0";"481";"6,71";"16777216";"3387320";"20,19";"23";"1344";"166";"44";"432"
"18.11.2015 05:10:00";"4";"0";"243";"3,38";"16777216";"2850449";"16,99";"1";"99";"166";"2";"4"
"18.11.2015 05:15:00";"4";"0";"246";"3,42";"16777216";"2145806";"12,79";"0";"86";"166";"2";"4"
"18.11.2015 05:20:00";"4";"0";"274";"3,82";"16777216";"1978034";"11,79";"0";"97";"166";"5";"6"
"18.11.2015 05:25:00";"4";"0";"250";"3,49";"16777216";"2246469";"13,39";"0";"83";"166";"2";"3"
"18.11.2015 05:30:00";"4";"0";"253";"3,52";"16777216";"1776707";"10,59";"1";"91";"166";"3";"4"
"18.11.2015 05:35:00";"4";"0";"297";"4,14";"16777216";"1853882";"11,05";"3";"117";"166";"5";"6"
"18.11.2015 05:40:00";"4";"0";"333";"4,64";"16777216";"2134062";"12,72";"5";"129";"166";"3";"5"
"18.11.2015 05:45:00";"4";"0";"323";"4,5";"16777216";"2268280";"13,52";"2";"161";"166";"26";"7"
"18.11.2015 05:50:00";"4";"0";"270";"3,76";"16777216";"2246469";"13,39";"0";"104";"166";"5";"6"
"18.11.2015 05:55:00";"4";"0";"246";"3,42";"16777216";"1966290";"11,72";"0";"91";"166";"2";"3"
"18.11.2015 06:00:00";"4";"0";"445";"6,21";"16777216";"2716231";"16,19";"625";"587";"166";"3";"4"
"18.11.2015 06:05:00";"4";"0";"798";"11,11";"16777216";"4449318";"26,52";"77432";"1049";"166";"23";"5475"
"18.11.2015 06:10:00";"4";"0";"342";"4,77";"16777216";"4885525";"29,12";"13822";"138";"166";"40";"129"
"18.11.2015 06:15:00";"4";"0";"254";"3,54";"16777216";"3174249";"18,92";"53";"92";"166";"2";"4"
"18.11.2015 06:20:00";"4";"0";"271";"3,78";"16777216";"2201171";"13,12";"772";"103";"166";"5";"6"
"18.11.2015 06:25:00";"4";"0";"241";"3,36";"16777216";"1978034";"11,79";"12";"86";"166";"2";"3"
"18.11.2015 06:30:00";"4";"0";"250";"3,49";"16777216";"1853882";"11,05";"4";"92";"166";"3";"4"
"18.11.2015 06:35:00";"4";"0";"311";"4,33";"16777216";"2368943";"14,12";"20";"117";"166";"7";"8"
"18.11.2015 06:40:00";"4";"0";"272";"3,79";"16777216";"2256536";"13,45";"4";"105";"166";"4";"5"
"18.11.2015 06:45:00";"4";"0";"330";"4,59";"16777216";"1920991";"11,45";"6";"152";"166";"26";"7"
"18.11.2015 06:50:00";"4";"0";"278";"3,88";"16777216";"2268280";"13,52";"5";"104";"166";"5";"6"
"18.11.2015 06:55:00";"4";"0";"241";"3,36";"16777216";"2481350";"14,79";"4";"84";"166";"2";"3"
"18.11.2015 07:00:00";"4";"0";"255";"3,56";"16777216";"1810262";"10,79";"4";"100";"166";"3";"4"
"18.11.2015 07:05:00";"4";"0";"285";"3,97";"16777216";"2481350";"14,79";"36";"108";"166";"4";"5"
"18.11.2015 07:10:00";"4";"0";"240";"3,34";"16777216";"1944479";"11,59";"3";"96";"166";"2";"4"
"18.11.2015 07:15:00";"4";"0";"253";"3,53";"16777216";"1697854";"10,12";"5";"95";"166";"2";"4"
"18.11.2015 07:20:00";"4";"0";"278";"3,87";"16777216";"2021655";"12,05";"8";"105";"166";"5";"6"
"18.11.2015 07:25:00";"4";"0";"240";"3,35";"16777216";"2212915";"13,19";"6";"85";"166";"2";"3"
"18.11.2015 07:30:00";"4";"0";"259";"3,61";"16777216";"1944479";"11,59";"8";"97";"166";"3";"4"
"18.11.2015 07:35:00";"4";"0";"289";"4,02";"16777216";"1664300";"9,92";"15";"119";"166";"5";"6"
"18.11.2015 07:40:00";"4";"0";"259";"3,61";"16777216";"2066953";"12,32";"7";"118";"166";"3";"4"
"18.11.2015 07:45:00";"4";"0";"332";"4,62";"16777216";"2268280";"13,52";"6";"148";"166";"27";"8"
"18.11.2015 07:50:00";"4";"0";"270";"3,76";"16777216";"2335388";"13,92";"0";"103";"166";"5";"6"
"18.11.2015 07:55:00";"4";"0";"235";"3,28";"16777216";"2100508";"12,52";"0";"94";"166";"2";"3"
"18.11.2015 08:00:00";"4";"0";"345";"4,81";"16777216";"2179360";"12,99";"6";"116";"166";"3";"4"
"18.11.2015 08:05:00";"4";"0";"280";"3,9";"16777216";"3095396";"18,45";"2";"133";"166";"4";"5"
"18.11.2015 08:10:00";"4";"0";"244";"3,4";"16777216";"2256536";"13,45";"1";"104";"166";"2";"4"
"18.11.2015 08:15:00";"4";"0";"284";"3,96";"16777216";"1832072";"10,92";"2";"117";"166";"2";"4"
"18.11.2015 08:20:00";"4";"0";"267";"3,72";"16777216";"2179360";"12,99";"2";"118";"166";"5";"6"
"18.11.2015 08:25:00";"4";"0";"253";"3,52";"16777216";"2011588";"11,99";"5";"99";"166";"2";"3"
"18.11.2015 08:30:00";"4";"0";"247";"3,45";"16777216";"1932735";"11,52";"0";"108";"166";"3";"4"
"18.11.2015 08:35:00";"4";"0";"280";"3,9";"16777216";"1932735";"11,52";"2";"119";"166";"5";"6"
"18.11.2015 08:40:00";"4";"0";"311";"4,33";"16777216";"2055209";"12,25";"4";"106";"166";"3";"5"
"18.11.2015 08:45:00";"4";"0";"337";"4,7";"16777216";"2134062";"12,72";"1";"154";"166";"26";"8"
"18.11.2015 08:50:00";"4";"0";"265";"3,7";"16777216";"1944479";"11,59";"0";"110";"166";"5";"6"
"18.11.2015 08:55:00";"4";"0";"243";"3,39";"16777216";"1944479";"11,59";"8";"92";"166";"2";"4"
"18.11.2015 09:00:00";"4";"0";"263";"3,66";"16777216";"1753219";"10,45";"2";"110";"166";"3";"4"
"18.11.2015 09:05:00";"4";"0";"420";"5,85";"16777216";"2972923";"17,72";"8";"812";"166";"44";"243"
"18.11.2015 09:10:00";"4";"0";"239";"3,33";"16777216";"2692743";"16,05";"0";"99";"166";"2";"4"
"18.11.2015 09:15:00";"4";"0";"262";"3,65";"16777216";"1743153";"10,39";"0";"106";"166";"2";"3"
"18.11.2015 09:20:00";"4";"0";"280";"3,9";"16777216";"2323644";"13,85";"0";"125";"166";"5";"6"
"18.11.2015 09:25:00";"4";"0";"247";"3,44";"16777216";"2212915";"13,19";"0";"94";"166";"2";"3"
"18.11.2015 09:30:00";"4";"0";"267";"3,72";"16777216";"2078697";"12,39";"0";"109";"166";"3";"4"
"18.11.2015 09:35:00";"4";"0";"293";"4,09";"16777216";"2514905";"14,99";"0";"140";"166";"5";"6"
"18.11.2015 09:40:00";"4";"0";"256";"3,57";"16777216";"2145806";"12,79";"0";"107";"166";"3";"5"
"18.11.2015 09:45:00";"4";"0";"344";"4,8";"16777216";"1776707";"10,59";"2";"166";"166";"27";"7"
"18.11.2015 09:50:00";"4";"0";"279";"3,89";"16777216";"1786773";"10,65";"0";"129";"166";"5";"6"
"18.11.2015 09:55:00";"4";"0";"243";"3,39";"16777216";"1786773";"10,65";"1";"100";"166";"2";"3"
"18.11.2015 10:00:00";"4";"0";"415";"5,78";"16777216";"2716231";"16,19";"155";"159";"166";"3";"4"
"18.11.2015 10:05:00";"4";"0";"298";"4,15";"16777216";"3476239";"20,72";"21";"166";"166";"5";"6"
"18.11.2015 10:10:00";"4";"0";"234";"3,26";"16777216";"2716231";"16,19";"4";"112";"166";"3";"4"
"18.11.2015 10:15:00";"4";"0";"269";"3,74";"16777216";"2447796";"14,59";"17";"112";"166";"2";"3"
"18.11.2015 10:20:00";"4";"0";"527";"7,35";"16777216";"2716231";"16,19";"31";"120";"166";"5";"6"
"18.11.2015 10:25:00";"4";"0";"232";"3,23";"16777216";"2313578";"13,79";"0";"89";"166";"2";"3"
"18.11.2015 10:30:00";"4";"0";"258";"3,6";"16777216";"1776707";"10,59";"2";"107";"166";"3";"4"
"18.11.2015 10:35:00";"4";"0";"262";"3,66";"16777216";"1843816";"10,99";"6";"113";"166";"4";"5"
"18.11.2015 10:40:00";"4";"0";"245";"3,42";"16777216";"2078697";"12,39";"1";"89";"166";"3";"4"
"18.11.2015 10:45:00";"4";"0";"256";"3,57";"16777216";"2414241";"14,39";"1";"113";"166";"2";"3"
"18.11.2015 10:50:00";"4";"0";"264";"3,68";"16777216";"2212915";"13,19";"0";"114";"166";"5";"6"
"18.11.2015 10:55:00";"4";"0";"236";"3,28";"16777216";"1709598";"10,19";"0";"88";"166";"2";"3"
"18.11.2015 11:00:00";"4";"0";"285";"3,98";"16777216";"2011588";"11,99";"0";"123";"166";"3";"4"
"18.11.2015 11:05:00";"4";"0";"308";"4,29";"16777216";"2816895";"16,79";"23";"149";"166";"4";"5"
"18.11.2015 11:10:00";"4";"0";"266";"3,71";"16777216";"2246469";"13,39";"1";"137";"166";"2";"4"
"18.11.2015 11:15:00";"4";"0";"289";"4,03";"16777216";"1910925";"11,39";"11";"149";"166";"3";"4"
"18.11.2015 11:20:00";"4";"0";"298";"4,16";"16777216";"2179360";"12,99";"1";"146";"166";"5";"6"
"18.11.2015 11:25:00";"4";"0";"231";"3,22";"16777216";"2112252";"12,59";"0";"99";"166";"2";"3"
"18.11.2015 11:30:00";"4";"0";"247";"3,45";"16777216";"1978034";"11,79";"0";"97";"166";"3";"4"
"18.11.2015 11:35:00";"4";"0";"278";"3,87";"16777216";"2011588";"11,99";"1";"121";"166";"5";"5"
"18.11.2015 11:40:00";"4";"0";"311";"4,34";"16777216";"1743153";"10,39";"0";"117";"166";"3";"4"
"18.11.2015 11:45:00";"4";"0";"270";"3,77";"16777216";"2380687";"14,19";"8";"123";"166";"3";"4"
"18.11.2015 11:50:00";"4";"0";"275";"3,84";"16777216";"2078697";"12,39";"8";"121";"166";"5";"6"
"18.11.2015 11:55:00";"4";"0";"437";"6,09";"16777216";"2088763";"12,45";"30";"229";"166";"26";"7"
"18.11.2015 12:00:00";"4";"0";"409";"5,7";"16777216";"2793406";"16,65";"396";"245";"166";"3";"4"
"18.11.2015 12:05:00";"4";"0";"1345";"18,73";"16777216";"4281546";"25,52";"63";"1097";"166";"4";"5"
"18.11.2015 12:10:00";"4";"0";"257";"3,59";"16777216";"2692743";"16,05";"10";"1165";"166";"3";"4"
"18.11.2015 12:15:00";"4";"0";"281";"3,91";"16777216";"2436052";"14,52";"15";"130";"166";"2";"3"
"18.11.2015 12:20:00";"4";"0";"306";"4,26";"16777216";"2021655";"12,05";"17";"148";"166";"5";"6"
"18.11.2015 12:25:00";"4";"0";"264";"3,68";"16777216";"2793406";"16,65";"12";"130";"166";"2";"3"
"18.11.2015 12:30:00";"4";"0";"267";"3,72";"16777216";"2122318";"12,65";"9";"122";"166";"3";"4"
"18.11.2015 12:35:00";"4";"0";"292";"4,07";"16777216";"2134062";"12,72";"10";"138";"166";"5";"6"
"18.11.2015 12:40:00";"4";"0";"281";"3,91";"16777216";"2335388";"13,92";"12";"120";"166";"3";"5"
"18.11.2015 12:45:00";"4";"0";"326";"4,55";"16777216";"2155872";"12,85";"15";"163";"166";"26";"7"
"18.11.2015 12:50:00";"4";"0";"290";"4,04";"16777216";"2234725";"13,32";"9";"120";"166";"5";"6"
"18.11.2015 12:55:00";"4";"0";"236";"3,29";"16777216";"2179360";"12,99";"7";"95";"166";"2";"3"
"18.11.2015 13:00:00";"4";"0";"312";"4,35";"16777216";"2335388";"13,92";"75";"120";"166";"3";"4"
"18.11.2015 13:05:00";"4";"0";"583";"8,12";"16777216";"3979556";"23,72";"53";"2195";"166";"45";"607"
"18.11.2015 13:10:00";"4";"0";"252";"3,51";"16777216";"3207804";"19,12";"2";"121";"166";"3";"4"
"18.11.2015 13:15:00";"4";"0";"268";"3,73";"16777216";"2380687";"14,19";"7";"113";"166";"2";"4"
"18.11.2015 13:20:00";"4";"0";"289";"4,03";"16777216";"1978034";"11,79";"8";"131";"166";"5";"6"
"18.11.2015 13:25:00";"4";"0";"244";"3,4";"16777216";"2134062";"12,72";"0";"93";"166";"2";"3"
"18.11.2015 13:30:00";"4";"0";"321";"4,47";"16777216";"2313578";"13,79";"0";"133";"166";"3";"4"
"18.11.2015 13:35:00";"4";"0";"294";"4,1";"16777216";"2357199";"14,05";"4";"152";"166";"5";"6"
"18.11.2015 13:40:00";"4";"0";"277";"3,86";"16777216";"2290090";"13,65";"0";"130";"166";"3";"5"
"18.11.2015 13:45:00";"4";"0";"333";"4,65";"16777216";"2045143";"12,19";"0";"164";"166";"27";"8"
"18.11.2015 13:50:00";"4";"0";"276";"3,85";"16777216";"2189427";"13,05";"0";"118";"166";"5";"6"
"18.11.2015 13:55:00";"4";"0";"240";"3,35";"16777216";"1820328";"10,85";"0";"96";"166";"2";"3"
"18.11.2015 14:00:00";"4";"0";"453";"6,31";"16777216";"2189427";"13,05";"4";"175";"166";"3";"4"
"18.11.2015 14:05:00";"4";"0";"276";"3,84";"16777216";"2894070";"17,25";"1";"163";"166";"4";"5"
"18.11.2015 14:10:00";"4";"0";"260";"3,62";"16777216";"2212915";"13,19";"0";"121";"166";"2";"4"
"18.11.2015 14:15:00";"4";"0";"252";"3,51";"16777216";"2189427";"13,05";"1";"116";"166";"2";"3"
"18.11.2015 14:20:00";"4";"0";"305";"4,24";"16777216";"2100508";"12,52";"0";"133";"166";"5";"6"
"18.11.2015 14:25:00";"4";"0";"247";"3,44";"16777216";"1853882";"11,05";"0";"118";"166";"2";"3"
"18.11.2015 14:30:00";"4";"0";"308";"4,29";"16777216";"2011588";"11,99";"2";"145";"166";"3";"4"
"18.11.2015 14:35:00";"4";"0";"277";"3,86";"16777216";"2088763";"12,45";"0";"149";"166";"5";"6"
"18.11.2015 14:40:00";"4";"0";"312";"4,34";"16777216";"1988100";"11,85";"3";"108";"166";"3";"4"
"18.11.2015 14:45:00";"4";"0";"343";"4,78";"16777216";"1978034";"11,79";"3";"166";"166";"27";"8"
"18.11.2015 14:50:00";"4";"0";"273";"3,8";"16777216";"1954546";"11,65";"0";"121";"166";"5";"6"
"18.11.2015 14:55:00";"4";"0";"229";"3,19";"16777216";"2179360";"12,99";"4";"91";"166";"2";"3"
"18.11.2015 15:00:00";"4";"0";"261";"3,63";"16777216";"1786773";"10,65";"0";"107";"166";"3";"4"
"18.11.2015 15:05:00";"4";"0";"288";"4,01";"16777216";"2749786";"16,39";"4";"130";"166";"4";"5"
"18.11.2015 15:10:00";"4";"0";"246";"3,43";"16777216";"1932735";"11,52";"0";"110";"166";"2";"4"
"18.11.2015 15:15:00";"4";"0";"242";"3,38";"16777216";"1843816";"10,99";"0";"118";"166";"2";"3"
"18.11.2015 15:20:00";"4";"0";"274";"3,82";"16777216";"2045143";"12,19";"0";"128";"166";"5";"6"
"18.11.2015 15:25:00";"4";"0";"374";"5,21";"16777216";"1877370";"11,19";"311";"139";"166";"2";"3"
"18.11.2015 15:30:00";"4";"0";"293";"4,08";"16777216";"2189427";"13,05";"0";"162";"166";"3";"4"
"18.11.2015 15:35:00";"4";"0";"274";"3,82";"16777216";"2380687";"14,19";"1";"161";"166";"5";"6"
"18.11.2015 15:40:00";"4";"0";"284";"3,96";"16777216";"1743153";"10,39";"0";"126";"166";"3";"5"
"18.11.2015 15:45:00";"4";"0";"346";"4,82";"16777216";"2390753";"14,25";"1";"194";"166";"27";"8"
"18.11.2015 15:50:00";"4";"0";"298";"4,15";"16777216";"2414241";"14,39";"0";"155";"166";"5";"6"
"18.11.2015 15:55:00";"4";"0";"233";"3,24";"16777216";"1810262";"10,79";"0";"124";"166";"2";"3"
"18.11.2015 16:00:00";"4";"0";"404";"5,62";"16777216";"2145806";"12,79";"1";"151";"166";"3";"4"
"18.11.2015 16:05:00";"4";"0";"285";"3,97";"16777216";"3308467";"19,72";"2";"175";"166";"4";"5"
"18.11.2015 16:10:00";"4";"0";"255";"3,56";"16777216";"2380687";"14,19";"0";"123";"166";"2";"4"
"18.11.2015 16:15:00";"4";"0";"265";"3,69";"16777216";"1978034";"11,79";"0";"141";"166";"2";"3"
"18.11.2015 16:20:00";"4";"0";"296";"4,13";"16777216";"2045143";"12,19";"0";"156";"166";"5";"6"
"18.11.2015 16:25:00";"4";"0";"232";"3,23";"16777216";"1843816";"10,99";"0";"115";"166";"2";"3"
"18.11.2015 16:30:00";"4";"0";"258";"3,6";"16777216";"1709598";"10,19";"0";"120";"166";"3";"4"
"18.11.2015 16:35:00";"4";"0";"304";"4,24";"16777216";"2112252";"12,59";"4";"161";"166";"5";"6"
"18.11.2015 16:40:00";"4";"0";"267";"3,72";"16777216";"1944479";"11,59";"1";"132";"166";"3";"4"
"18.11.2015 16:45:00";"4";"0";"339";"4,72";"16777216";"2179360";"12,99";"0";"186";"166";"26";"8"
"18.11.2015 16:50:00";"4";"0";"268";"3,74";"16777216";"1910925";"11,39";"1";"136";"166";"5";"6"
"18.11.2015 16:55:00";"4";"0";"231";"3,23";"16777216";"1743153";"10,39";"2";"97";"166";"2";"3"
"18.11.2015 17:00:00";"4";"0";"267";"3,73";"16777216";"1374054";"8,19";"1";"127";"166";"3";"4"
"18.11.2015 17:05:00";"4";"0";"466";"6,49";"16777216";"2939368";"17,52";"3";"1210";"166";"44";"376"
"18.11.2015 17:10:00";"4";"0";"266";"3,7";"16777216";"2280024";"13,59";"0";"126";"166";"2";"4"
"18.11.2015 17:15:00";"4";"0";"255";"3,55";"16777216";"1776707";"10,59";"0";"138";"166";"2";"3"
"18.11.2015 17:20:00";"4";"0";"284";"3,95";"16777216";"2514905";"14,99";"1";"138";"166";"5";"6"
"18.11.2015 17:25:00";"4";"0";"296";"4,13";"16777216";"2548459";"15,19";"2";"142";"166";"2";"3"
"18.11.2015 17:30:00";"4";"0";"284";"3,96";"16777216";"2045143";"12,19";"1";"155";"166";"3";"4"
"18.11.2015 17:35:00";"4";"0";"278";"3,88";"16777216";"2011588";"11,99";"0";"144";"166";"4";"5"
"18.11.2015 17:40:00";"4";"0";"348";"4,85";"16777216";"2357199";"14,05";"3";"112";"166";"2";"4"
"18.11.2015 17:45:00";"4";"0";"276";"3,84";"16777216";"3320211";"19,79";"1";"136";"166";"3";"4"
"18.11.2015 17:50:00";"4";"0";"281";"3,91";"16777216";"2290090";"13,65";"0";"143";"166";"6";"7"
"18.11.2015 17:55:00";"4";"0";"311";"4,34";"16777216";"2122318";"12,65";"0";"153";"166";"26";"7"
"18.11.2015 18:00:00";"4";"0";"324";"4,51";"16777216";"2246469";"13,39";"1";"136";"166";"3";"4"
"18.11.2015 18:05:00";"4";"0";"304";"4,23";"16777216";"2771596";"16,52";"3";"159";"166";"4";"5"
"18.11.2015 18:10:00";"4";"0";"269";"3,75";"16777216";"2201171";"13,12";"0";"121";"166";"2";"4"
"18.11.2015 18:15:00";"4";"0";"285";"3,97";"16777216";"1966290";"11,72";"6";"137";"166";"2";"3"
"18.11.2015 18:20:00";"4";"0";"283";"3,95";"16777216";"2189427";"13,05";"2";"150";"166";"5";"6"
"18.11.2015 18:25:00";"4";"0";"261";"3,64";"16777216";"1753219";"10,45";"0";"129";"166";"2";"3"
"18.11.2015 18:30:00";"4";"0";"265";"3,7";"16777216";"2055209";"12,25";"0";"136";"166";"3";"4"
"18.11.2015 18:35:00";"4";"0";"341";"4,75";"16777216";"1877370";"11,19";"0";"148";"166";"56";"57"
"18.11.2015 18:40:00";"4";"0";"333";"4,63";"16777216";"1686110";"10,05";"0";"114";"166";"60";"63"
"18.11.2015 18:45:00";"4";"0";"266";"3,71";"16777216";"2290090";"13,65";"0";"130";"166";"9";"11"
"18.11.2015 18:50:00";"4";"0";"298";"4,15";"16777216";"2145806";"12,79";"0";"191";"166";"48";"18"
"18.11.2015 18:55:00";"4";"0";"264";"3,68";"16777216";"2134062";"12,72";"0";"104";"166";"17";"21"
"18.11.2015 19:00:00";"4";"0";"316";"4,4";"16777216";"2167616";"12,92";"1";"149";"166";"18";"21"
"18.11.2015 19:05:00";"4";"0";"297";"4,14";"16777216";"2850449";"16,99";"2";"154";"166";"13";"15"
"18.11.2015 19:10:00";"4";"0";"280";"3,9";"16777216";"2558525";"15,25";"0";"131";"166";"21";"25"
"18.11.2015 19:15:00";"4";"0";"281";"3,92";"16777216";"1709598";"10,19";"6";"136";"166";"21";"24"
"18.11.2015 19:20:00";"4";"0";"305";"4,24";"16777216";"2055209";"12,25";"0";"144";"166";"27";"31"
"18.11.2015 19:25:00";"4";"0";"269";"3,74";"16777216";"1832072";"10,92";"0";"104";"166";"22";"25"
"18.11.2015 19:30:00";"4";"0";"303";"4,22";"16777216";"1910925";"11,39";"0";"126";"166";"32";"37"
"18.11.2015 19:35:00";"4";"0";"295";"4,11";"16777216";"2078697";"12,39";"1";"155";"166";"10";"11"
"18.11.2015 19:40:00";"4";"0";"252";"3,51";"16777216";"2280024";"13,59";"0";"133";"166";"6";"8"
"18.11.2015 19:45:00";"4";"0";"277";"3,86";"16777216";"2122318";"12,65";"0";"132";"166";"11";"13"
"18.11.2015 19:50:00";"4";"0";"390";"5,44";"16777216";"2256536";"13,45";"0";"192";"166";"50";"33"
"18.11.2015 19:55:00";"4";"0";"277";"3,86";"16777216";"2313578";"13,79";"0";"122";"166";"26";"30"
"18.11.2015 20:00:00";"4";"0";"830";"11,56";"16777216";"3722864";"22,19";"5448";"413";"166";"10";"12"
"18.11.2015 20:05:00";"4";"0";"878";"12,23";"16777216";"6048186";"36,05";"88736";"1199";"166";"56";"6721"
"18.11.2015 20:10:00";"4";"0";"368";"5,13";"16777216";"5971011";"35,59";"2772";"244";"166";"47";"73"
"18.11.2015 20:15:00";"4";"0";"280";"3,9";"16777216";"3800039";"22,65";"52";"144";"166";"9";"10"
"18.11.2015 20:20:00";"4";"0";"409";"5,69";"16777216";"2491417";"14,85";"1142";"210";"166";"30";"11"
"18.11.2015 20:25:00";"4";"0";"240";"3,35";"16777216";"2402497";"14,32";"4";"129";"166";"2";"3"
"18.11.2015 20:30:00";"4";"0";"271";"3,77";"16777216";"1877370";"11,19";"10";"127";"166";"3";"4"
"18.11.2015 20:35:00";"4";"0";"281";"3,92";"16777216";"1832072";"10,92";"8";"156";"166";"5";"6"
"18.11.2015 20:40:00";"4";"0";"317";"4,42";"16777216";"1810262";"10,79";"16";"124";"166";"3";"5"
"18.11.2015 20:45:00";"4";"0";"332";"4,63";"16777216";"1709598";"10,19";"6";"178";"166";"27";"8"
"18.11.2015 20:50:00";"4";"0";"286";"3,99";"16777216";"1865626";"11,12";"5";"134";"166";"5";"6"
"18.11.2015 20:55:00";"4";"0";"237";"3,3";"16777216";"1719665";"10,25";"4";"101";"166";"2";"3"
"18.11.2015 21:00:00";"4";"0";"260";"3,62";"16777216";"2134062";"12,72";"4";"122";"166";"3";"4"
"18.11.2015 21:05:00";"4";"0";"377";"5,25";"16777216";"3040032";"18,12";"44";"457";"166";"43";"110"
"18.11.2015 21:10:00";"4";"0";"239";"3,34";"16777216";"2280024";"13,59";"0";"113";"166";"3";"4"
"18.11.2015 21:15:00";"4";"0";"249";"3,47";"16777216";"1753219";"10,45";"0";"125";"166";"2";"4"
"18.11.2015 21:20:00";"4";"0";"279";"3,89";"16777216";"1697854";"10,12";"0";"137";"166";"5";"5"
"18.11.2015 21:25:00";"4";"0";"246";"3,43";"16777216";"1743153";"10,39";"0";"105";"166";"2";"3"
"18.11.2015 21:30:00";"4";"0";"256";"3,57";"16777216";"1764963";"10,52";"0";"127";"166";"3";"4"
"18.11.2015 21:35:00";"4";"0";"277";"3,87";"16777216";"2078697";"12,39";"1";"149";"166";"5";"6"
"18.11.2015 21:40:00";"4";"0";"259";"3,6";"16777216";"1877370";"11,19";"0";"110";"166";"3";"5"
"18.11.2015 21:45:00";"4";"0";"329";"4,59";"16777216";"2112252";"12,59";"0";"174";"166";"26";"7"
"18.11.2015 21:50:00";"4";"0";"267";"3,72";"16777216";"1978034";"11,79";"0";"134";"166";"5";"5"
"18.11.2015 21:55:00";"4";"0";"233";"3,25";"16777216";"1608935";"9,59";"0";"98";"166";"2";"3"
"18.11.2015 22:00:00";"4";"0";"331";"4,61";"16777216";"1843816";"10,99";"20";"139";"166";"3";"4"
"18.11.2015 22:05:00";"4";"0";"918";"12,79";"16777216";"4360398";"25,99";"2609";"381";"166";"4";"5"
"18.11.2015 22:10:00";"4";"0";"267";"3,73";"16777216";"3018221";"17,99";"4";"309";"166";"3";"4"
"18.11.2015 22:15:00";"4";"0";"266";"3,71";"16777216";"2078697";"12,39";"1";"134";"166";"2";"3"
"18.11.2015 22:20:00";"4";"0";"356";"4,96";"16777216";"2481350";"14,79";"5";"165";"166";"5";"6"
"18.11.2015 22:25:00";"4";"0";"253";"3,53";"16777216";"2447796";"14,59";"0";"141";"166";"2";"3"
"18.11.2015 22:30:00";"4";"0";"288";"4,01";"16777216";"2414241";"14,39";"0";"141";"166";"3";"4"
"18.11.2015 22:35:00";"4";"0";"365";"5,08";"16777216";"2112252";"12,59";"207";"582";"166";"4";"5"
"18.11.2015 22:40:00";"4";"0";"269";"3,75";"16777216";"2649122";"15,79";"7";"517";"166";"3";"4"
"18.11.2015 22:45:00";"4";"0";"269";"3,75";"16777216";"2548459";"15,19";"10";"131";"166";"2";"3"
"18.11.2015 22:50:00";"4";"0";"288";"4,02";"16777216";"2155872";"12,85";"10";"138";"166";"5";"5"
"18.11.2015 22:55:00";"4";"0";"253";"3,53";"16777216";"1810262";"10,79";"7";"107";"166";"2";"3"
"18.11.2015 23:00:00";"4";"0";"278";"3,88";"16777216";"1686110";"10,05";"10";"128";"166";"3";"4"
"18.11.2015 23:05:00";"4";"0";"317";"4,42";"16777216";"3174249";"18,92";"19";"158";"166";"4";"5"
"18.11.2015 23:10:00";"4";"0";"248";"3,46";"16777216";"2536715";"15,12";"23";"119";"166";"3";"4"
"18.11.2015 23:15:00";"4";"0";"277";"3,86";"16777216";"1820328";"10,85";"22";"132";"166";"2";"4"
"18.11.2015 23:20:00";"4";"0";"286";"3,98";"16777216";"2021655";"12,05";"9";"145";"166";"5";"6"
"18.11.2015 23:25:00";"4";"0";"250";"3,49";"16777216";"1843816";"10,99";"10";"110";"166";"2";"3"
"18.11.2015 23:30:00";"4";"0";"289";"4,02";"16777216";"1988100";"11,85";"11";"137";"166";"3";"4"
"18.11.2015 23:35:00";"4";"0";"287";"4";"16777216";"1978034";"11,79";"8";"159";"166";"5";"6"
"18.11.2015 23:40:00";"4";"0";"312";"4,34";"16777216";"2021655";"12,05";"8";"119";"166";"3";"4"
"18.11.2015 23:45:00";"4";"0";"352";"4,9";"16777216";"2055209";"12,25";"13";"185";"166";"27";"8"
"18.11.2015 23:50:00";"4";"0";"281";"3,92";"16777216";"2323644";"13,85";"9";"147";"166";"5";"6"
"18.11.2015 23:55:00";"4";"0";"240";"3,35";"16777216";"2078697";"12,39";"9";"114";"166";"2";"3"
"19.11.2015 00:00:00";"4";"0";"467";"6,51";"16777216";"2615568";"15,59";"457";"635";"166";"3";"4"
"19.11.2015 00:05:00";"4";"0";"458";"6,38";"16777216";"3633945";"21,66";"33";"743";"166";"59";"7"
"19.11.2015 00:10:00";"4";"0";"583";"8,12";"16777216";"3162505";"18,85";"90";"2465";"166";"56";"6"
"19.11.2015 00:15:00";"4";"0";"783";"10,9";"16777216";"3430941";"20,45";"814";"552";"166";"59";"5"
"19.11.2015 00:20:00";"4";"0";"319";"4,44";"16777216";"2917558";"17,39";"15";"205";"166";"72";"8"
"19.11.2015 00:25:00";"4";"0";"1550";"21,59";"16777216";"3800039";"22,65";"320";"10640";"166";"19";"4"
"19.11.2015 00:30:00";"4";"0";"314";"4,38";"16777216";"5422396";"32,32";"42";"1112";"166";"98";"7"
"19.11.2015 00:35:00";"4";"0";"1739";"24,22";"16777216";"4102029";"24,45";"3384";"4148";"166";"72";"1668"
"19.11.2015 00:40:00";"4";"0";"401";"5,58";"16777216";"6596801";"39,32";"1087";"665";"166";"21";"757"
"19.11.2015 00:45:00";"4";"0";"266";"3,71";"16777216";"3286657";"19,59";"15";"91";"166";"2";"4"
"19.11.2015 00:50:00";"4";"0";"298";"4,15";"16777216";"2155872";"12,85";"1185";"94";"166";"5";"6"
"19.11.2015 00:55:00";"4";"0";"247";"3,44";"16777216";"2212915";"13,19";"6";"93";"166";"2";"3"
"19.11.2015 01:00:00";"4";"0";"280";"3,9";"16777216";"1920991";"11,45";"10";"88";"166";"3";"4"
"19.11.2015 01:05:00";"4";"0";"1361";"18,95";"16777216";"3655756";"21,79";"8345";"1160";"166";"31";"2630"
"19.11.2015 01:10:00";"4";"0";"316";"4,4";"16777216";"3946001";"23,52";"37";"222";"166";"40";"38"
"19.11.2015 01:15:00";"4";"0";"258";"3,6";"16777216";"2290090";"13,65";"9";"84";"166";"2";"3"
"19.11.2015 01:20:00";"4";"0";"297";"4,14";"16777216";"1608935";"9,59";"1137";"92";"166";"5";"5"
"19.11.2015 01:25:00";"4";"0";"259";"3,61";"16777216";"2033399";"12,12";"7";"79";"166";"2";"3"
"19.11.2015 01:30:00";"4";"0";"280";"3,9";"16777216";"1731409";"10,32";"7";"86";"166";"3";"4"
"19.11.2015 01:35:00";"4";"0";"290";"4,04";"16777216";"2256536";"13,45";"18";"93";"166";"4";"5"
"19.11.2015 01:40:00";"4";"0";"269";"3,75";"16777216";"1686110";"10,05";"8";"96";"166";"3";"4"
"19.11.2015 01:45:00";"4";"0";"279";"3,89";"16777216";"1910925";"11,39";"21";"93";"166";"3";"4"
"19.11.2015 01:50:00";"4";"0";"301";"4,2";"16777216";"2268280";"13,52";"7";"100";"166";"5";"6"
"19.11.2015 01:55:00";"4";"0";"258";"3,59";"16777216";"2268280";"13,52";"7";"79";"166";"2";"3"
"19.11.2015 02:00:00";"4";"0";"435";"6,06";"16777216";"2155872";"12,85";"40";"157";"166";"27";"8"
"19.11.2015 02:05:00";"4";"0";"331";"4,61";"16777216";"3320211";"19,79";"70";"118";"166";"4";"5"
"19.11.2015 02:10:00";"4";"0";"250";"3,48";"16777216";"2078697";"12,39";"8";"112";"166";"2";"4"
"19.11.2015 02:15:00";"4";"0";"280";"3,91";"16777216";"1899181";"11,32";"10";"96";"166";"2";"4"
"19.11.2015 02:20:00";"4";"0";"282";"3,94";"16777216";"2155872";"12,85";"8";"102";"166";"5";"6"
"19.11.2015 02:25:00";"4";"0";"241";"3,37";"16777216";"2268280";"13,52";"11";"81";"166";"2";"3"
"19.11.2015 02:30:00";"4";"0";"264";"3,67";"16777216";"1798518";"10,72";"5";"85";"166";"3";"4"
"19.11.2015 02:35:00";"4";"0";"299";"4,16";"16777216";"2045143";"12,19";"8";"97";"166";"5";"6"
"19.11.2015 02:40:00";"4";"0";"320";"4,45";"16777216";"2021655";"12,05";"33";"99";"166";"4";"5"
"19.11.2015 02:45:00";"4";"0";"250";"3,48";"16777216";"1966290";"11,72";"7";"89";"166";"3";"4"
"19.11.2015 02:50:00";"4";"0";"271";"3,77";"16777216";"2078697";"12,39";"3";"93";"166";"5";"6"
"19.11.2015 02:55:00";"4";"0";"228";"3,18";"16777216";"2066953";"12,32";"1";"83";"166";"2";"3"
"19.11.2015 03:00:00";"4";"0";"255";"3,55";"16777216";"1686110";"10,05";"12";"91";"166";"3";"4"
"19.11.2015 03:05:00";"4";"0";"613";"8,54";"16777216";"3363832";"20,05";"672";"361";"166";"4";"5"
"19.11.2015 03:10:00";"4";"0";"241";"3,36";"16777216";"2749786";"16,39";"8";"268";"166";"2";"4"
"19.11.2015 03:15:00";"4";"0";"247";"3,44";"16777216";"2045143";"12,19";"8";"90";"166";"2";"3"
"19.11.2015 03:20:00";"4";"0";"285";"3,97";"16777216";"1999844";"11,92";"12";"101";"166";"5";"6"
"19.11.2015 03:25:00";"4";"0";"235";"3,27";"16777216";"2145806";"12,79";"7";"86";"166";"2";"3"
"19.11.2015 03:30:00";"4";"0";"256";"3,57";"16777216";"1619001";"9,65";"8";"87";"166";"3";"4"
"19.11.2015 03:35:00";"4";"0";"274";"3,82";"16777216";"1776707";"10,59";"10";"106";"166";"5";"6"
"19.11.2015 03:40:00";"4";"0";"252";"3,51";"16777216";"1832072";"10,92";"7";"93";"166";"3";"4"
"19.11.2015 03:45:00";"4";"0";"306";"4,26";"16777216";"2078697";"12,39";"14";"106";"166";"3";"4"
"19.11.2015 03:50:00";"4";"0";"381";"5,31";"16777216";"2414241";"14,39";"180";"209";"166";"29";"10"
"19.11.2015 03:55:00";"4";"0";"233";"3,25";"16777216";"2045143";"12,19";"7";"84";"166";"2";"3"
"19.11.2015 04:00:00";"4";"0";"352";"4,91";"16777216";"1978034";"11,79";"417";"182";"166";"3";"4"
"19.11.2015 04:05:00";"4";"0";"364";"5,08";"16777216";"3464495";"20,65";"176";"213";"166";"4";"5"
"19.11.2015 04:10:00";"4";"0";"246";"3,43";"16777216";"2481350";"14,79";"27";"168";"166";"2";"4"
"19.11.2015 04:15:00";"4";"0";"288";"4,02";"16777216";"2424308";"14,45";"20";"104";"166";"3";"3"
"19.11.2015 04:20:00";"4";"0";"279";"3,89";"16777216";"2716231";"16,19";"22";"121";"166";"5";"6"
"19.11.2015 04:25:00";"4";"0";"295";"4,11";"16777216";"2246469";"13,39";"30";"113";"166";"2";"3"
"19.11.2015 04:30:00";"4";"0";"258";"3,6";"16777216";"2280024";"13,59";"9";"112";"166";"3";"4"
"19.11.2015 04:35:00";"4";"0";"364";"5,07";"16777216";"1978034";"11,79";"7";"155";"166";"29";"15"
"19.11.2015 04:40:00";"4";"0";"268";"3,73";"16777216";"2179360";"12,99";"9";"113";"166";"3";"4"
"19.11.2015 04:45:00";"4";"0";"335";"4,67";"16777216";"1810262";"10,79";"9";"149";"166";"25";"7"
"19.11.2015 04:50:00";"4";"0";"276";"3,85";"16777216";"2045143";"12,19";"8";"109";"166";"5";"6"
"19.11.2015 04:55:00";"4";"0";"241";"3,36";"16777216";"2045143";"12,19";"9";"86";"166";"2";"3"
"19.11.2015 05:00:00";"4";"0";"258";"3,6";"16777216";"1776707";"10,59";"8";"101";"166";"4";"5"
"19.11.2015 05:05:00";"4";"0";"475";"6,61";"16777216";"3241358";"19,32";"23";"1318";"166";"45";"425"
"19.11.2015 05:10:00";"4";"0";"252";"3,51";"16777216";"2615568";"15,59";"8";"102";"166";"7";"9"
"19.11.2015 05:15:00";"4";"0";"282";"3,92";"16777216";"1944479";"11,59";"8";"102";"166";"21";"23"
"19.11.2015 05:20:00";"4";"0";"291";"4,05";"16777216";"1999844";"11,92";"7";"100";"166";"18";"19"
"19.11.2015 05:25:00";"4";"0";"254";"3,53";"16777216";"2100508";"12,52";"5";"84";"166";"5";"7"
"19.11.2015 05:30:00";"4";"0";"267";"3,72";"16777216";"1999844";"11,92";"7";"96";"166";"10";"10"
"19.11.2015 05:35:00";"4";"0";"304";"4,24";"16777216";"2122318";"12,65";"9";"124";"166";"11";"12"
"19.11.2015 05:40:00";"4";"0";"335";"4,67";"16777216";"2045143";"12,19";"8";"128";"166";"10";"10"
"19.11.2015 05:45:00";"4";"0";"365";"5,09";"16777216";"2234725";"13,32";"3";"167";"166";"40";"21"
"19.11.2015 05:50:00";"4";"0";"274";"3,81";"16777216";"2155872";"12,85";"0";"104";"166";"8";"9"
"19.11.2015 05:55:00";"4";"0";"247";"3,45";"16777216";"2155872";"12,85";"0";"91";"166";"5";"6"
"19.11.2015 06:00:00";"4";"0";"399";"5,56";"16777216";"2134062";"12,72";"61";"146";"166";"42";"42"
"19.11.2015 06:05:00";"4";"0";"701";"9,76";"16777216";"3677566";"21,92";"73362";"388";"166";"42";"5197"
"19.11.2015 06:10:00";"4";"0";"384";"5,35";"16777216";"5467695";"32,59";"17175";"153";"166";"55";"175"
"19.11.2015 06:15:00";"4";"0";"271";"3,77";"16777216";"2927624";"17,45";"5";"113";"166";"18";"20"
"19.11.2015 06:20:00";"4";"0";"278";"3,87";"16777216";"2469606";"14,72";"33";"99";"166";"9";"10"
"19.11.2015 06:25:00";"4";"0";"247";"3,44";"16777216";"2424308";"14,45";"1";"91";"166";"11";"13"
"19.11.2015 06:30:00";"4";"0";"260";"3,62";"16777216";"1753219";"10,45";"2";"97";"166";"7";"9"
"19.11.2015 06:35:00";"4";"0";"426";"5,94";"16777216";"2894070";"17,25";"24";"174";"166";"34";"15"
"19.11.2015 06:40:00";"4";"0";"283";"3,95";"16777216";"2290090";"13,65";"0";"106";"166";"4";"5"
"19.11.2015 06:45:00";"4";"0";"276";"3,84";"16777216";"2301834";"13,72";"6";"121";"166";"6";"5"
"19.11.2015 06:50:00";"4";"0";"334";"4,65";"16777216";"2100508";"12,52";"0";"148";"166";"25";"9"
"19.11.2015 06:55:00";"4";"0";"233";"3,25";"16777216";"2301834";"13,72";"0";"83";"166";"2";"3"
"19.11.2015 07:00:00";"4";"0";"257";"3,58";"16777216";"1843816";"10,99";"0";"95";"166";"3";"4"
"19.11.2015 07:05:00";"4";"0";"273";"3,81";"16777216";"2112252";"12,59";"7";"108";"166";"4";"5"
"19.11.2015 07:10:00";"4";"0";"243";"3,39";"16777216";"2078697";"12,39";"0";"96";"166";"2";"4"
"19.11.2015 07:15:00";"4";"0";"249";"3,47";"16777216";"1877370";"11,19";"0";"102";"166";"2";"3"
"19.11.2015 07:20:00";"4";"0";"278";"3,87";"16777216";"1920991";"11,45";"0";"107";"166";"5";"6"
"19.11.2015 07:25:00";"4";"0";"234";"3,26";"16777216";"2481350";"14,79";"0";"90";"166";"2";"3"
"19.11.2015 07:30:00";"4";"0";"262";"3,65";"16777216";"2212915";"13,19";"6";"101";"166";"3";"4"
"19.11.2015 07:35:00";"4";"0";"284";"3,96";"16777216";"1820328";"10,85";"5";"126";"166";"5";"6"
"19.11.2015 07:40:00";"4";"0";"259";"3,61";"16777216";"2212915";"13,19";"0";"115";"166";"3";"4"
"19.11.2015 07:45:00";"4";"0";"327";"4,56";"16777216";"1944479";"11,59";"0";"146";"166";"27";"8"
"19.11.2015 07:50:00";"4";"0";"268";"3,74";"16777216";"1786773";"10,65";"3";"101";"166";"5";"5"
"19.11.2015 07:55:00";"4";"0";"229";"3,19";"16777216";"1910925";"11,39";"8";"86";"166";"2";"3"
"19.11.2015 08:00:00";"4";"0";"341";"4,75";"16777216";"1810262";"10,79";"11";"121";"166";"3";"4"
"19.11.2015 08:05:00";"4";"0";"280";"3,91";"16777216";"3018221";"17,99";"7";"133";"166";"4";"5"
"19.11.2015 08:10:00";"4";"0";"256";"3,57";"16777216";"2246469";"13,39";"13";"110";"166";"2";"4"
"19.11.2015 08:15:00";"4";"0";"269";"3,76";"16777216";"2246469";"13,39";"12";"116";"166";"2";"3"
"19.11.2015 08:20:00";"4";"0";"284";"3,96";"16777216";"2011588";"11,99";"8";"113";"166";"4";"6"
"19.11.2015 08:25:00";"4";"0";"250";"3,49";"16777216";"2045143";"12,19";"9";"99";"166";"2";"3"
"19.11.2015 08:30:00";"4";"0";"254";"3,54";"16777216";"1877370";"11,19";"0";"111";"166";"3";"4"
"19.11.2015 08:35:00";"4";"0";"273";"3,8";"16777216";"1910925";"11,39";"1";"117";"166";"5";"6"
"19.11.2015 08:40:00";"4";"0";"313";"4,36";"16777216";"2045143";"12,19";"16";"103";"166";"3";"4"
"19.11.2015 08:45:00";"4";"0";"335";"4,67";"16777216";"1944479";"11,59";"8";"157";"166";"27";"8"
"19.11.2015 08:50:00";"4";"0";"274";"3,83";"16777216";"2749786";"16,39";"0";"110";"166";"4";"6"
"19.11.2015 08:55:00";"4";"0";"231";"3,22";"16777216";"1877370";"11,19";"0";"87";"166";"2";"3"
"19.11.2015 09:00:00";"4";"0";"258";"3,6";"16777216";"2112252";"12,59";"0";"101";"166";"3";"4"
"19.11.2015 09:05:00";"4";"0";"433";"6,03";"16777216";"2984667";"17,79";"14";"817";"166";"44";"246"
"19.11.2015 09:10:00";"4";"0";"245";"3,41";"16777216";"2749786";"16,39";"0";"111";"166";"2";"4"
"19.11.2015 09:15:00";"4";"0";"249";"3,48";"16777216";"2189427";"13,05";"0";"107";"166";"2";"3"
"19.11.2015 09:20:00";"4";"0";"281";"3,91";"16777216";"2145806";"12,79";"1";"122";"166";"4";"6"
"19.11.2015 09:25:00";"4";"0";"243";"3,39";"16777216";"2424308";"14,45";"0";"94";"166";"2";"3"
"19.11.2015 09:30:00";"4";"0";"259";"3,61";"16777216";"1932735";"11,52";"2";"106";"166";"3";"4"
"19.11.2015 09:35:00";"4";"0";"293";"4,08";"16777216";"2122318";"12,65";"3";"136";"166";"5";"6"
"19.11.2015 09:40:00";"4";"0";"257";"3,58";"16777216";"1954546";"11,65";"1";"110";"166";"3";"4"
"19.11.2015 09:45:00";"4";"0";"339";"4,72";"16777216";"1798518";"10,72";"3";"160";"166";"27";"8"
"19.11.2015 09:50:00";"4";"0";"291";"4,06";"16777216";"2301834";"13,72";"0";"136";"166";"5";"6"
"19.11.2015 09:55:00";"4";"0";"238";"3,31";"16777216";"2055209";"12,25";"2";"97";"166";"2";"3"
"19.11.2015 10:00:00";"4";"0";"412";"5,75";"16777216";"2122318";"12,65";"48";"139";"166";"3";"4"
"19.11.2015 10:05:00";"4";"0";"287";"3,99";"16777216";"3320211";"19,79";"10";"152";"166";"4";"5"
"19.11.2015 10:10:00";"4";"0";"242";"3,37";"16777216";"2256536";"13,45";"9";"105";"166";"2";"4"
"19.11.2015 10:15:00";"4";"0";"260";"3,62";"16777216";"2100508";"12,52";"24";"114";"166";"2";"3"
"19.11.2015 10:20:00";"4";"0";"522";"7,27";"16777216";"2783340";"16,59";"23";"116";"166";"5";"6"
"19.11.2015 10:25:00";"4";"0";"233";"3,25";"16777216";"2134062";"12,72";"7";"95";"166";"2";"3"
"19.11.2015 10:30:00";"4";"0";"280";"3,91";"16777216";"2145806";"12,79";"24";"105";"166";"3";"4"
"19.11.2015 10:35:00";"4";"0";"259";"3,61";"16777216";"1978034";"11,79";"9";"115";"166";"4";"5"
"19.11.2015 10:40:00";"4";"0";"242";"3,38";"16777216";"1709598";"10,19";"7";"86";"166";"2";"4"
"19.11.2015 10:45:00";"4";"0";"257";"3,58";"16777216";"2179360";"12,99";"11";"106";"166";"2";"3"
"19.11.2015 10:50:00";"4";"0";"263";"3,67";"16777216";"2078697";"12,39";"7";"113";"166";"5";"5"
"19.11.2015 10:55:00";"4";"0";"232";"3,23";"16777216";"2280024";"13,59";"7";"90";"166";"2";"3"
"19.11.2015 11:00:00";"4";"0";"283";"3,95";"16777216";"1843816";"10,99";"14";"126";"166";"3";"4"
"19.11.2015 11:05:00";"4";"0";"297";"4,14";"16777216";"3018221";"17,99";"13";"143";"166";"4";"5"
"19.11.2015 11:10:00";"4";"0";"265";"3,69";"16777216";"2179360";"12,99";"13";"134";"166";"2";"4"
"19.11.2015 11:15:00";"4";"0";"287";"4";"16777216";"1910925";"11,39";"16";"148";"166";"2";"3"
"19.11.2015 11:20:00";"4";"0";"285";"3,97";"16777216";"2313578";"13,79";"31";"135";"166";"5";"6"
"19.11.2015 11:25:00";"4";"0";"227";"3,16";"16777216";"2716231";"16,19";"7";"92";"166";"2";"3"
"19.11.2015 11:30:00";"4";"0";"252";"3,52";"16777216";"2100508";"12,52";"8";"99";"166";"3";"4"
"19.11.2015 11:35:00";"4";"0";"271";"3,78";"16777216";"1786773";"10,65";"11";"122";"166";"4";"5"
"19.11.2015 11:40:00";"4";"0";"310";"4,32";"16777216";"1608935";"9,59";"16";"114";"166";"3";"4"
"19.11.2015 11:45:00";"4";"0";"280";"3,91";"16777216";"2134062";"12,72";"11";"128";"166";"3";"4"
"19.11.2015 11:50:00";"4";"0";"270";"3,76";"16777216";"2066953";"12,32";"8";"117";"166";"5";"6"
"19.11.2015 11:55:00";"4";"0";"480";"6,69";"16777216";"2189427";"13,05";"33";"225";"166";"26";"7"
"19.11.2015 12:00:00";"4";"0";"469";"6,54";"16777216";"3263169";"19,45";"435";"581";"166";"3";"4"
"19.11.2015 12:05:00";"4";"0";"1327";"18,48";"16777216";"4751308";"28,32";"58";"3253";"166";"4";"5"
"19.11.2015 12:10:00";"4";"0";"259";"3,61";"16777216";"3555092";"21,19";"10";"1165";"166";"2";"4"
"19.11.2015 12:15:00";"4";"0";"283";"3,94";"16777216";"2201171";"13,12";"14";"142";"166";"2";"4"
"19.11.2015 12:20:00";"4";"0";"309";"4,3";"16777216";"2066953";"12,32";"13";"155";"166";"5";"6"
"19.11.2015 12:25:00";"4";"0";"277";"3,86";"16777216";"1978034";"11,79";"12";"129";"166";"2";"3"
"19.11.2015 12:30:00";"4";"0";"267";"3,71";"16777216";"2122318";"12,65";"9";"121";"166";"3";"4"
"19.11.2015 12:35:00";"4";"0";"300";"4,18";"16777216";"2290090";"13,65";"12";"142";"166";"5";"6"
"19.11.2015 12:40:00";"4";"0";"282";"3,93";"16777216";"2256536";"13,45";"11";"116";"166";"3";"4"
"19.11.2015 12:45:00";"4";"0";"333";"4,64";"16777216";"2256536";"13,45";"9";"162";"166";"26";"7"
"19.11.2015 12:50:00";"4";"0";"281";"3,92";"16777216";"2189427";"13,05";"12";"112";"166";"5";"6"
"19.11.2015 12:55:00";"4";"0";"239";"3,33";"16777216";"1932735";"11,52";"9";"101";"166";"2";"3"
"19.11.2015 13:00:00";"4";"0";"257";"3,59";"16777216";"1676044";"9,99";"8";"104";"166";"3";"4"
"19.11.2015 13:05:00";"4";"0";"598";"8,33";"16777216";"3934257";"23,45";"40";"537";"166";"45";"682"
"19.11.2015 13:10:00";"4";"0";"252";"3,51";"16777216";"3018221";"17,99";"1";"110";"166";"3";"4"
"19.11.2015 13:15:00";"4";"0";"265";"3,69";"16777216";"1978034";"11,79";"1";"117";"166";"2";"3"
"19.11.2015 13:20:00";"4";"0";"286";"3,99";"16777216";"1786773";"10,65";"7";"124";"166";"5";"6"
"19.11.2015 13:25:00";"4";"0";"246";"3,43";"16777216";"1954546";"11,65";"0";"98";"166";"2";"3"
"19.11.2015 13:30:00";"4";"0";"317";"4,42";"16777216";"1853882";"11,05";"0";"136";"166";"3";"4"
"19.11.2015 13:35:00";"4";"0";"283";"3,94";"16777216";"1966290";"11,72";"4";"151";"166";"5";"6"
"19.11.2015 13:40:00";"4";"0";"263";"3,67";"16777216";"1731409";"10,32";"0";"117";"166";"3";"4"
"19.11.2015 13:45:00";"4";"0";"257";"3,59";"16777216";"1731409";"10,32";"0";"116";"166";"3";"4"
"19.11.2015 13:50:00";"4";"0";"417";"5,81";"16777216";"2189427";"13,05";"73";"169";"166";"29";"13"
"19.11.2015 13:55:00";"4";"0";"466";"6,49";"16777216";"2347132";"13,99";"831";"138";"166";"7";"811"
"19.11.2015 14:00:00";"4";"0";"475";"6,61";"16777216";"2726298";"16,25";"5";"253";"166";"3";"4"
"19.11.2015 14:05:00";"4";"0";"289";"4,03";"16777216";"3487983";"20,79";"8";"181";"166";"4";"5"
"19.11.2015 14:10:00";"4";"0";"257";"3,58";"16777216";"2323644";"13,85";"0";"116";"166";"2";"4"
"19.11.2015 14:15:00";"4";"0";"253";"3,53";"16777216";"2045143";"12,19";"0";"119";"166";"2";"3"
"19.11.2015 14:20:00";"4";"0";"301";"4,19";"16777216";"2055209";"12,25";"1";"134";"166";"5";"6"
"19.11.2015 14:25:00";"4";"0";"289";"4,02";"16777216";"2357199";"14,05";"1";"146";"166";"2";"3"
"19.11.2015 14:30:00";"4";"0";"535";"7,46";"16777216";"2112252";"12,59";"239";"208";"166";"4";"5"
"19.11.2015 14:35:00";"4";"0";"283";"3,94";"16777216";"2637378";"15,72";"1";"215";"166";"5";"6"
"19.11.2015 14:40:00";"4";"0";"307";"4,28";"16777216";"1954546";"11,65";"5";"102";"166";"3";"4"
"19.11.2015 14:45:00";"4";"0";"288";"4,02";"16777216";"2457862";"14,65";"3";"127";"166";"3";"4"
"19.11.2015 14:50:00";"4";"0";"345";"4,8";"16777216";"2212915";"13,19";"0";"176";"166";"28";"10"
"19.11.2015 14:55:00";"4";"0";"228";"3,18";"16777216";"2122318";"12,65";"0";"90";"166";"2";"3"
"19.11.2015 15:00:00";"4";"0";"292";"4,06";"16777216";"2033399";"12,12";"9";"106";"166";"3";"5"
"19.11.2015 15:05:00";"4";"0";"390";"5,44";"16777216";"2850449";"16,99";"61";"135";"166";"5";"7"
"19.11.2015 15:10:00";"4";"0";"2630";"36,46";"16777216";"3073586";"18,32";"343";"367";"166";"7";"46"
"19.11.2015 15:15:00";"4";"0";"327";"4,56";"16777216";"3028287";"18,05";"21";"305";"166";"4";"4"
"19.11.2015 15:20:00";"4";"0";"275";"3,84";"16777216";"2323644";"13,85";"0";"133";"166";"5";"6"
"19.11.2015 15:25:00";"4";"0";"380";"5,29";"16777216";"2335388";"13,92";"316";"118";"166";"2";"3"
"19.11.2015 15:30:00";"4";"0";"302";"4,21";"16777216";"2167616";"12,92";"5";"144";"166";"3";"4"
"19.11.2015 15:35:00";"4";"0";"279";"3,88";"16777216";"2201171";"13,12";"4";"144";"166";"5";"6"
"19.11.2015 15:40:00";"4";"0";"398";"5,54";"16777216";"2055209";"12,25";"14";"136";"166";"5";"26"
"19.11.2015 15:45:00";"4";"0";"1454";"20,25";"16777216";"3219548";"19,19";"55";"345";"166";"29";"10"
"19.11.2015 15:50:00";"4";"0";"296";"4,13";"16777216";"2447796";"14,59";"11";"248";"166";"5";"6"
"19.11.2015 15:55:00";"4";"0";"241";"3,36";"16777216";"2481350";"14,79";"8";"127";"166";"2";"3"
"19.11.2015 16:00:00";"4";"0";"418";"5,82";"16777216";"2189427";"13,05";"33";"174";"166";"3";"4"
"19.11.2015 16:05:00";"4";"0";"296";"4,12";"16777216";"2514905";"14,99";"30";"188";"166";"4";"5"
"19.11.2015 16:10:00";"4";"0";"254";"3,54";"16777216";"2246469";"13,39";"9";"125";"166";"3";"4"
"19.11.2015 16:15:00";"4";"0";"274";"3,82";"16777216";"2145806";"12,79";"12";"145";"166";"2";"3"
"19.11.2015 16:20:00";"4";"0";"300";"4,18";"16777216";"2078697";"12,39";"19";"163";"166";"5";"6"
"19.11.2015 16:25:00";"4";"0";"246";"3,43";"16777216";"1978034";"11,79";"8";"114";"166";"2";"3"
"19.11.2015 16:30:00";"4";"0";"258";"3,6";"16777216";"1743153";"10,39";"9";"124";"166";"3";"4"
"19.11.2015 16:35:00";"4";"0";"298";"4,16";"16777216";"2122318";"12,65";"11";"154";"166";"5";"6"
"19.11.2015 16:40:00";"4";"0";"264";"3,68";"16777216";"2134062";"12,72";"8";"130";"166";"3";"5"
"19.11.2015 16:45:00";"4";"0";"271";"3,77";"16777216";"2189427";"13,05";"10";"135";"166";"3";"4"
"19.11.2015 16:50:00";"4";"0";"270";"3,77";"16777216";"2301834";"13,72";"7";"132";"166";"5";"6"
"19.11.2015 16:55:00";"4";"0";"313";"4,37";"16777216";"2021655";"12,05";"9";"150";"166";"28";"7"
"19.11.2015 17:00:00";"4";"0";"327";"4,55";"16777216";"2088763";"12,45";"13";"145";"166";"3";"4"
"19.11.2015 17:05:00";"4";"0";"516";"7,2";"16777216";"4192626";"24,99";"187";"1627";"166";"45";"497"
"19.11.2015 17:10:00";"4";"0";"274";"3,82";"16777216";"3397386";"20,25";"13";"134";"166";"3";"4"
"19.11.2015 17:15:00";"4";"0";"254";"3,54";"16777216";"2491417";"14,85";"9";"138";"166";"2";"4"
"19.11.2015 17:20:00";"4";"0";"292";"4,06";"16777216";"2256536";"13,45";"16";"139";"166";"5";"6"
"19.11.2015 17:25:00";"4";"0";"298";"4,15";"16777216";"2122318";"12,65";"20";"144";"166";"2";"3"
"19.11.2015 17:30:00";"4";"0";"283";"3,94";"16777216";"2246469";"13,39";"11";"168";"166";"3";"4"
"19.11.2015 17:35:00";"4";"0";"274";"3,82";"16777216";"2167616";"12,92";"9";"138";"166";"4";"5"
"19.11.2015 17:40:00";"4";"0";"306";"4,26";"16777216";"1686110";"10,05";"11";"111";"166";"3";"4"
"19.11.2015 17:45:00";"4";"0";"280";"3,91";"16777216";"2268280";"13,52";"14";"142";"166";"3";"4"
"19.11.2015 17:50:00";"4";"0";"293";"4,08";"16777216";"2222981";"13,25";"17";"148";"166";"6";"7"
"19.11.2015 17:55:00";"4";"0";"323";"4,5";"16777216";"1988100";"11,85";"12";"160";"166";"28";"8"
"19.11.2015 18:00:00";"4";"0";"343";"4,78";"16777216";"1944479";"11,59";"9";"146";"166";"3";"4"
"19.11.2015 18:05:00";"4";"0";"305";"4,24";"16777216";"2816895";"16,79";"1";"170";"166";"4";"5"
"19.11.2015 18:10:00";"4";"0";"277";"3,86";"16777216";"2313578";"13,79";"1";"127";"166";"3";"4"
"19.11.2015 18:15:00";"4";"0";"263";"3,67";"16777216";"2155872";"12,85";"8";"137";"166";"2";"3"
"19.11.2015 18:20:00";"4";"0";"304";"4,24";"16777216";"2201171";"13,12";"10";"151";"166";"5";"6"
"19.11.2015 18:25:00";"4";"0";"260";"3,62";"16777216";"2380687";"14,19";"4";"136";"166";"2";"3"
"19.11.2015 18:30:00";"4";"0";"265";"3,69";"16777216";"1899181";"11,32";"5";"141";"166";"3";"4"
"19.11.2015 18:35:00";"4";"0";"342";"4,76";"16777216";"2212915";"13,19";"5";"151";"166";"55";"56"
"19.11.2015 18:40:00";"4";"0";"340";"4,74";"16777216";"1966290";"11,72";"4";"116";"166";"59";"62"
"19.11.2015 18:45:00";"4";"0";"267";"3,72";"16777216";"2357199";"14,05";"4";"131";"166";"10";"11"
"19.11.2015 18:50:00";"4";"0";"309";"4,3";"16777216";"2021655";"12,05";"0";"188";"166";"50";"19"
"19.11.2015 18:55:00";"4";"0";"260";"3,62";"16777216";"1563636";"9,32";"0";"107";"166";"17";"20"
"19.11.2015 19:00:00";"4";"0";"321";"4,47";"16777216";"1585447";"9,45";"2";"146";"166";"18";"21"
"19.11.2015 19:05:00";"4";"0";"291";"4,06";"16777216";"2088763";"12,45";"0";"152";"166";"12";"14"
"19.11.2015 19:10:00";"4";"0";"271";"3,78";"16777216";"1798518";"10,72";"1";"126";"166";"9";"11"
"19.11.2015 19:15:00";"4";"0";"286";"3,98";"16777216";"2078697";"12,39";"0";"145";"166";"26";"30"
"19.11.2015 19:20:00";"4";"0";"311";"4,33";"16777216";"2066953";"12,32";"0";"139";"166";"26";"29"
"19.11.2015 19:25:00";"4";"0";"262";"3,66";"16777216";"2122318";"12,65";"0";"108";"166";"17";"21"
"19.11.2015 19:30:00";"4";"0";"318";"4,44";"16777216";"1652556";"9,85";"3";"137";"166";"40";"46"
"19.11.2015 19:35:00";"4";"0";"299";"4,17";"16777216";"2066953";"12,32";"8";"153";"166";"12";"14"
"19.11.2015 19:40:00";"4";"0";"268";"3,74";"16777216";"1966290";"11,72";"3";"135";"166";"7";"9"
"19.11.2015 19:45:00";"4";"0";"266";"3,7";"16777216";"2323644";"13,85";"2";"136";"166";"7";"9"
"19.11.2015 19:50:00";"4";"0";"376";"5,25";"16777216";"2637378";"15,72";"6";"194";"166";"46";"27"
"19.11.2015 19:55:00";"4";"0";"275";"3,83";"16777216";"2155872";"12,85";"4";"110";"166";"26";"30"
"19.11.2015 20:00:00";"4";"0";"951";"13,24";"16777216";"3253102";"19,39";"3637";"779";"166";"21";"25"
"19.11.2015 20:05:00";"4";"0";"1075";"14,97";"16777216";"6719275";"40,05";"90805";"2127";"166";"88";"7310"
"19.11.2015 20:10:00";"4";"0";"268";"3,74";"16777216";"5813306";"34,65";"114";"160";"166";"7";"9"
"19.11.2015 20:15:00";"4";"0";"279";"3,88";"16777216";"3509794";"20,92";"81";"144";"166";"13";"13"
"19.11.2015 20:20:00";"4";"0";"319";"4,45";"16777216";"2615568";"15,59";"218";"162";"166";"13";"15"
"19.11.2015 20:25:00";"4";"0";"243";"3,39";"16777216";"2246469";"13,39";"8";"131";"166";"2";"3"
"19.11.2015 20:30:00";"4";"0";"264";"3,69";"16777216";"1932735";"11,52";"9";"127";"166";"3";"4"
"19.11.2015 20:35:00";"4";"0";"282";"3,93";"16777216";"1843816";"10,99";"13";"144";"166";"5";"6"
"19.11.2015 20:40:00";"4";"0";"325";"4,53";"16777216";"2212915";"13,19";"36";"127";"166";"4";"5"
"19.11.2015 20:45:00";"4";"0";"331";"4,61";"16777216";"2246469";"13,39";"23";"182";"166";"28";"8"
"19.11.2015 20:50:00";"4";"0";"283";"3,95";"16777216";"2313578";"13,79";"9";"132";"166";"6";"7"
"19.11.2015 20:55:00";"4";"0";"241";"3,36";"16777216";"2514905";"14,99";"7";"105";"166";"2";"4"
"19.11.2015 21:00:00";"4";"0";"270";"3,76";"16777216";"2045143";"12,19";"8";"128";"166";"7";"8"
"19.11.2015 21:05:00";"4";"0";"404";"5,62";"16777216";"2670933";"15,92";"13";"467";"166";"59";"126"
"19.11.2015 21:10:00";"4";"0";"259";"3,61";"16777216";"2066953";"12,32";"4";"127";"166";"11";"12"
"19.11.2015 21:15:00";"4";"0";"261";"3,64";"16777216";"1853882";"11,05";"4";"129";"166";"14";"16"
"19.11.2015 21:20:00";"4";"0";"294";"4,1";"16777216";"2603824";"15,52";"4";"139";"166";"12";"13"
"19.11.2015 21:25:00";"4";"0";"251";"3,51";"16777216";"2189427";"13,05";"6";"110";"166";"6";"7"
"19.11.2015 21:30:00";"4";"0";"272";"3,79";"16777216";"2524971";"15,05";"6";"137";"166";"11";"11"
"19.11.2015 21:35:00";"4";"0";"279";"3,88";"16777216";"2301834";"13,72";"5";"146";"166";"7";"9"
"19.11.2015 21:40:00";"4";"0";"284";"3,96";"16777216";"1988100";"11,85";"5";"121";"166";"16";"17"
"19.11.2015 21:45:00";"4";"0";"332";"4,63";"16777216";"2100508";"12,52";"18";"184";"166";"32";"12"
"19.11.2015 21:50:00";"4";"0";"278";"3,87";"16777216";"2313578";"13,79";"4";"132";"166";"7";"8"
"19.11.2015 21:55:00";"4";"0";"284";"3,96";"16777216";"2066953";"12,32";"3";"117";"166";"37";"37"
"19.11.2015 22:00:00";"4";"0";"372";"5,18";"16777216";"2134062";"12,72";"57";"148";"166";"18";"21"
"19.11.2015 22:05:00";"4";"0";"999";"13,91";"16777216";"4806672";"28,65";"5381";"464";"166";"20";"21"
"19.11.2015 22:10:00";"4";"0";"287";"4,01";"16777216";"4561725";"27,19";"4";"268";"166";"19";"22"
"19.11.2015 22:15:00";"4";"0";"258";"3,59";"16777216";"2994733";"17,85";"3";"136";"166";"7";"8"
"19.11.2015 22:20:00";"4";"0";"362";"5,04";"16777216";"2682677";"15,99";"8";"159";"166";"9";"10"
"19.11.2015 22:25:00";"4";"0";"277";"3,86";"16777216";"2749786";"16,39";"4";"153";"166";"12";"13"
"19.11.2015 22:30:00";"4";"0";"311";"4,33";"16777216";"2189427";"13,05";"6";"151";"166";"15";"13"
"19.11.2015 22:35:00";"4";"0";"328";"4,57";"16777216";"2436052";"14,52";"12";"163";"166";"34";"39"
"19.11.2015 22:40:00";"4";"0";"276";"3,84";"16777216";"2201171";"13,12";"2";"117";"166";"8";"10"
"19.11.2015 22:45:00";"4";"0";"276";"3,84";"16777216";"1798518";"10,72";"2";"132";"166";"12";"13"
"19.11.2015 22:50:00";"4";"0";"301";"4,19";"16777216";"2357199";"14,05";"7";"137";"166";"5";"6"
"19.11.2015 22:55:00";"4";"0";"253";"3,52";"16777216";"2469606";"14,72";"3";"113";"166";"5";"6"
"19.11.2015 23:00:00";"4";"0";"374";"5,21";"16777216";"2045143";"12,19";"21";"194";"166";"29";"10"
"19.11.2015 23:05:00";"4";"0";"368";"5,13";"16777216";"2659189";"15,85";"16";"173";"166";"6";"7"
"19.11.2015 23:10:00";"4";"0";"284";"3,96";"16777216";"2155872";"12,85";"22";"148";"166";"3";"4"
"19.11.2015 23:15:00";"4";"0";"264";"3,68";"16777216";"1753219";"10,45";"4";"148";"166";"2";"3"
"19.11.2015 23:20:00";"4";"0";"305";"4,25";"16777216";"2290090";"13,65";"8";"143";"166";"5";"6"
"19.11.2015 23:25:00";"4";"0";"249";"3,47";"16777216";"2100508";"12,52";"8";"114";"166";"2";"3"
"19.11.2015 23:30:00";"4";"0";"290";"4,04";"16777216";"2021655";"12,05";"9";"140";"166";"3";"4"
"19.11.2015 23:35:00";"4";"0";"275";"3,84";"16777216";"2066953";"12,32";"7";"144";"166";"4";"5"
"19.11.2015 23:40:00";"4";"0";"325";"4,54";"16777216";"1966290";"11,72";"5";"119";"166";"3";"4"
"19.11.2015 23:45:00";"4";"0";"286";"3,99";"16777216";"2335388";"13,92";"4";"147";"166";"3";"4"
"19.11.2015 23:50:00";"4";"0";"364";"5,08";"16777216";"2514905";"14,99";"6";"196";"166";"30";"10"
"19.11.2015 23:55:00";"4";"0";"256";"3,57";"16777216";"2457862";"14,65";"3";"123";"166";"2";"3"
"20.11.2015 00:00:00";"4";"0";"366";"5,09";"16777216";"2313578";"13,79";"289";"240";"166";"3";"4"
"20.11.2015 00:05:00";"4";"0";"471";"6,57";"16777216";"3576902";"21,32";"105";"508";"166";"59";"7"
"20.11.2015 00:10:00";"4";"0";"565";"7,87";"16777216";"3085330";"18,39";"81";"526";"166";"49";"6"
"20.11.2015 00:15:00";"4";"0";"817";"11,39";"16777216";"3409130";"20,32";"850";"563";"166";"56";"6"
"20.11.2015 00:20:00";"4";"0";"314";"4,37";"16777216";"2826961";"16,85";"10";"215";"166";"60";"8"
"20.11.2015 00:25:00";"4";"0";"1173";"16,34";"16777216";"3118884";"18,59";"518";"4262";"166";"42";"5"
"20.11.2015 00:30:00";"4";"0";"789";"10,99";"16777216";"5434140";"32,39";"107";"9235";"166";"84";"7"
"20.11.2015 00:35:00";"4";"0";"1732";"24,12";"16777216";"4404019";"26,25";"589";"2508";"166";"45";"6"
"20.11.2015 00:40:00";"4";"0";"272";"3,79";"16777216";"4159072";"24,79";"4";"911";"166";"3";"4"
"20.11.2015 00:45:00";"4";"0";"267";"3,73";"16777216";"2793406";"16,65";"4";"89";"166";"2";"4"
"20.11.2015 00:50:00";"4";"0";"288";"4,02";"16777216";"2592080";"15,45";"937";"88";"166";"5";"6"
"20.11.2015 00:55:00";"4";"0";"250";"3,48";"16777216";"2268280";"13,52";"0";"90";"166";"2";"3"
"20.11.2015 01:00:00";"4";"0";"285";"3,98";"16777216";"2335388";"13,92";"37";"2017";"166";"3";"4"
"20.11.2015 01:05:00";"4";"0";"1267";"17,65";"16777216";"4315100";"25,72";"9738";"1203";"166";"65";"3286"
"20.11.2015 01:10:00";"4";"0";"706";"9,83";"16777216";"5736130";"34,19";"4237";"426";"166";"66";"1536"
"20.11.2015 01:15:00";"4";"0";"261";"3,65";"16777216";"2951112";"17,59";"16";"95";"166";"2";"4"
"20.11.2015 01:20:00";"4";"0";"290";"4,04";"16777216";"2503161";"14,92";"945";"88";"166";"5";"6"
"20.11.2015 01:25:00";"4";"0";"252";"3,52";"16777216";"2055209";"12,25";"11";"81";"166";"2";"3"
"20.11.2015 01:30:00";"4";"0";"264";"3,67";"16777216";"2100508";"12,52";"12";"92";"166";"3";"4"
"20.11.2015 01:35:00";"4";"0";"297";"4,14";"16777216";"1630745";"9,72";"24";"97";"166";"4";"5"
"20.11.2015 01:40:00";"4";"0";"260";"3,63";"16777216";"1786773";"10,65";"24";"104";"166";"3";"4"
"20.11.2015 01:45:00";"4";"0";"282";"3,93";"16777216";"1474717";"8,79";"42";"99";"166";"3";"4"
"20.11.2015 01:50:00";"4";"0";"284";"3,96";"16777216";"2088763";"12,45";"10";"93";"166";"5";"6"
"20.11.2015 01:55:00";"4";"0";"254";"3,54";"16777216";"1676044";"9,99";"7";"82";"166";"2";"4"
"20.11.2015 02:00:00";"4";"0";"523";"7,29";"16777216";"2716231";"16,19";"1013";"625";"166";"22";"7"
"20.11.2015 02:05:00";"4";"0";"350";"4,88";"16777216";"3051776";"18,19";"91";"322";"166";"11";"6"
"20.11.2015 02:10:00";"4";"0";"242";"3,37";"16777216";"2347132";"13,99";"11";"105";"166";"3";"4"
"20.11.2015 02:15:00";"4";"0";"271";"3,78";"16777216";"2380687";"14,19";"25";"102";"166";"2";"3"
"20.11.2015 02:20:00";"4";"0";"278";"3,87";"16777216";"2481350";"14,79";"10";"94";"166";"5";"5"
"20.11.2015 02:25:00";"4";"0";"230";"3,21";"16777216";"2179360";"12,99";"10";"82";"166";"2";"3"
"20.11.2015 02:30:00";"4";"0";"260";"3,62";"16777216";"2045143";"12,19";"34";"90";"166";"3";"4"
"20.11.2015 02:35:00";"4";"0";"283";"3,94";"16777216";"2582014";"15,39";"49";"97";"166";"5";"6"
"20.11.2015 02:40:00";"4";"0";"395";"5,51";"16777216";"2011588";"11,99";"197";"102";"166";"4";"5"
"20.11.2015 02:45:00";"4";"0";"253";"3,53";"16777216";"2078697";"12,39";"11";"90";"166";"3";"3"
"20.11.2015 02:50:00";"4";"0";"275";"3,84";"16777216";"1910925";"11,39";"9";"93";"166";"5";"5"
"20.11.2015 02:55:00";"4";"0";"236";"3,29";"16777216";"1776707";"10,59";"8";"93";"166";"2";"3"
"20.11.2015 03:00:00";"4";"0";"266";"3,71";"16777216";"1709598";"10,19";"18";"92";"166";"3";"4"
"20.11.2015 03:05:00";"4";"0";"608";"8,47";"16777216";"3823528";"22,79";"224";"364";"166";"4";"5"
"20.11.2015 03:10:00";"4";"0";"248";"3,46";"16777216";"2783340";"16,59";"6";"277";"166";"3";"4"
"20.11.2015 03:15:00";"4";"0";"267";"3,72";"16777216";"2246469";"13,39";"24";"104";"166";"2";"4"
"20.11.2015 03:20:00";"4";"0";"290";"4,04";"16777216";"2212915";"13,19";"10";"111";"166";"5";"6"
"20.11.2015 03:25:00";"4";"0";"238";"3,31";"16777216";"1676044";"9,99";"7";"84";"166";"2";"3"
"20.11.2015 03:30:00";"4";"0";"258";"3,59";"16777216";"1944479";"11,59";"7";"91";"166";"3";"4"
"20.11.2015 03:35:00";"4";"0";"276";"3,85";"16777216";"1944479";"11,59";"10";"97";"166";"5";"6"
"20.11.2015 03:40:00";"4";"0";"258";"3,6";"16777216";"1575381";"9,39";"5";"93";"166";"3";"4"
"20.11.2015 03:45:00";"4";"0";"294";"4,1";"16777216";"1944479";"11,59";"13";"103";"166";"3";"4"
"20.11.2015 03:50:00";"4";"0";"315";"4,39";"16777216";"1910925";"11,39";"642";"187";"166";"5";"6"
"20.11.2015 03:55:00";"4";"0";"281";"3,91";"16777216";"2021655";"12,05";"10";"119";"166";"19";"6"
"20.11.2015 04:00:00";"4";"0";"371";"5,17";"16777216";"2670933";"15,92";"34";"135";"166";"11";"6"
"20.11.2015 04:05:00";"4";"0";"351";"4,9";"16777216";"3018221";"17,99";"210";"184";"166";"4";"5"
"20.11.2015 04:10:00";"4";"0";"252";"3,52";"16777216";"2280024";"13,59";"27";"174";"166";"2";"4"
"20.11.2015 04:15:00";"4";"0";"289";"4,03";"16777216";"2078697";"12,39";"56";"103";"166";"2";"4"
"20.11.2015 04:20:00";"4";"0";"282";"3,93";"16777216";"1966290";"11,72";"19";"117";"166";"5";"6"
"20.11.2015 04:25:00";"4";"0";"288";"4,01";"16777216";"2155872";"12,85";"28";"106";"166";"2";"3"
"20.11.2015 04:30:00";"4";"0";"258";"3,59";"16777216";"1820328";"10,85";"7";"114";"166";"3";"4"
"20.11.2015 04:35:00";"4";"0";"319";"4,44";"16777216";"2145806";"12,79";"12";"158";"166";"29";"12"
"20.11.2015 04:40:00";"4";"0";"419";"5,84";"16777216";"2011588";"11,99";"18";"170";"166";"30";"10"
"20.11.2015 04:45:00";"4";"0";"358";"4,99";"16777216";"2155872";"12,85";"11";"169";"166";"26";"8"
"20.11.2015 04:50:00";"4";"0";"282";"3,93";"16777216";"2625634";"15,65";"6";"106";"166";"7";"6"
"20.11.2015 04:55:00";"4";"0";"239";"3,34";"16777216";"2347132";"13,99";"8";"89";"166";"2";"3"
"20.11.2015 05:00:00";"4";"0";"262";"3,66";"16777216";"1877370";"11,19";"7";"104";"166";"3";"4"
"20.11.2015 05:05:00";"4";"0";"516";"7,18";"16777216";"3152439";"18,79";"24";"1704";"166";"45";"525"
"20.11.2015 05:10:00";"4";"0";"247";"3,44";"16777216";"2491417";"14,85";"4";"102";"166";"3";"4"
"20.11.2015 05:15:00";"4";"0";"254";"3,54";"16777216";"1877370";"11,19";"5";"92";"166";"2";"4"
"20.11.2015 05:20:00";"4";"0";"283";"3,95";"16777216";"2323644";"13,85";"12";"96";"166";"5";"6"
"20.11.2015 05:25:00";"4";"0";"242";"3,37";"16777216";"2045143";"12,19";"4";"86";"166";"2";"3"
"20.11.2015 05:30:00";"4";"0";"258";"3,59";"16777216";"1764963";"10,52";"0";"101";"166";"3";"4"
"20.11.2015 05:35:00";"4";"0";"299";"4,16";"16777216";"2155872";"12,85";"3";"118";"166";"5";"6"
"20.11.2015 05:40:00";"4";"0";"423";"5,89";"16777216";"1753219";"10,45";"4";"124";"166";"4";"5"
"20.11.2015 05:45:00";"4";"0";"329";"4,58";"16777216";"1999844";"11,92";"1";"164";"166";"28";"8"
"20.11.2015 05:50:00";"4";"0";"271";"3,78";"16777216";"1999844";"11,92";"0";"99";"166";"5";"6"
"20.11.2015 05:55:00";"4";"0";"244";"3,41";"16777216";"1899181";"11,32";"1";"92";"166";"2";"3"
"20.11.2015 06:00:00";"4";"0";"376";"5,24";"16777216";"2457862";"14,65";"461";"287";"166";"3";"4"
"20.11.2015 06:05:00";"4";"0";"783";"10,91";"16777216";"3823528";"22,79";"86131";"552";"166";"26";"5133"
"20.11.2015 06:10:00";"4";"0";"315";"4,39";"16777216";"4293290";"25,59";"4503";"138";"166";"40";"45"
"20.11.2015 06:15:00";"4";"0";"252";"3,51";"16777216";"2558525";"15,25";"4";"103";"166";"2";"4"
"20.11.2015 06:20:00";"4";"0";"277";"3,87";"16777216";"1731409";"10,32";"8";"96";"166";"5";"6"
"20.11.2015 06:25:00";"4";"0";"235";"3,28";"16777216";"1853882";"11,05";"0";"87";"166";"2";"3"
"20.11.2015 06:30:00";"4";"0";"253";"3,53";"16777216";"2055209";"12,25";"0";"101";"166";"3";"4"
"20.11.2015 06:35:00";"4";"0";"299";"4,17";"16777216";"2447796";"14,59";"6";"113";"166";"7";"8"
"20.11.2015 06:40:00";"4";"0";"268";"3,74";"16777216";"1944479";"11,59";"5";"104";"166";"4";"5"
"20.11.2015 06:45:00";"4";"0";"315";"4,39";"16777216";"1664300";"9,92";"4";"150";"166";"21";"7"
"20.11.2015 06:50:00";"4";"0";"306";"4,26";"16777216";"2112252";"12,59";"1";"116";"166";"11";"7"
"20.11.2015 06:55:00";"4";"0";"234";"3,26";"16777216";"2256536";"13,45";"0";"84";"166";"2";"3"
"20.11.2015 07:00:00";"4";"0";"259";"3,61";"16777216";"1340500";"7,99";"0";"102";"166";"3";"4"
"20.11.2015 07:05:00";"4";"0";"278";"3,88";"16777216";"2570269";"15,32";"10";"108";"166";"4";"5"
"20.11.2015 07:10:00";"4";"0";"243";"3,39";"16777216";"1743153";"10,39";"4";"101";"166";"3";"4"
"20.11.2015 07:15:00";"4";"0";"255";"3,55";"16777216";"1944479";"11,59";"10";"101";"166";"2";"4"
"20.11.2015 07:20:00";"4";"0";"279";"3,89";"16777216";"2155872";"12,85";"8";"106";"166";"5";"6"
"20.11.2015 07:25:00";"4";"0";"233";"3,25";"16777216";"1810262";"10,79";"7";"87";"166";"2";"3"
"20.11.2015 07:30:00";"4";"0";"268";"3,73";"16777216";"1619001";"9,65";"9";"106";"166";"3";"4"
"20.11.2015 07:35:00";"4";"0";"282";"3,93";"16777216";"2313578";"13,79";"14";"124";"166";"5";"6"
"20.11.2015 07:40:00";"4";"0";"261";"3,64";"16777216";"1652556";"9,85";"8";"113";"166";"3";"4"
"20.11.2015 07:45:00";"4";"0";"320";"4,46";"16777216";"1853882";"11,05";"10";"151";"166";"26";"7"
"20.11.2015 07:50:00";"4";"0";"283";"3,95";"16777216";"2323644";"13,85";"3";"107";"166";"7";"6"
"20.11.2015 07:55:00";"4";"0";"234";"3,26";"16777216";"2011588";"11,99";"0";"84";"166";"2";"3"
"20.11.2015 08:00:00";"4";"0";"352";"4,91";"16777216";"2323644";"13,85";"16";"128";"166";"3";"4"
"20.11.2015 08:05:00";"4";"0";"275";"3,84";"16777216";"2649122";"15,79";"5";"132";"166";"4";"5"
"20.11.2015 08:10:00";"4";"0";"367";"5,12";"16777216";"2280024";"13,59";"536";"619";"166";"3";"4"
"20.11.2015 08:15:00";"4";"0";"295";"4,12";"16777216";"2011588";"11,99";"3";"607";"166";"2";"4"
"20.11.2015 08:20:00";"4";"0";"278";"3,88";"16777216";"2313578";"13,79";"195";"120";"166";"5";"6"
"20.11.2015 08:25:00";"4";"0";"251";"3,5";"16777216";"2246469";"13,39";"2";"100";"166";"2";"3"
"20.11.2015 08:30:00";"4";"0";"258";"3,59";"16777216";"1776707";"10,59";"0";"115";"166";"3";"4"
"20.11.2015 08:35:00";"4";"0";"277";"3,86";"16777216";"1652556";"9,85";"0";"116";"166";"5";"6"
"20.11.2015 08:40:00";"4";"0";"311";"4,33";"16777216";"2045143";"12,19";"4";"106";"166";"3";"4"
"20.11.2015 08:45:00";"4";"0";"275";"3,84";"16777216";"1978034";"11,79";"4";"117";"166";"3";"4"
"20.11.2015 08:50:00";"4";"0";"348";"4,85";"16777216";"2481350";"14,79";"9";"162";"166";"30";"10"
"20.11.2015 08:55:00";"4";"0";"237";"3,31";"16777216";"1843816";"10,99";"0";"86";"166";"2";"3"
"20.11.2015 09:00:00";"4";"0";"275";"3,83";"16777216";"1810262";"10,79";"4";"115";"166";"3";"4"
"20.11.2015 09:05:00";"4";"0";"464";"6,46";"16777216";"3274913";"19,52";"7";"1323";"166";"44";"394"
"20.11.2015 09:10:00";"4";"0";"245";"3,42";"16777216";"2347132";"13,99";"0";"100";"166";"3";"4"
"20.11.2015 09:15:00";"4";"0";"260";"3,62";"16777216";"1944479";"11,59";"0";"116";"166";"2";"4"
"20.11.2015 09:20:00";"4";"0";"292";"4,08";"16777216";"2045143";"12,19";"1";"122";"166";"5";"6"
"20.11.2015 09:25:00";"4";"0";"237";"3,31";"16777216";"2280024";"13,59";"3";"101";"166";"2";"3"
"20.11.2015 09:30:00";"4";"0";"281";"3,92";"16777216";"1676044";"9,99";"19";"113";"166";"3";"5"
"20.11.2015 09:35:00";"4";"0";"322";"4,49";"16777216";"2179360";"12,99";"28";"141";"166";"5";"7"
"20.11.2015 09:40:00";"4";"0";"327";"4,56";"16777216";"2122318";"12,65";"105";"112";"166";"4";"6"
"20.11.2015 09:45:00";"4";"0";"473";"6,59";"16777216";"2347132";"13,99";"108";"175";"166";"29";"10"
"20.11.2015 09:50:00";"4";"0";"294";"4,09";"16777216";"2850449";"16,99";"3";"128";"166";"5";"6"
"20.11.2015 09:55:00";"4";"0";"238";"3,32";"16777216";"2347132";"13,99";"1";"106";"166";"2";"3"
"20.11.2015 10:00:00";"4";"0";"535";"7,46";"16777216";"2469606";"14,72";"31";"161";"166";"4";"7"
"20.11.2015 10:05:00";"4";"0";"287";"4";"16777216";"3152439";"18,79";"16";"154";"166";"4";"5"
"20.11.2015 10:10:00";"4";"0";"239";"3,32";"16777216";"2145806";"12,79";"2";"107";"166";"3";"4"
"20.11.2015 10:15:00";"4";"0";"272";"3,8";"16777216";"1786773";"10,65";"22";"123";"166";"2";"4"
"20.11.2015 10:20:00";"4";"0";"519";"7,23";"16777216";"1978034";"11,79";"35";"123";"166";"5";"6"
"20.11.2015 10:25:00";"4";"0";"237";"3,3";"16777216";"2481350";"14,79";"6";"93";"166";"2";"3"
"20.11.2015 10:30:00";"4";"0";"262";"3,66";"16777216";"1798518";"10,72";"9";"108";"166";"3";"4"
"20.11.2015 10:35:00";"4";"0";"265";"3,7";"16777216";"1697854";"10,12";"7";"113";"166";"4";"5"
"20.11.2015 10:40:00";"4";"0";"249";"3,47";"16777216";"1966290";"11,72";"7";"87";"166";"3";"4"
"20.11.2015 10:45:00";"4";"0";"261";"3,64";"16777216";"1676044";"9,99";"10";"113";"166";"2";"4"
"20.11.2015 10:50:00";"4";"0";"265";"3,69";"16777216";"2256536";"13,45";"7";"106";"166";"5";"6"
"20.11.2015 10:55:00";"4";"0";"240";"3,35";"16777216";"2122318";"12,65";"8";"92";"166";"2";"4"
"20.11.2015 11:00:00";"4";"0";"285";"3,97";"16777216";"1731409";"10,32";"14";"125";"166";"3";"4"
"20.11.2015 11:05:00";"4";"0";"303";"4,22";"16777216";"3028287";"18,05";"17";"141";"166";"4";"5"
"20.11.2015 11:10:00";"4";"0";"262";"3,65";"16777216";"2134062";"12,72";"14";"137";"166";"3";"4"
"20.11.2015 11:15:00";"4";"0";"283";"3,94";"16777216";"1786773";"10,65";"17";"150";"166";"2";"3"
"20.11.2015 11:20:00";"4";"0";"284";"3,96";"16777216";"2189427";"13,05";"10";"135";"166";"5";"6"
"20.11.2015 11:25:00";"4";"0";"238";"3,32";"16777216";"1988100";"11,85";"7";"96";"166";"2";"3"
"20.11.2015 11:30:00";"4";"0";"248";"3,46";"16777216";"1853882";"11,05";"8";"105";"166";"3";"4"
"20.11.2015 11:35:00";"4";"0";"289";"4,03";"16777216";"2033399";"12,12";"10";"124";"166";"5";"6"
"20.11.2015 11:40:00";"4";"0";"314";"4,38";"16777216";"2615568";"15,59";"9";"118";"166";"3";"5"
"20.11.2015 11:45:00";"4";"0";"350";"4,88";"16777216";"1988100";"11,85";"14";"177";"166";"26";"8"
"20.11.2015 11:50:00";"4";"0";"280";"3,9";"16777216";"2066953";"12,32";"9";"123";"166";"7";"6"
"20.11.2015 11:55:00";"4";"0";"378";"5,26";"16777216";"2189427";"13,05";"32";"189";"166";"2";"4"
"20.11.2015 12:00:00";"4";"0";"365";"5,09";"16777216";"2457862";"14,65";"17";"182";"166";"3";"4"
"20.11.2015 12:05:00";"4";"0";"1345";"18,74";"16777216";"3644011";"21,72";"69";"1065";"166";"4";"5"
"20.11.2015 12:10:00";"4";"0";"262";"3,64";"16777216";"3286657";"19,59";"10";"1171";"166";"3";"4"
"20.11.2015 12:15:00";"4";"0";"286";"3,99";"16777216";"2323644";"13,85";"14";"134";"166";"3";"4"
"20.11.2015 12:20:00";"4";"0";"307";"4,28";"16777216";"2112252";"12,59";"15";"153";"166";"5";"6"
"20.11.2015 12:25:00";"4";"0";"279";"3,9";"16777216";"1966290";"11,72";"13";"148";"166";"2";"4"
"20.11.2015 12:30:00";"4";"0";"265";"3,69";"16777216";"2011588";"11,99";"9";"144";"166";"3";"4"
"20.11.2015 12:35:00";"4";"0";"292";"4,07";"16777216";"2078697";"12,39";"10";"146";"166";"4";"5"
"20.11.2015 12:40:00";"4";"0";"364";"5,07";"16777216";"2212915";"13,19";"24";"144";"166";"6";"6"
"20.11.2015 12:45:00";"4";"0";"270";"3,77";"16777216";"2179360";"12,99";"8";"144";"166";"5";"5"
"20.11.2015 12:50:00";"4";"0";"288";"4,01";"16777216";"2246469";"13,39";"18";"128";"166";"6";"7"
"20.11.2015 12:55:00";"4";"0";"249";"3,46";"16777216";"2179360";"12,99";"8";"115";"166";"4";"5"
"20.11.2015 13:00:00";"4";"0";"337";"4,69";"16777216";"2011588";"11,99";"17";"184";"166";"28";"8"
"20.11.2015 13:05:00";"4";"0";"582";"8,11";"16777216";"3420874";"20,39";"68";"2155";"166";"45";"595"
"20.11.2015 13:10:00";"4";"0";"242";"3,38";"16777216";"3487983";"20,79";"11";"130";"166";"3";"4"
"20.11.2015 13:15:00";"4";"0";"274";"3,82";"16777216";"2179360";"12,99";"13";"144";"166";"2";"4"
"20.11.2015 13:20:00";"4";"0";"293";"4,08";"16777216";"2145806";"12,79";"23";"147";"166";"5";"6"
"20.11.2015 13:25:00";"4";"0";"254";"3,54";"16777216";"1608935";"9,59";"7";"109";"166";"2";"3"
"20.11.2015 13:30:00";"4";"0";"321";"4,47";"16777216";"2179360";"12,99";"16";"157";"166";"3";"4"
"20.11.2015 13:35:00";"4";"0";"293";"4,08";"16777216";"2491417";"14,85";"13";"170";"166";"5";"6"
"20.11.2015 13:40:00";"4";"0";"274";"3,83";"16777216";"2055209";"12,25";"9";"137";"166";"3";"4"
"20.11.2015 13:45:00";"4";"0";"343";"4,77";"16777216";"2045143";"12,19";"11";"190";"166";"28";"8"
"20.11.2015 13:50:00";"4";"0";"274";"3,81";"16777216";"1887437";"11,25";"9";"125";"166";"5";"6"
"20.11.2015 13:55:00";"4";"0";"247";"3,44";"16777216";"1932735";"11,52";"12";"104";"166";"2";"3"
"20.11.2015 14:00:00";"4";"0";"537";"7,47";"16777216";"3006477";"17,92";"612";"672";"166";"3";"4"
"20.11.2015 14:05:00";"4";"0";"304";"4,24";"16777216";"2939368";"17,52";"8";"367";"166";"4";"5"
"20.11.2015 14:10:00";"4";"0";"261";"3,64";"16777216";"1932735";"11,52";"11";"129";"166";"3";"4"
"20.11.2015 14:15:00";"4";"0";"264";"3,67";"16777216";"1508272";"8,99";"10";"144";"166";"2";"3"
"20.11.2015 14:20:00";"4";"0";"300";"4,18";"16777216";"2548459";"15,19";"11";"152";"166";"5";"6"
"20.11.2015 14:25:00";"4";"0";"258";"3,6";"16777216";"2212915";"13,19";"10";"133";"166";"2";"3"
"20.11.2015 14:30:00";"4";"0";"307";"4,27";"16777216";"2457862";"14,65";"17";"169";"166";"3";"4"
"20.11.2015 14:35:00";"4";"0";"280";"3,9";"16777216";"1999844";"11,92";"8";"163";"166";"5";"6"
"20.11.2015 14:40:00";"4";"0";"319";"4,45";"16777216";"1877370";"11,19";"13";"126";"166";"3";"4"
"20.11.2015 14:45:00";"4";"0";"355";"4,94";"16777216";"2357199";"14,05";"15";"209";"166";"26";"8"
"20.11.2015 14:50:00";"4";"0";"284";"3,96";"16777216";"1899181";"11,32";"8";"143";"166";"7";"6"
"20.11.2015 14:55:00";"4";"0";"238";"3,32";"16777216";"1920991";"11,45";"8";"97";"166";"2";"3"
"20.11.2015 15:00:00";"4";"0";"261";"3,63";"16777216";"1608935";"9,59";"9";"129";"166";"3";"4"
"20.11.2015 15:05:00";"4";"0";"293";"4,08";"16777216";"3320211";"19,79";"12";"146";"166";"4";"5"
"20.11.2015 15:10:00";"4";"0";"284";"3,96";"16777216";"2290090";"13,65";"16";"153";"166";"2";"4"
"20.11.2015 15:15:00";"4";"0";"253";"3,53";"16777216";"2457862";"14,65";"9";"149";"166";"2";"4"
"20.11.2015 15:20:00";"4";"0";"277";"3,86";"16777216";"1932735";"11,52";"8";"125";"166";"5";"6"
"20.11.2015 15:25:00";"4";"0";"394";"5,49";"16777216";"2021655";"12,05";"335";"151";"166";"2";"3"
"20.11.2015 15:30:00";"4";"0";"308";"4,29";"16777216";"2380687";"14,19";"13";"190";"166";"3";"4"
"20.11.2015 15:35:00";"4";"0";"279";"3,89";"16777216";"2122318";"12,65";"9";"156";"166";"5";"6"
"20.11.2015 15:40:00";"4";"0";"281";"3,92";"16777216";"2335388";"13,92";"10";"130";"166";"3";"4"
"20.11.2015 15:45:00";"4";"0";"282";"3,93";"16777216";"2033399";"12,12";"11";"153";"166";"3";"4"
"20.11.2015 15:50:00";"4";"0";"349";"4,86";"16777216";"2347132";"13,99";"10";"188";"166";"30";"10"
"20.11.2015 15:55:00";"4";"0";"298";"4,16";"16777216";"2380687";"14,19";"19";"162";"166";"2";"4"
"20.11.2015 16:00:00";"4";"0";"401";"5,58";"16777216";"2134062";"12,72";"60";"198";"166";"3";"4"
"20.11.2015 16:05:00";"4";"0";"290";"4,04";"16777216";"3051776";"18,19";"7";"171";"166";"4";"5"
"20.11.2015 16:10:00";"4";"0";"256";"3,57";"16777216";"2167616";"12,92";"9";"123";"166";"3";"4"
"20.11.2015 16:15:00";"4";"0";"271";"3,78";"16777216";"2045143";"12,19";"14";"155";"166";"2";"3"
"20.11.2015 16:20:00";"4";"0";"295";"4,12";"16777216";"1966290";"11,72";"12";"155";"166";"5";"6"
"20.11.2015 16:25:00";"4";"0";"244";"3,4";"16777216";"2368943";"14,12";"7";"115";"166";"2";"3"
"20.11.2015 16:30:00";"4";"0";"258";"3,59";"16777216";"1843816";"10,99";"8";"131";"166";"3";"4"
"20.11.2015 16:35:00";"4";"0";"289";"4,03";"16777216";"1932735";"11,52";"11";"152";"166";"5";"6"
"20.11.2015 16:40:00";"4";"0";"268";"3,74";"16777216";"2021655";"12,05";"14";"130";"166";"3";"5"
"20.11.2015 16:45:00";"4";"0";"334";"4,65";"16777216";"1966290";"11,72";"12";"186";"166";"26";"8"
"20.11.2015 16:50:00";"4";"0";"287";"4";"16777216";"2603824";"15,52";"8";"138";"166";"7";"6"
"20.11.2015 16:55:00";"4";"0";"236";"3,29";"16777216";"2122318";"12,65";"8";"100";"166";"2";"3"
"20.11.2015 17:00:00";"4";"0";"289";"4,03";"16777216";"2256536";"13,45";"13";"147";"166";"3";"4"
"20.11.2015 17:05:00";"4";"0";"515";"7,18";"16777216";"3543348";"21,12";"36";"1701";"166";"45";"506"
"20.11.2015 17:10:00";"4";"0";"281";"3,92";"16777216";"3061842";"18,25";"6";"133";"166";"3";"4"
"20.11.2015 17:15:00";"4";"0";"255";"3,55";"16777216";"2134062";"12,72";"4";"145";"166";"2";"4"
"20.11.2015 17:20:00";"4";"0";"297";"4,14";"16777216";"1910925";"11,39";"12";"136";"166";"5";"6"
"20.11.2015 17:25:00";"4";"0";"288";"4,02";"16777216";"1910925";"11,39";"8";"138";"166";"2";"3"
"20.11.2015 17:30:00";"4";"0";"292";"4,07";"16777216";"2280024";"13,59";"7";"165";"166";"3";"4"
"20.11.2015 17:35:00";"4";"0";"287";"4";"16777216";"2290090";"13,65";"5";"149";"166";"5";"6"
"20.11.2015 17:40:00";"4";"0";"326";"4,55";"16777216";"1910925";"11,39";"11";"126";"166";"3";"5"
"20.11.2015 17:45:00";"4";"0";"341";"4,74";"16777216";"2033399";"12,12";"12";"191";"166";"28";"8"
"20.11.2015 17:50:00";"4";"0";"280";"3,9";"16777216";"2011588";"11,99";"8";"136";"166";"5";"6"
"20.11.2015 17:55:00";"4";"0";"239";"3,33";"16777216";"2122318";"12,65";"3";"107";"166";"2";"3"
"20.11.2015 18:00:00";"4";"0";"369";"5,14";"16777216";"2234725";"13,32";"529";"252";"166";"3";"4"
"20.11.2015 18:05:00";"4";"0";"293";"4,09";"16777216";"2894070";"17,25";"1";"197";"166";"4";"5"
"20.11.2015 18:10:00";"4";"0";"282";"3,93";"16777216";"2323644";"13,85";"2";"123";"166";"3";"4"
"20.11.2015 18:15:00";"4";"0";"266";"3,7";"16777216";"2424308";"14,45";"15";"138";"166";"2";"4"
"20.11.2015 18:20:00";"4";"0";"304";"4,24";"16777216";"2179360";"12,99";"21";"153";"166";"5";"6"
"20.11.2015 18:25:00";"4";"0";"262";"3,66";"16777216";"2558525";"15,25";"11";"137";"166";"2";"3"
"20.11.2015 18:30:00";"4";"0";"264";"3,68";"16777216";"1910925";"11,39";"7";"144";"166";"3";"4"
"20.11.2015 18:35:00";"4";"0";"338";"4,71";"16777216";"1978034";"11,79";"3";"151";"166";"50";"51"
"20.11.2015 18:40:00";"4";"0";"316";"4,4";"16777216";"1541826";"9,19";"7";"123";"166";"43";"43"
"20.11.2015 18:45:00";"4";"0";"293";"4,09";"16777216";"1944479";"11,59";"9";"138";"166";"27";"30"
"20.11.2015 18:50:00";"4";"0";"287";"4";"16777216";"1988100";"11,85";"8";"133";"166";"14";"15"
"20.11.2015 18:55:00";"4";"0";"267";"3,71";"16777216";"2246469";"13,39";"7";"154";"166";"43";"13"
"20.11.2015 19:00:00";"4";"0";"310";"4,32";"16777216";"1910925";"11,39";"13";"147";"166";"13";"15"
"20.11.2015 19:05:00";"4";"0";"308";"4,29";"16777216";"2826961";"16,85";"8";"157";"166";"22";"24"
"20.11.2015 19:10:00";"4";"0";"267";"3,72";"16777216";"2145806";"12,79";"10";"128";"166";"10";"12"
"20.11.2015 19:15:00";"4";"0";"259";"3,61";"16777216";"2078697";"12,39";"9";"141";"166";"9";"11"
"20.11.2015 19:20:00";"4";"0";"298";"4,15";"16777216";"1877370";"11,19";"9";"137";"166";"20";"23"
"20.11.2015 19:25:00";"4";"0";"271";"3,78";"16777216";"2347132";"13,99";"8";"111";"166";"19";"22"
"20.11.2015 19:30:00";"4";"0";"299";"4,16";"16777216";"1877370";"11,19";"9";"140";"166";"29";"33"
"20.11.2015 19:35:00";"4";"0";"295";"4,1";"16777216";"1776707";"10,59";"12";"148";"166";"12";"14"
"20.11.2015 19:40:00";"4";"0";"317";"4,42";"16777216";"1877370";"11,19";"8";"147";"166";"37";"43"
"20.11.2015 19:45:00";"4";"0";"337";"4,69";"16777216";"2414241";"14,39";"11";"188";"166";"36";"18"
"20.11.2015 19:50:00";"4";"0";"295";"4,12";"16777216";"1978034";"11,79";"8";"142";"166";"11";"11"
"20.11.2015 19:55:00";"4";"0";"242";"3,38";"16777216";"2402497";"14,32";"7";"109";"166";"5";"7"
"20.11.2015 20:00:00";"4";"0";"677";"9,44";"16777216";"3555092";"21,19";"2558";"434";"166";"6";"7"
"20.11.2015 20:05:00";"4";"0";"888";"12,37";"16777216";"5534804";"32,99";"85719";"1295";"166";"59";"6851"
"20.11.2015 20:10:00";"4";"0";"363";"5,05";"16777216";"5142217";"30,65";"4974";"221";"166";"61";"125"
"20.11.2015 20:15:00";"4";"0";"293";"4,08";"16777216";"3162505";"18,85";"6";"144";"166";"22";"26"
"20.11.2015 20:20:00";"4";"0";"305";"4,25";"16777216";"2347132";"13,99";"395";"147";"166";"6";"7"
"20.11.2015 20:25:00";"4";"0";"256";"3,57";"16777216";"2201171";"13,12";"5";"130";"166";"7";"8"
"20.11.2015 20:30:00";"4";"0";"322";"4,49";"16777216";"2045143";"12,19";"134";"145";"166";"8";"9"
"20.11.2015 20:35:00";"4";"0";"292";"4,07";"16777216";"2155872";"12,85";"7";"156";"166";"13";"13"
"20.11.2015 20:40:00";"4";"0";"336";"4,68";"16777216";"1820328";"10,85";"31";"134";"166";"10";"11"
"20.11.2015 20:45:00";"4";"0";"333";"4,64";"16777216";"1697854";"10,12";"7";"184";"166";"27";"8"
"20.11.2015 20:50:00";"4";"0";"283";"3,95";"16777216";"1810262";"10,79";"5";"140";"166";"6";"6"
"20.11.2015 20:55:00";"4";"0";"239";"3,34";"16777216";"2222981";"13,25";"4";"112";"166";"2";"3"
"20.11.2015 21:00:00";"4";"0";"262";"3,66";"16777216";"1686110";"10,05";"5";"136";"166";"4";"5"
"20.11.2015 21:05:00";"4";"0";"375";"5,23";"16777216";"2738042";"16,32";"16";"455";"166";"44";"111"
"20.11.2015 21:10:00";"4";"0";"245";"3,41";"16777216";"2447796";"14,59";"1";"124";"166";"3";"4"
"20.11.2015 21:15:00";"4";"0";"255";"3,55";"16777216";"2145806";"12,79";"0";"133";"166";"8";"9"
"20.11.2015 21:20:00";"4";"0";"318";"4,43";"16777216";"2246469";"13,39";"0";"143";"166";"24";"26"
"20.11.2015 21:25:00";"4";"0";"264";"3,69";"16777216";"2112252";"12,59";"0";"123";"166";"15";"17"
"20.11.2015 21:30:00";"4";"0";"267";"3,73";"16777216";"2212915";"13,19";"0";"137";"166";"6";"8"
"20.11.2015 21:35:00";"4";"0";"287";"4";"16777216";"2222981";"13,25";"0";"150";"166";"10";"11"
"20.11.2015 21:40:00";"4";"0";"264";"3,68";"16777216";"1853882";"11,05";"7";"120";"166";"8";"9"
"20.11.2015 21:45:00";"4";"0";"337";"4,69";"16777216";"1978034";"11,79";"1";"188";"166";"34";"14"
"20.11.2015 21:50:00";"4";"0";"299";"4,17";"16777216";"2145806";"12,79";"0";"142";"166";"17";"16"
"20.11.2015 21:55:00";"4";"0";"248";"3,46";"16777216";"2347132";"13,99";"0";"111";"166";"10";"11"
"20.11.2015 22:00:00";"4";"0";"343";"4,78";"16777216";"2436052";"14,52";"16";"153";"166";"5";"7"
"20.11.2015 22:05:00";"4";"0";"873";"12,17";"16777216";"4461062";"26,59";"2679";"385";"166";"24";"24"
"20.11.2015 22:10:00";"4";"0";"302";"4,21";"16777216";"3430941";"20,45";"1";"298";"166";"27";"29"
"20.11.2015 22:15:00";"4";"0";"294";"4,1";"16777216";"2268280";"13,52";"0";"142";"166";"22";"24"
"20.11.2015 22:20:00";"4";"0";"377";"5,26";"16777216";"2189427";"13,05";"5";"161";"166";"21";"23"
"20.11.2015 22:25:00";"4";"0";"279";"3,89";"16777216";"2390753";"14,25";"0";"150";"166";"9";"10"
"20.11.2015 22:30:00";"4";"0";"291";"4,05";"16777216";"1843816";"10,99";"0";"151";"166";"8";"9"
"20.11.2015 22:35:00";"4";"0";"300";"4,18";"16777216";"1719665";"10,25";"0";"161";"166";"13";"14"
"20.11.2015 22:40:00";"4";"0";"294";"4,09";"16777216";"1853882";"11,05";"0";"124";"166";"31";"31"
"20.11.2015 22:45:00";"4";"0";"284";"3,96";"16777216";"1853882";"11,05";"0";"136";"166";"18";"21"
"20.11.2015 22:50:00";"4";"0";"303";"4,22";"16777216";"2055209";"12,25";"0";"136";"166";"15";"17"
"20.11.2015 22:55:00";"4";"0";"260";"3,62";"16777216";"1988100";"11,85";"0";"115";"166";"5";"6"
"20.11.2015 23:00:00";"4";"0";"282";"3,93";"16777216";"1820328";"10,85";"0";"139";"166";"3";"5"
"20.11.2015 23:05:00";"4";"0";"321";"4,47";"16777216";"3107140";"18,52";"11";"163";"166";"7";"8"
"20.11.2015 23:10:00";"4";"0";"436";"6,07";"16777216";"2212915";"13,19";"53";"201";"166";"29";"10"
"20.11.2015 23:15:00";"4";"0";"295";"4,11";"16777216";"2402497";"14,32";"6";"153";"166";"3";"4"
"20.11.2015 23:20:00";"4";"0";"285";"3,97";"16777216";"2290090";"13,65";"1";"141";"166";"5";"6"
"20.11.2015 23:25:00";"4";"0";"256";"3,57";"16777216";"1753219";"10,45";"2";"115";"166";"2";"3"
"20.11.2015 23:30:00";"4";"0";"280";"3,91";"16777216";"1563636";"9,32";"1";"145";"166";"3";"4"
"20.11.2015 23:35:00";"4";"0";"297";"4,14";"16777216";"2189427";"13,05";"4";"163";"166";"5";"6"
"20.11.2015 23:40:00";"4";"0";"317";"4,41";"16777216";"1932735";"11,52";"2";"121";"166";"4";"5"
"20.11.2015 23:45:00";"4";"0";"370";"5,16";"16777216";"1743153";"10,39";"4";"194";"166";"28";"8"
"20.11.2015 23:50:00";"4";"0";"280";"3,9";"16777216";"2179360";"12,99";"0";"143";"166";"5";"6"
"20.11.2015 23:55:00";"4";"0";"275";"3,83";"16777216";"2246469";"13,39";"1";"120";"166";"2";"3"
"21.11.2015 00:00:00";"4";"0";"329";"4,58";"16777216";"2323644";"13,85";"3";"154";"166";"3";"4"
"21.11.2015 00:05:00";"4";"0";"763";"10,62";"16777216";"3622201";"21,59";"47";"3534";"166";"1734";"40"
"21.11.2015 00:10:00";"4";"0";"556";"7,75";"16777216";"2850449";"16,99";"79";"528";"166";"54";"6"
"21.11.2015 00:15:00";"4";"0";"802";"11,18";"16777216";"3555092";"21,19";"795";"559";"166";"59";"6"
"21.11.2015 00:20:00";"4";"0";"302";"4,21";"16777216";"3085330";"18,39";"9";"215";"166";"72";"8"
"21.11.2015 00:25:00";"4";"0";"1687";"23,49";"16777216";"5221070";"31,12";"214";"13145";"166";"30";"4"
"21.11.2015 00:30:00";"4";"0";"575";"8,02";"16777216";"5892158";"35,12";"113";"1304";"166";"113";"8"
"21.11.2015 00:35:00";"4";"0";"1224";"17,05";"16777216";"3890636";"23,19";"352";"1936";"166";"4";"5"
"21.11.2015 00:40:00";"4";"0";"260";"3,63";"16777216";"3263169";"19,45";"4";"426";"166";"3";"4"
"21.11.2015 00:45:00";"4";"0";"267";"3,73";"16777216";"2368943";"14,12";"1";"91";"166";"2";"3"
"21.11.2015 00:50:00";"4";"0";"280";"3,91";"16777216";"2189427";"13,05";"477";"87";"166";"5";"6"
"21.11.2015 00:55:00";"4";"0";"247";"3,44";"16777216";"2313578";"13,79";"0";"83";"166";"2";"3"
"21.11.2015 01:00:00";"4";"0";"274";"3,81";"16777216";"2313578";"13,79";"8";"90";"166";"3";"4"
"21.11.2015 01:05:00";"4";"0";"1118";"15,58";"16777216";"4326844";"25,79";"6173";"2065";"166";"21";"1964"
"21.11.2015 01:10:00";"4";"0";"902";"12,56";"16777216";"5242880";"31,25";"9226";"723";"166";"144";"4463"
"21.11.2015 01:15:00";"4";"0";"294";"4,1";"16777216";"5400586";"32,19";"339";"243";"166";"2";"4"
"21.11.2015 01:20:00";"4";"0";"282";"3,93";"16777216";"2582014";"15,39";"481";"85";"166";"5";"6"
"21.11.2015 01:25:00";"4";"0";"256";"3,56";"16777216";"1776707";"10,59";"0";"78";"166";"2";"3"
"21.11.2015 01:30:00";"4";"0";"263";"3,66";"16777216";"1484784";"8,85";"0";"89";"166";"3";"4"
"21.11.2015 01:35:00";"4";"0";"283";"3,94";"16777216";"1719665";"10,25";"8";"92";"166";"5";"5"
"21.11.2015 01:40:00";"4";"0";"259";"3,61";"16777216";"2491417";"14,85";"0";"96";"166";"3";"4"
"21.11.2015 01:45:00";"4";"0";"271";"3,78";"16777216";"2011588";"11,99";"16";"109";"166";"3";"4"
"21.11.2015 01:50:00";"4";"0";"289";"4,03";"16777216";"2011588";"11,99";"2";"100";"166";"5";"6"
"21.11.2015 01:55:00";"4";"0";"247";"3,45";"16777216";"2514905";"14,99";"0";"83";"166";"2";"4"
"21.11.2015 02:00:00";"4";"0";"493";"6,87";"16777216";"2582014";"15,39";"569";"249";"166";"28";"8"
"21.11.2015 02:05:00";"4";"0";"315";"4,39";"16777216";"3823528";"22,79";"136";"154";"166";"4";"5"
"21.11.2015 02:10:00";"4";"0";"243";"3,38";"16777216";"2716231";"16,19";"1";"101";"166";"3";"4"
"21.11.2015 02:15:00";"4";"0";"266";"3,7";"16777216";"1978034";"11,79";"4";"93";"166";"3";"4"
"21.11.2015 02:20:00";"4";"0";"270";"3,77";"16777216";"1810262";"10,79";"1";"104";"166";"5";"6"
"21.11.2015 02:25:00";"4";"0";"234";"3,26";"16777216";"2212915";"13,19";"1";"80";"166";"2";"3"
"21.11.2015 02:30:00";"4";"0";"249";"3,47";"16777216";"2011588";"11,99";"6";"85";"166";"3";"4"
"21.11.2015 02:35:00";"4";"0";"291";"4,06";"16777216";"2179360";"12,99";"12";"101";"166";"6";"6"
"21.11.2015 02:40:00";"4";"0";"294";"4,09";"16777216";"1978034";"11,79";"26";"102";"166";"4";"5"
"21.11.2015 02:45:00";"4";"0";"248";"3,46";"16777216";"2045143";"12,19";"0";"91";"166";"2";"4"
"21.11.2015 02:50:00";"4";"0";"276";"3,85";"16777216";"2548459";"15,19";"10";"90";"166";"5";"6"
"21.11.2015 02:55:00";"4";"0";"234";"3,26";"16777216";"2078697";"12,39";"5";"86";"166";"2";"3"
"21.11.2015 03:00:00";"4";"0";"259";"3,61";"16777216";"1474717";"8,79";"4";"90";"166";"3";"4"
"21.11.2015 03:05:00";"4";"0";"571";"7,96";"16777216";"3196060";"19,05";"68";"368";"166";"4";"5"
"21.11.2015 03:10:00";"4";"0";"251";"3,5";"16777216";"1978034";"11,79";"0";"275";"166";"3";"4"
"21.11.2015 03:15:00";"4";"0";"274";"3,81";"16777216";"2179360";"12,99";"54";"145";"166";"2";"4"
"21.11.2015 03:20:00";"4";"0";"285";"3,97";"16777216";"1944479";"11,59";"5";"113";"166";"5";"6"
"21.11.2015 03:25:00";"4";"0";"236";"3,29";"16777216";"2045143";"12,19";"0";"92";"166";"2";"3"
"21.11.2015 03:30:00";"4";"0";"254";"3,54";"16777216";"1743153";"10,39";"2";"93";"166";"3";"4"
"21.11.2015 03:35:00";"4";"0";"276";"3,85";"16777216";"1910925";"11,39";"2";"102";"166";"5";"6"
"21.11.2015 03:40:00";"4";"0";"256";"3,57";"16777216";"1743153";"10,39";"0";"93";"166";"3";"4"
"21.11.2015 03:45:00";"4";"0";"291";"4,05";"16777216";"1810262";"10,79";"4";"109";"166";"3";"4"
"21.11.2015 03:50:00";"4";"0";"269";"3,75";"16777216";"1944479";"11,59";"1";"99";"166";"5";"6"
"21.11.2015 03:55:00";"4";"0";"235";"3,27";"16777216";"1764963";"10,52";"4";"79";"166";"2";"3"
"21.11.2015 04:00:00";"4";"0";"348";"4,85";"16777216";"1865626";"11,12";"240";"140";"166";"3";"4"
"21.11.2015 04:05:00";"4";"0";"346";"4,82";"16777216";"2738042";"16,32";"176";"187";"166";"4";"5"
"21.11.2015 04:10:00";"4";"0";"260";"3,62";"16777216";"2088763";"12,45";"12";"173";"166";"6";"4"
"21.11.2015 04:15:00";"4";"0";"374";"5,21";"16777216";"3073586";"18,32";"28";"151";"166";"23";"7"
"21.11.2015 04:20:00";"4";"0";"279";"3,89";"16777216";"2659189";"15,85";"10";"126";"166";"5";"6"
"21.11.2015 04:25:00";"4";"0";"292";"4,06";"16777216";"2457862";"14,65";"8";"111";"166";"2";"3"
"21.11.2015 04:30:00";"4";"0";"253";"3,52";"16777216";"2268280";"13,52";"0";"111";"166";"3";"4"
"21.11.2015 04:35:00";"4";"0";"366";"5,11";"16777216";"1978034";"11,79";"6";"162";"166";"30";"12"
"21.11.2015 04:40:00";"4";"0";"309";"4,3";"16777216";"2033399";"12,12";"1";"119";"166";"23";"23"
"21.11.2015 04:45:00";"4";"0";"420";"5,85";"16777216";"2234725";"13,32";"6";"213";"166";"59";"19"
"21.11.2015 04:50:00";"4";"0";"343";"4,78";"16777216";"2021655";"12,05";"14";"122";"166";"9";"8"
"21.11.2015 04:55:00";"4";"0";"255";"3,55";"16777216";"2268280";"13,52";"7";"98";"166";"2";"4"
"21.11.2015 05:00:00";"4";"0";"259";"3,61";"16777216";"1853882";"11,05";"0";"107";"166";"3";"4"
"21.11.2015 05:05:00";"4";"0";"488";"6,8";"16777216";"3320211";"19,79";"38";"1394";"166";"45";"448"
"21.11.2015 05:10:00";"4";"0";"251";"3,5";"16777216";"2917558";"17,39";"9";"107";"166";"3";"4"
"21.11.2015 05:15:00";"4";"0";"250";"3,49";"16777216";"2368943";"14,12";"8";"101";"166";"2";"3"
"21.11.2015 05:20:00";"4";"0";"276";"3,84";"16777216";"2256536";"13,45";"15";"98";"166";"5";"6"
"21.11.2015 05:25:00";"4";"0";"241";"3,36";"16777216";"2256536";"13,45";"7";"85";"166";"2";"3"
"21.11.2015 05:30:00";"4";"0";"257";"3,58";"16777216";"1776707";"10,59";"8";"96";"166";"3";"4"
"21.11.2015 05:35:00";"4";"0";"292";"4,06";"16777216";"1966290";"11,72";"11";"115";"166";"5";"6"
"21.11.2015 05:40:00";"4";"0";"342";"4,77";"16777216";"1954546";"11,65";"19";"125";"166";"3";"5"
"21.11.2015 05:45:00";"4";"0";"326";"4,54";"16777216";"2301834";"13,72";"11";"168";"166";"28";"8"
"21.11.2015 05:50:00";"4";"0";"277";"3,86";"16777216";"2536715";"15,12";"10";"101";"166";"5";"6"
"21.11.2015 05:55:00";"4";"0";"249";"3,48";"16777216";"2436052";"14,52";"17";"93";"166";"2";"3"
"21.11.2015 06:00:00";"4";"0";"429";"5,98";"16777216";"2234725";"13,32";"515";"611";"166";"3";"4"
"21.11.2015 06:05:00";"4";"0";"1065";"14,84";"16777216";"5400586";"32,19";"80387";"1151";"166";"26";"5159"
"21.11.2015 06:10:00";"4";"0";"359";"5";"16777216";"6071674";"36,19";"12160";"141";"166";"41";"112"
"21.11.2015 06:15:00";"4";"0";"261";"3,63";"16777216";"3085330";"18,39";"53";"104";"166";"2";"4"
"21.11.2015 06:20:00";"4";"0";"287";"4";"16777216";"2212915";"13,19";"45";"101";"166";"5";"6"
"21.11.2015 06:25:00";"4";"0";"247";"3,44";"16777216";"2436052";"14,52";"7";"93";"166";"2";"3"
"21.11.2015 06:30:00";"4";"0";"271";"3,77";"16777216";"2033399";"12,12";"13";"104";"166";"3";"4"
"21.11.2015 06:35:00";"4";"0";"305";"4,26";"16777216";"2301834";"13,72";"14";"110";"166";"7";"7"
"21.11.2015 06:40:00";"4";"0";"281";"3,91";"16777216";"2021655";"12,05";"9";"99";"166";"4";"5"
"21.11.2015 06:45:00";"4";"0";"347";"4,83";"16777216";"1731409";"10,32";"22";"164";"166";"28";"8"
"21.11.2015 06:50:00";"4";"0";"288";"4,01";"16777216";"2222981";"13,25";"8";"102";"166";"5";"6"
"21.11.2015 06:55:00";"4";"0";"249";"3,47";"16777216";"1944479";"11,59";"8";"85";"166";"2";"3"
"21.11.2015 07:00:00";"4";"0";"273";"3,81";"16777216";"1899181";"11,32";"8";"97";"166";"3";"4"
"21.11.2015 07:05:00";"4";"0";"295";"4,12";"16777216";"2548459";"15,19";"60";"107";"166";"4";"5"
"21.11.2015 07:10:00";"4";"0";"254";"3,54";"16777216";"2011588";"11,99";"8";"101";"166";"3";"4"
"21.11.2015 07:15:00";"4";"0";"260";"3,62";"16777216";"2011588";"11,99";"10";"102";"166";"2";"4"
"21.11.2015 07:20:00";"4";"0";"286";"3,99";"16777216";"2112252";"12,59";"8";"103";"166";"5";"6"
"21.11.2015 07:25:00";"4";"0";"243";"3,39";"16777216";"2246469";"13,39";"7";"88";"166";"2";"3"
"21.11.2015 07:30:00";"4";"0";"272";"3,78";"16777216";"1820328";"10,85";"9";"107";"166";"3";"4"
"21.11.2015 07:35:00";"4";"0";"290";"4,04";"16777216";"2045143";"12,19";"21";"123";"166";"5";"6"
"21.11.2015 07:40:00";"4";"0";"269";"3,75";"16777216";"1776707";"10,59";"7";"109";"166";"3";"4"
"21.11.2015 07:45:00";"4";"0";"328";"4,57";"16777216";"1820328";"10,85";"18";"149";"166";"26";"7"
"21.11.2015 07:50:00";"4";"0";"293";"4,09";"16777216";"1978034";"11,79";"12";"105";"166";"6";"6"
"21.11.2015 07:55:00";"4";"0";"246";"3,43";"16777216";"2112252";"12,59";"8";"86";"166";"2";"3"
"21.11.2015 08:00:00";"4";"0";"362";"5,05";"16777216";"2155872";"12,85";"108";"123";"166";"3";"4"
"21.11.2015 08:05:00";"4";"0";"299";"4,16";"16777216";"2716231";"16,19";"36";"132";"166";"4";"5"
"21.11.2015 08:10:00";"4";"0";"353";"4,92";"16777216";"2280024";"13,59";"419";"531";"166";"3";"4"
"21.11.2015 08:15:00";"4";"0";"312";"4,35";"16777216";"2783340";"16,59";"17";"521";"166";"2";"4"
"21.11.2015 08:20:00";"4";"0";"287";"4";"16777216";"2145806";"12,79";"8";"116";"166";"5";"6"
"21.11.2015 08:25:00";"4";"0";"269";"3,75";"16777216";"2212915";"13,19";"10";"95";"166";"2";"3"
"21.11.2015 08:30:00";"4";"0";"268";"3,73";"16777216";"2078697";"12,39";"8";"110";"166";"3";"4"
"21.11.2015 08:35:00";"4";"0";"292";"4,08";"16777216";"1944479";"11,59";"11";"119";"166";"5";"6"
"21.11.2015 08:40:00";"4";"0";"326";"4,54";"16777216";"1642489";"9,79";"36";"106";"166";"3";"4"
"21.11.2015 08:45:00";"4";"0";"354";"4,93";"16777216";"1877370";"11,19";"15";"167";"166";"28";"8"
"21.11.2015 08:50:00";"4";"0";"285";"3,97";"16777216";"2649122";"15,79";"12";"116";"166";"5";"6"
"21.11.2015 08:55:00";"4";"0";"251";"3,5";"16777216";"2011588";"11,99";"7";"85";"166";"2";"3"
"21.11.2015 09:00:00";"4";"0";"419";"5,83";"16777216";"2167616";"12,92";"145";"112";"166";"3";"4"
"21.11.2015 09:05:00";"4";"0";"478";"6,66";"16777216";"3430941";"20,45";"35";"1226";"166";"44";"365"
"21.11.2015 09:10:00";"4";"0";"260";"3,62";"16777216";"2682677";"15,99";"1";"106";"166";"3";"4"
"21.11.2015 09:15:00";"4";"0";"274";"3,81";"16777216";"1810262";"10,79";"0";"114";"166";"2";"3"
"21.11.2015 09:20:00";"4";"0";"299";"4,16";"16777216";"2021655";"12,05";"0";"125";"166";"5";"6"
"21.11.2015 09:25:00";"4";"0";"255";"3,55";"16777216";"2134062";"12,72";"0";"101";"166";"2";"3"
"21.11.2015 09:30:00";"4";"0";"278";"3,87";"16777216";"2078697";"12,39";"1";"117";"166";"3";"4"
"21.11.2015 09:35:00";"4";"0";"301";"4,2";"16777216";"1999844";"11,92";"1";"133";"166";"5";"6"
"21.11.2015 09:40:00";"4";"0";"268";"3,74";"16777216";"1786773";"10,65";"0";"113";"166";"3";"4"
"21.11.2015 09:45:00";"4";"0";"368";"5,13";"16777216";"1832072";"10,92";"2";"168";"166";"27";"8"
"21.11.2015 09:50:00";"4";"0";"303";"4,22";"16777216";"2436052";"14,52";"0";"131";"166";"6";"6"
"21.11.2015 09:55:00";"4";"0";"248";"3,46";"16777216";"1832072";"10,92";"0";"102";"166";"2";"3"
"21.11.2015 10:00:00";"4";"0";"442";"6,16";"16777216";"2179360";"12,99";"48";"146";"166";"3";"4"
"21.11.2015 10:05:00";"4";"0";"298";"4,16";"16777216";"2939368";"17,52";"14";"149";"166";"4";"5"
"21.11.2015 10:10:00";"4";"0";"504";"7,02";"16777216";"2335388";"13,92";"429";"218";"166";"3";"4"
"21.11.2015 10:15:00";"4";"0";"545";"7,59";"16777216";"4952634";"29,52";"2602";"279";"166";"2";"3"
"21.11.2015 10:20:00";"4";"0";"556";"7,75";"16777216";"3655756";"21,79";"496";"184";"166";"5";"6"
"21.11.2015 10:25:00";"4";"0";"249";"3,47";"16777216";"2481350";"14,79";"0";"100";"166";"2";"3"
"21.11.2015 10:30:00";"4";"0";"276";"3,85";"16777216";"1820328";"10,85";"2";"121";"166";"3";"4"
"21.11.2015 10:35:00";"4";"0";"282";"3,92";"16777216";"1853882";"11,05";"2";"115";"166";"4";"5"
"21.11.2015 10:40:00";"4";"0";"258";"3,6";"16777216";"2011588";"11,99";"0";"91";"166";"3";"4"
"21.11.2015 10:45:00";"4";"0";"276";"3,85";"16777216";"1877370";"11,19";"5";"119";"166";"2";"3"
"21.11.2015 10:50:00";"4";"0";"287";"4";"16777216";"2011588";"11,99";"0";"114";"166";"5";"6"
"21.11.2015 10:55:00";"4";"0";"263";"3,67";"16777216";"1899181";"11,32";"3";"94";"166";"2";"3"
"21.11.2015 11:00:00";"4";"0";"303";"4,23";"16777216";"2357199";"14,05";"5";"134";"166";"3";"4"
"21.11.2015 11:05:00";"4";"0";"336";"4,68";"16777216";"2503161";"14,92";"32";"150";"166";"4";"5"
"21.11.2015 11:10:00";"4";"0";"286";"3,99";"16777216";"1999844";"11,92";"3";"145";"166";"3";"4"
"21.11.2015 11:15:00";"4";"0";"312";"4,35";"16777216";"2189427";"13,05";"19";"167";"166";"2";"4"
"21.11.2015 11:20:00";"4";"0";"298";"4,15";"16777216";"2503161";"14,92";"10";"148";"166";"5";"6"
"21.11.2015 11:25:00";"4";"0";"246";"3,44";"16777216";"1865626";"11,12";"8";"92";"166";"2";"3"
"21.11.2015 11:30:00";"4";"0";"267";"3,73";"16777216";"1832072";"10,92";"8";"105";"166";"3";"4"
"21.11.2015 11:35:00";"4";"0";"303";"4,22";"16777216";"2122318";"12,65";"11";"125";"166";"5";"6"
"21.11.2015 11:40:00";"4";"0";"324";"4,52";"16777216";"2021655";"12,05";"9";"115";"166";"3";"5"
"21.11.2015 11:45:00";"4";"0";"376";"5,24";"16777216";"2112252";"12,59";"16";"178";"166";"26";"8"
"21.11.2015 11:50:00";"4";"0";"290";"4,04";"16777216";"2424308";"14,45";"9";"123";"166";"7";"6"
"21.11.2015 11:55:00";"4";"0";"379";"5,28";"16777216";"2201171";"13,12";"34";"178";"166";"2";"4"
"21.11.2015 12:00:00";"4";"0";"388";"5,4";"16777216";"2514905";"14,99";"22";"180";"166";"3";"4"
"21.11.2015 12:05:00";"4";"0";"1389";"19,34";"16777216";"3934257";"23,45";"62";"1066";"166";"5";"5"
"21.11.2015 12:10:00";"4";"0";"284";"3,95";"16777216";"2984667";"17,79";"11";"1171";"166";"3";"4"
"21.11.2015 12:15:00";"4";"0";"292";"4,06";"16777216";"2155872";"12,85";"12";"133";"166";"2";"4"
"21.11.2015 12:20:00";"4";"0";"319";"4,44";"16777216";"2301834";"13,72";"15";"151";"166";"5";"6"
"21.11.2015 12:25:00";"4";"0";"280";"3,9";"16777216";"2548459";"15,19";"14";"138";"166";"2";"3"
"21.11.2015 12:30:00";"4";"0";"277";"3,86";"16777216";"2256536";"13,45";"10";"130";"166";"3";"4"
"21.11.2015 12:35:00";"4";"0";"323";"4,5";"16777216";"3152439";"18,79";"44";"2059";"166";"4";"5"
"21.11.2015 12:40:00";"4";"0";"298";"4,15";"16777216";"3174249";"18,92";"18";"136";"166";"3";"4"
"21.11.2015 12:45:00";"4";"0";"277";"3,86";"16777216";"1966290";"11,72";"8";"145";"166";"3";"4"
"21.11.2015 12:50:00";"4";"0";"396";"5,51";"16777216";"2548459";"15,19";"20";"183";"166";"30";"10"
"21.11.2015 12:55:00";"4";"0";"258";"3,59";"16777216";"2323644";"13,85";"8";"118";"166";"2";"3"
"21.11.2015 13:00:00";"4";"0";"276";"3,85";"16777216";"1920991";"11,45";"8";"131";"166";"3";"4"
"21.11.2015 13:05:00";"4";"0";"601";"8,37";"16777216";"4091963";"24,39";"24";"395";"166";"45";"639"
"21.11.2015 13:10:00";"4";"0";"258";"3,6";"16777216";"2850449";"16,99";"0";"121";"166";"2";"4"
"21.11.2015 13:15:00";"4";"0";"278";"3,87";"16777216";"2582014";"15,39";"1";"143";"166";"2";"4"
"21.11.2015 13:20:00";"4";"0";"290";"4,04";"16777216";"1910925";"11,39";"0";"139";"166";"5";"6"
"21.11.2015 13:25:00";"4";"0";"262";"3,66";"16777216";"1676044";"9,99";"0";"104";"166";"2";"3"
"21.11.2015 13:30:00";"4";"0";"332";"4,63";"16777216";"2145806";"12,79";"3";"160";"166";"3";"4"
"21.11.2015 13:35:00";"4";"0";"304";"4,24";"16777216";"2347132";"13,99";"4";"170";"166";"5";"6"
"21.11.2015 13:40:00";"4";"0";"283";"3,94";"16777216";"1877370";"11,19";"0";"138";"166";"4";"5"
"21.11.2015 13:45:00";"4";"0";"348";"4,85";"16777216";"1999844";"11,92";"0";"186";"166";"28";"8"
"21.11.2015 13:50:00";"4";"0";"277";"3,87";"16777216";"2234725";"13,32";"1";"126";"166";"5";"6"
"21.11.2015 13:55:00";"4";"0";"257";"3,58";"16777216";"2347132";"13,99";"0";"103";"166";"2";"3"
"21.11.2015 14:00:00";"4";"0";"452";"6,3";"16777216";"2491417";"14,85";"4";"200";"166";"3";"4"
"21.11.2015 14:05:00";"4";"0";"301";"4,2";"16777216";"2951112";"17,59";"3";"187";"166";"4";"5"
"21.11.2015 14:10:00";"4";"0";"388";"5,41";"16777216";"2951112";"17,59";"29";"166";"166";"3";"4"
"21.11.2015 14:15:00";"4";"0";"271";"3,79";"16777216";"2749786";"16,39";"0";"170";"166";"2";"4"
"21.11.2015 14:20:00";"4";"0";"312";"4,35";"16777216";"2347132";"13,99";"1";"151";"166";"5";"6"
"21.11.2015 14:25:00";"4";"0";"272";"3,78";"16777216";"2380687";"14,19";"0";"142";"166";"2";"3"
"21.11.2015 14:30:00";"4";"0";"314";"4,38";"16777216";"1743153";"10,39";"5";"172";"166";"3";"4"
"21.11.2015 14:35:00";"4";"0";"293";"4,08";"16777216";"2011588";"11,99";"0";"156";"166";"5";"6"
"21.11.2015 14:40:00";"4";"0";"323";"4,5";"16777216";"2112252";"12,59";"2";"111";"166";"3";"5"
"21.11.2015 14:45:00";"4";"0";"376";"5,24";"16777216";"2637378";"15,72";"2";"204";"166";"28";"8"
"21.11.2015 14:50:00";"4";"0";"280";"3,9";"16777216";"2167616";"12,92";"0";"144";"166";"5";"6"
"21.11.2015 14:55:00";"4";"0";"247";"3,44";"16777216";"2011588";"11,99";"0";"97";"166";"2";"3"
"21.11.2015 15:00:00";"4";"0";"269";"3,75";"16777216";"1753219";"10,45";"0";"129";"166";"3";"4"
"21.11.2015 15:05:00";"4";"0";"302";"4,21";"16777216";"2649122";"15,79";"5";"145";"166";"4";"5"
"21.11.2015 15:10:00";"4";"0";"285";"3,98";"16777216";"2179360";"12,99";"0";"146";"166";"3";"4"
"21.11.2015 15:15:00";"4";"0";"262";"3,65";"16777216";"2514905";"14,99";"0";"141";"166";"2";"4"
"21.11.2015 15:20:00";"4";"0";"281";"3,91";"16777216";"2469606";"14,72";"0";"124";"166";"5";"6"
"21.11.2015 15:25:00";"4";"0";"414";"5,78";"16777216";"2234725";"13,32";"317";"142";"166";"2";"3"
"21.11.2015 15:30:00";"4";"0";"299";"4,17";"16777216";"2189427";"13,05";"2";"181";"166";"3";"4"
"21.11.2015 15:35:00";"4";"0";"288";"4,01";"16777216";"1954546";"11,65";"0";"157";"166";"5";"6"
"21.11.2015 15:40:00";"4";"0";"292";"4,06";"16777216";"1686110";"10,05";"5";"132";"166";"3";"5"
"21.11.2015 15:45:00";"4";"0";"358";"4,98";"16777216";"2212915";"13,19";"1";"204";"166";"28";"8"
"21.11.2015 15:50:00";"4";"0";"304";"4,24";"16777216";"2155872";"12,85";"1";"154";"166";"5";"6"
"21.11.2015 15:55:00";"4";"0";"289";"4,03";"16777216";"2514905";"14,99";"3";"151";"166";"2";"3"
"21.11.2015 16:00:00";"4";"0";"415";"5,78";"16777216";"2256536";"13,45";"4";"188";"166";"3";"4"
"21.11.2015 16:05:00";"4";"0";"304";"4,23";"16777216";"3219548";"19,19";"4";"183";"166";"4";"5"
"21.11.2015 16:10:00";"4";"0";"258";"3,59";"16777216";"2380687";"14,19";"0";"124";"166";"3";"4"
"21.11.2015 16:15:00";"4";"0";"283";"3,94";"16777216";"1920991";"11,45";"1";"145";"166";"2";"4"
"21.11.2015 16:20:00";"4";"0";"301";"4,2";"16777216";"2850449";"16,99";"1";"166";"166";"5";"6"
"21.11.2015 16:25:00";"4";"0";"244";"3,4";"16777216";"2021655";"12,05";"0";"118";"166";"2";"3"
"21.11.2015 16:30:00";"4";"0";"268";"3,73";"16777216";"1978034";"11,79";"0";"128";"166";"3";"4"
"21.11.2015 16:35:00";"4";"0";"302";"4,21";"16777216";"1608935";"9,59";"2";"151";"166";"5";"6"
"21.11.2015 16:40:00";"4";"0";"268";"3,74";"16777216";"1597191";"9,52";"0";"128";"166";"3";"4"
"21.11.2015 16:45:00";"4";"0";"344";"4,8";"16777216";"2045143";"12,19";"7";"185";"166";"26";"8"
"21.11.2015 16:50:00";"4";"0";"290";"4,05";"16777216";"1944479";"11,59";"8";"142";"166";"7";"6"
"21.11.2015 16:55:00";"4";"0";"244";"3,41";"16777216";"2088763";"12,45";"7";"100";"166";"2";"3"
"21.11.2015 17:00:00";"4";"0";"296";"4,13";"16777216";"1719665";"10,25";"12";"144";"166";"3";"4"
"21.11.2015 17:05:00";"4";"0";"494";"6,89";"16777216";"3274913";"19,52";"10";"1380";"166";"44";"412"
"21.11.2015 17:10:00";"4";"0";"282";"3,93";"16777216";"2894070";"17,25";"1";"140";"166";"3";"4"
"21.11.2015 17:15:00";"4";"0";"263";"3,67";"16777216";"2414241";"14,39";"0";"149";"166";"2";"4"
"21.11.2015 17:20:00";"4";"0";"297";"4,13";"16777216";"2615568";"15,59";"1";"139";"166";"5";"6"
"21.11.2015 17:25:00";"4";"0";"305";"4,26";"16777216";"2167616";"12,92";"1";"146";"166";"2";"3"
"21.11.2015 17:30:00";"4";"0";"302";"4,21";"16777216";"1865626";"11,12";"1";"171";"166";"3";"4"
"21.11.2015 17:35:00";"4";"0";"301";"4,19";"16777216";"2347132";"13,99";"1";"154";"166";"5";"6"
"21.11.2015 17:40:00";"4";"0";"330";"4,6";"16777216";"2145806";"12,79";"3";"129";"166";"4";"5"
"21.11.2015 17:45:00";"4";"0";"366";"5,09";"16777216";"2826961";"16,85";"3";"194";"166";"28";"8"
"21.11.2015 17:50:00";"4";"0";"284";"3,96";"16777216";"2256536";"13,45";"1";"135";"166";"5";"6"
"21.11.2015 17:55:00";"4";"0";"243";"3,39";"16777216";"2055209";"12,25";"0";"100";"166";"2";"3"
"21.11.2015 18:00:00";"4";"0";"355";"4,95";"16777216";"2021655";"12,05";"147";"168";"166";"3";"4"
"21.11.2015 18:05:00";"4";"0";"309";"4,3";"16777216";"3040032";"18,12";"16";"178";"166";"4";"5"
"21.11.2015 18:10:00";"4";"0";"449";"6,26";"16777216";"2368943";"14,12";"59";"151";"166";"3";"4"
"21.11.2015 18:15:00";"4";"0";"302";"4,21";"16777216";"2939368";"17,52";"14";"189";"166";"3";"4"
"21.11.2015 18:20:00";"4";"0";"295";"4,11";"16777216";"2268280";"13,52";"3";"158";"166";"5";"6"
"21.11.2015 18:25:00";"4";"0";"276";"3,85";"16777216";"2256536";"13,45";"1";"131";"166";"2";"3"
"21.11.2015 18:30:00";"4";"0";"277";"3,86";"16777216";"2011588";"11,99";"0";"144";"166";"3";"4"
"21.11.2015 18:35:00";"4";"0";"365";"5,08";"16777216";"1988100";"11,85";"0";"156";"166";"56";"57"
"21.11.2015 18:40:00";"4";"0";"336";"4,69";"16777216";"1853882";"11,05";"0";"113";"166";"56";"59"
"21.11.2015 18:45:00";"4";"0";"285";"3,97";"16777216";"1932735";"11,52";"0";"141";"166";"12";"13"
"21.11.2015 18:50:00";"4";"0";"315";"4,38";"16777216";"2189427";"13,05";"0";"184";"166";"50";"20"
"21.11.2015 18:55:00";"4";"0";"259";"3,61";"16777216";"1932735";"11,52";"0";"108";"166";"11";"14"
"21.11.2015 19:00:00";"4";"0";"340";"4,74";"16777216";"2201171";"13,12";"2";"150";"166";"21";"24"
"21.11.2015 19:05:00";"4";"0";"309";"4,31";"16777216";"3219548";"19,19";"14";"158";"166";"12";"14"
"21.11.2015 19:10:00";"4";"0";"272";"3,8";"16777216";"2313578";"13,79";"1";"122";"166";"8";"10"
"21.11.2015 19:15:00";"4";"0";"291";"4,05";"16777216";"1743153";"10,39";"0";"142";"166";"18";"21"
"21.11.2015 19:20:00";"4";"0";"309";"4,31";"16777216";"2112252";"12,59";"0";"136";"166";"22";"25"
"21.11.2015 19:25:00";"4";"0";"294";"4,1";"16777216";"2112252";"12,59";"0";"108";"166";"28";"33"
"21.11.2015 19:30:00";"4";"0";"284";"3,96";"16777216";"2011588";"11,99";"0";"144";"166";"14";"16"
"21.11.2015 19:35:00";"4";"0";"343";"4,78";"16777216";"2011588";"11,99";"0";"152";"166";"40";"45"
"21.11.2015 19:40:00";"4";"0";"280";"3,9";"16777216";"1910925";"11,39";"0";"133";"166";"10";"12"
"21.11.2015 19:45:00";"4";"0";"311";"4,33";"16777216";"1843816";"10,99";"0";"169";"166";"22";"10"
"21.11.2015 19:50:00";"4";"0";"340";"4,74";"16777216";"1978034";"11,79";"0";"164";"166";"18";"12"
"21.11.2015 19:55:00";"4";"0";"265";"3,7";"16777216";"2078697";"12,39";"0";"119";"166";"13";"15"
"21.11.2015 20:00:00";"4";"0";"859";"11,97";"16777216";"3957745";"23,59";"5047";"743";"166";"24";"28"
"21.11.2015 20:05:00";"4";"0";"1039";"14,48";"16777216";"6474328";"38,59";"90844";"1611";"166";"67";"6850"
"21.11.2015 20:10:00";"4";"0";"297";"4,14";"16777216";"5467695";"32,59";"67";"173";"166";"47";"45"
"21.11.2015 20:15:00";"4";"0";"276";"3,85";"16777216";"2682677";"15,99";"14";"140";"166";"7";"8"
"21.11.2015 20:20:00";"4";"0";"343";"4,78";"16777216";"2323644";"13,85";"1269";"169";"166";"13";"14"
"21.11.2015 20:25:00";"4";"0";"256";"3,57";"16777216";"2222981";"13,25";"8";"136";"166";"7";"8"
"21.11.2015 20:30:00";"4";"0";"275";"3,83";"16777216";"1776707";"10,59";"9";"134";"166";"11";"12"
"21.11.2015 20:35:00";"4";"0";"293";"4,08";"16777216";"2078697";"12,39";"22";"142";"166";"5";"6"
"21.11.2015 20:40:00";"4";"0";"334";"4,65";"16777216";"2155872";"12,85";"33";"129";"166";"3";"5"
"21.11.2015 20:45:00";"4";"0";"362";"5,04";"16777216";"2033399";"12,12";"13";"187";"166";"28";"8"
"21.11.2015 20:50:00";"4";"0";"303";"4,23";"16777216";"1899181";"11,32";"12";"140";"166";"6";"7"
"21.11.2015 20:55:00";"4";"0";"250";"3,48";"16777216";"2033399";"12,12";"17";"108";"166";"2";"4"
"21.11.2015 21:00:00";"4";"0";"288";"4,01";"16777216";"1676044";"9,99";"9";"136";"166";"8";"10"
"21.11.2015 21:05:00";"4";"0";"419";"5,84";"16777216";"2536715";"15,12";"12";"461";"166";"61";"128"
"21.11.2015 21:10:00";"4";"0";"260";"3,62";"16777216";"2179360";"12,99";"1";"126";"166";"6";"8"
"21.11.2015 21:15:00";"4";"0";"276";"3,84";"16777216";"2078697";"12,39";"1";"138";"166";"15";"16"
"21.11.2015 21:20:00";"4";"0";"298";"4,15";"16777216";"2424308";"14,45";"0";"141";"166";"12";"13"
"21.11.2015 21:25:00";"4";"0";"255";"3,56";"16777216";"2011588";"11,99";"0";"110";"166";"6";"8"
"21.11.2015 21:30:00";"4";"0";"282";"3,93";"16777216";"1551892";"9,25";"1";"142";"166";"10";"10"
"21.11.2015 21:35:00";"4";"0";"289";"4,03";"16777216";"2122318";"12,65";"1";"148";"166";"6";"7"
"21.11.2015 21:40:00";"4";"0";"264";"3,68";"16777216";"1853882";"11,05";"0";"116";"166";"3";"5"
"21.11.2015 21:45:00";"4";"0";"340";"4,74";"16777216";"1541826";"9,19";"5";"182";"166";"28";"10"
"21.11.2015 21:50:00";"4";"0";"312";"4,35";"16777216";"1899181";"11,32";"4";"150";"166";"20";"19"
"21.11.2015 21:55:00";"4";"0";"251";"3,5";"16777216";"1887437";"11,25";"0";"109";"166";"5";"6"
"21.11.2015 22:00:00";"4";"0";"363";"5,07";"16777216";"2380687";"14,19";"119";"152";"166";"5";"7"
"21.11.2015 22:05:00";"4";"0";"347";"4,83";"16777216";"2894070";"17,25";"4";"172";"166";"39";"38"
"21.11.2015 22:10:00";"4";"0";"411";"5,72";"16777216";"2066953";"12,32";"521";"163";"166";"18";"21"
"21.11.2015 22:15:00";"4";"0";"327";"4,57";"16777216";"3051776";"18,19";"42";"193";"166";"19";"19"
"21.11.2015 22:20:00";"4";"0";"392";"5,46";"16777216";"2872260";"17,12";"1";"179";"166";"23";"25"
"21.11.2015 22:25:00";"4";"0";"252";"3,52";"16777216";"2481350";"14,79";"0";"137";"166";"7";"8"
"21.11.2015 22:30:00";"4";"0";"303";"4,22";"16777216";"2122318";"12,65";"7";"153";"166";"9";"11"
"21.11.2015 22:35:00";"4";"0";"287";"3,99";"16777216";"1743153";"10,39";"0";"156";"166";"10";"11"
"21.11.2015 22:40:00";"4";"0";"301";"4,19";"16777216";"1877370";"11,19";"0";"125";"166";"30";"30"
"21.11.2015 22:45:00";"4";"0";"278";"3,88";"16777216";"1920991";"11,45";"0";"134";"166";"17";"20"
"21.11.2015 22:50:00";"4";"0";"305";"4,26";"16777216";"2222981";"13,25";"1";"141";"166";"10";"11"
"21.11.2015 22:55:00";"4";"0";"257";"3,59";"16777216";"2212915";"13,19";"0";"118";"166";"11";"13"
"21.11.2015 23:00:00";"4";"0";"288";"4,02";"16777216";"1709598";"10,19";"0";"138";"166";"4";"5"
"21.11.2015 23:05:00";"4";"0";"301";"4,2";"16777216";"3330277";"19,85";"3";"160";"166";"5";"6"
"21.11.2015 23:10:00";"4";"0";"311";"4,33";"16777216";"2021655";"12,05";"21";"140";"166";"6";"7"
"21.11.2015 23:15:00";"4";"0";"376";"5,23";"16777216";"2280024";"13,59";"26";"209";"166";"29";"9"
"21.11.2015 23:20:00";"4";"0";"322";"4,48";"16777216";"1988100";"11,85";"1";"156";"166";"6";"7"
"21.11.2015 23:25:00";"4";"0";"247";"3,45";"16777216";"1585447";"9,45";"2";"115";"166";"2";"3"
"21.11.2015 23:30:00";"4";"0";"285";"3,97";"16777216";"1920991";"11,45";"0";"140";"166";"3";"4"
"21.11.2015 23:35:00";"4";"0";"283";"3,95";"16777216";"2021655";"12,05";"6";"149";"166";"4";"5"
"21.11.2015 23:40:00";"4";"0";"307";"4,28";"16777216";"1731409";"10,32";"1";"123";"166";"3";"4"
"21.11.2015 23:45:00";"4";"0";"289";"4,03";"16777216";"1753219";"10,45";"3";"146";"166";"3";"4"
"21.11.2015 23:50:00";"4";"0";"358";"4,99";"16777216";"1810262";"10,79";"1";"196";"166";"30";"10"
"21.11.2015 23:55:00";"4";"0";"271";"3,77";"16777216";"2033399";"12,12";"2";"123";"166";"2";"3"
"22.11.2015 00:00:00";"4";"0";"346";"4,83";"16777216";"1978034";"11,79";"5";"150";"166";"3";"4"
"22.11.2015 00:05:00";"4";"0";"579";"8,06";"16777216";"3622201";"21,59";"36";"2020";"166";"880";"23"
"22.11.2015 00:10:00";"4";"0";"558";"7,77";"16777216";"2436052";"14,52";"83";"526";"166";"49";"6"
"22.11.2015 00:15:00";"4";"0";"682";"9,49";"16777216";"4147328";"24,72";"799";"340";"166";"57";"5"
"22.11.2015 00:20:00";"4";"0";"308";"4,3";"16777216";"2749786";"16,39";"7";"100";"166";"73";"8"
"22.11.2015 00:25:00";"4";"0";"272";"3,79";"16777216";"2380687";"14,19";"7";"85";"166";"67";"5"
"22.11.2015 00:30:00";"4";"0";"287";"4,01";"16777216";"2347132";"13,99";"8";"92";"166";"79";"7"
"22.11.2015 00:35:00";"4";"0";"1498";"20,86";"16777216";"3789973";"22,59";"470";"4080";"166";"6";"5"
"22.11.2015 00:40:00";"4";"0";"268";"3,74";"16777216";"3857082";"22,99";"9";"642";"166";"3";"4"
"22.11.2015 00:45:00";"4";"0";"264";"3,68";"16777216";"2447796";"14,59";"8";"87";"166";"2";"3"
"22.11.2015 00:50:00";"4";"0";"282";"3,93";"16777216";"2100508";"12,52";"9";"87";"166";"5";"6"
"22.11.2015 00:55:00";"4";"0";"250";"3,48";"16777216";"2615568";"15,59";"10";"80";"166";"2";"3"
"22.11.2015 01:00:00";"4";"0";"277";"3,87";"16777216";"1877370";"11,19";"9";"85";"166";"3";"4"
"22.11.2015 01:05:00";"4";"0";"817";"11,38";"16777216";"3857082";"22,99";"573";"1152";"166";"47";"878"
"22.11.2015 01:10:00";"4";"0";"265";"3,7";"16777216";"2984667";"17,79";"0";"149";"166";"2";"4"
"22.11.2015 01:15:00";"4";"0";"757";"10,54";"16777216";"2659189";"15,85";"7749";"879";"166";"85";"3306"
"22.11.2015 01:20:00";"4";"0";"329";"4,59";"16777216";"4964378";"29,59";"1382";"223";"166";"5";"6"
"22.11.2015 01:25:00";"4";"0";"261";"3,64";"16777216";"2682677";"15,99";"8";"81";"166";"2";"3"
"22.11.2015 01:30:00";"4";"0";"271";"3,78";"16777216";"2134062";"12,72";"10";"91";"166";"3";"4"
"22.11.2015 01:35:00";"4";"0";"287";"4";"16777216";"1944479";"11,59";"18";"96";"166";"4";"5"
"22.11.2015 01:40:00";"4";"0";"262";"3,65";"16777216";"1743153";"10,39";"15";"96";"166";"3";"4"
"22.11.2015 01:45:00";"4";"0";"273";"3,81";"16777216";"1719665";"10,25";"27";"96";"166";"3";"4"
"22.11.2015 01:50:00";"4";"0";"288";"4,01";"16777216";"1899181";"11,32";"8";"96";"166";"5";"6"
"22.11.2015 01:55:00";"4";"0";"254";"3,55";"16777216";"2179360";"12,99";"17";"81";"166";"3";"4"
"22.11.2015 02:00:00";"4";"0";"525";"7,32";"16777216";"2424308";"14,45";"867";"621";"166";"28";"8"
"22.11.2015 02:05:00";"4";"0";"320";"4,46";"16777216";"2984667";"17,79";"53";"301";"166";"4";"5"
"22.11.2015 02:10:00";"4";"0";"241";"3,35";"16777216";"2033399";"12,12";"11";"97";"166";"3";"4"
"22.11.2015 02:15:00";"4";"0";"275";"3,83";"16777216";"2222981";"13,25";"21";"98";"166";"3";"4"
"22.11.2015 02:20:00";"4";"0";"273";"3,81";"16777216";"2436052";"14,52";"12";"96";"166";"5";"6"
"22.11.2015 02:25:00";"4";"0";"235";"3,28";"16777216";"1619001";"9,65";"7";"85";"166";"2";"3"
"22.11.2015 02:30:00";"4";"0";"254";"3,54";"16777216";"1944479";"11,59";"9";"92";"166";"3";"4"
"22.11.2015 02:35:00";"4";"0";"292";"4,07";"16777216";"3051776";"18,19";"22";"108";"166";"6";"6"
"22.11.2015 02:40:00";"4";"0";"297";"4,14";"16777216";"2222981";"13,25";"16";"100";"166";"4";"5"
"22.11.2015 02:45:00";"4";"0";"251";"3,49";"16777216";"1954546";"11,65";"7";"87";"166";"2";"4"
"22.11.2015 02:50:00";"4";"0";"271";"3,78";"16777216";"2256536";"13,45";"8";"88";"166";"5";"6"
"22.11.2015 02:55:00";"4";"0";"241";"3,36";"16777216";"1988100";"11,85";"7";"82";"166";"2";"3"
"22.11.2015 03:00:00";"4";"0";"258";"3,59";"16777216";"2011588";"11,99";"9";"87";"166";"3";"4"
"22.11.2015 03:05:00";"4";"0";"573";"7,98";"16777216";"3565158";"21,25";"68";"367";"166";"4";"5"
"22.11.2015 03:10:00";"4";"0";"244";"3,4";"16777216";"2536715";"15,12";"10";"289";"166";"2";"4"
"22.11.2015 03:15:00";"4";"0";"271";"3,78";"16777216";"2134062";"12,72";"26";"101";"166";"2";"4"
"22.11.2015 03:20:00";"4";"0";"279";"3,89";"16777216";"2066953";"12,32";"11";"111";"166";"5";"6"
"22.11.2015 03:25:00";"4";"0";"240";"3,35";"16777216";"1551892";"9,25";"55";"84";"166";"2";"3"
"22.11.2015 03:30:00";"4";"0";"252";"3,51";"16777216";"1630745";"9,72";"8";"88";"166";"3";"4"
"22.11.2015 03:35:00";"4";"0";"291";"4,06";"16777216";"1820328";"10,85";"71";"152";"166";"5";"6"
"22.11.2015 03:40:00";"4";"0";"251";"3,5";"16777216";"1978034";"11,79";"8";"95";"166";"3";"4"
"22.11.2015 03:45:00";"4";"0";"293";"4,09";"16777216";"2088763";"12,45";"20";"103";"166";"3";"4"
"22.11.2015 03:50:00";"4";"0";"360";"5,02";"16777216";"2189427";"13,05";"9";"151";"166";"30";"10"
"22.11.2015 03:55:00";"4";"0";"239";"3,33";"16777216";"1798518";"10,72";"7";"84";"166";"2";"3"
"22.11.2015 04:00:00";"4";"0";"317";"4,42";"16777216";"2100508";"12,52";"24";"115";"166";"3";"4"
"22.11.2015 04:05:00";"4";"0";"365";"5,09";"16777216";"2603824";"15,52";"266";"203";"166";"4";"5"
"22.11.2015 04:10:00";"4";"0";"241";"3,36";"16777216";"2167616";"12,92";"19";"178";"166";"3";"4"
"22.11.2015 04:15:00";"4";"0";"290";"4,05";"16777216";"2201171";"13,12";"28";"132";"166";"3";"4"
"22.11.2015 04:20:00";"4";"0";"266";"3,71";"16777216";"1966290";"11,72";"17";"118";"166";"5";"6"
"22.11.2015 04:25:00";"4";"0";"298";"4,16";"16777216";"2033399";"12,12";"26";"116";"166";"2";"3"
"22.11.2015 04:30:00";"4";"0";"247";"3,45";"16777216";"1719665";"10,25";"17";"127";"166";"3";"4"
"22.11.2015 04:35:00";"4";"0";"346";"4,82";"16777216";"1920991";"11,45";"10";"144";"166";"19";"10"
"22.11.2015 04:40:00";"4";"0";"300";"4,18";"16777216";"2033399";"12,12";"10";"123";"166";"22";"20"
"22.11.2015 04:45:00";"4";"0";"300";"4,19";"16777216";"1776707";"10,59";"23";"144";"166";"22";"20"
"22.11.2015 04:50:00";"4";"0";"467";"6,51";"16777216";"2011588";"11,99";"33";"183";"166";"53";"14"
"22.11.2015 04:55:00";"4";"0";"279";"3,88";"16777216";"2222981";"13,25";"10";"114";"166";"3";"4"
"22.11.2015 05:00:00";"4";"0";"258";"3,6";"16777216";"2045143";"12,19";"8";"119";"166";"3";"4"
"22.11.2015 05:05:00";"4";"0";"538";"7,5";"16777216";"3744675";"22,32";"21";"1766";"166";"45";"532"
"22.11.2015 05:10:00";"4";"0";"239";"3,33";"16777216";"3231292";"19,26";"4";"110";"166";"2";"4"
"22.11.2015 05:15:00";"4";"0";"254";"3,54";"16777216";"1843816";"10,99";"4";"103";"166";"2";"4"
"22.11.2015 05:20:00";"4";"0";"270";"3,76";"16777216";"2514905";"14,99";"4";"99";"166";"5";"6"
"22.11.2015 05:25:00";"4";"0";"245";"3,42";"16777216";"1944479";"11,59";"3";"90";"166";"2";"3"
"22.11.2015 05:30:00";"4";"0";"255";"3,56";"16777216";"2045143";"12,19";"4";"114";"166";"3";"4"
"22.11.2015 05:35:00";"4";"0";"285";"3,98";"16777216";"1676044";"9,99";"4";"124";"166";"5";"6"
"22.11.2015 05:40:00";"4";"0";"317";"4,42";"16777216";"1978034";"11,79";"8";"123";"166";"3";"4"
"22.11.2015 05:45:00";"4";"0";"320";"4,47";"16777216";"2078697";"12,39";"5";"165";"166";"26";"8"
"22.11.2015 05:50:00";"4";"0";"282";"3,93";"16777216";"2011588";"11,99";"3";"101";"166";"7";"6"
"22.11.2015 05:55:00";"4";"0";"259";"3,61";"16777216";"1910925";"11,39";"8";"111";"166";"2";"3"
"22.11.2015 06:00:00";"4";"0";"339";"4,72";"16777216";"2481350";"14,79";"45";"158";"166";"3";"4"
"22.11.2015 06:05:00";"4";"0";"1719";"23,94";"16777216";"4226181";"25,19";"83381";"573";"166";"16";"2797"
"22.11.2015 06:10:00";"4";"0";"335";"4,67";"16777216";"4997933";"29,79";"9596";"140";"166";"40";"87"
"22.11.2015 06:15:00";"4";"0";"258";"3,59";"16777216";"2716231";"16,19";"55";"96";"166";"2";"4"
"22.11.2015 06:20:00";"4";"0";"293";"4,08";"16777216";"2548459";"15,19";"1146";"124";"166";"5";"6"
"22.11.2015 06:25:00";"4";"0";"249";"3,47";"16777216";"2447796";"14,59";"5";"93";"166";"2";"3"
"22.11.2015 06:30:00";"4";"0";"262";"3,65";"16777216";"2078697";"12,39";"3";"106";"166";"3";"4"
"22.11.2015 06:35:00";"4";"0";"323";"4,5";"16777216";"2145806";"12,79";"17";"115";"166";"7";"8"
"22.11.2015 06:40:00";"4";"0";"279";"3,89";"16777216";"1910925";"11,39";"5";"102";"166";"4";"5"
"22.11.2015 06:45:00";"4";"0";"349";"4,85";"16777216";"2011588";"11,99";"12";"175";"166";"28";"8"
"22.11.2015 06:50:00";"4";"0";"286";"3,98";"16777216";"2447796";"14,59";"16";"103";"166";"5";"6"
"22.11.2015 06:55:00";"4";"0";"247";"3,45";"16777216";"1920991";"11,45";"5";"85";"166";"2";"3"
"22.11.2015 07:00:00";"4";"0";"275";"3,84";"16777216";"2347132";"13,99";"9";"116";"166";"3";"4"
"22.11.2015 07:05:00";"4";"0";"296";"4,12";"16777216";"2290090";"13,65";"47";"127";"166";"4";"5"
"22.11.2015 07:10:00";"4";"0";"250";"3,49";"16777216";"2066953";"12,32";"2";"120";"166";"3";"4"
"22.11.2015 07:15:00";"4";"0";"258";"3,6";"16777216";"1719665";"10,25";"0";"113";"166";"2";"4"
"22.11.2015 07:20:00";"4";"0";"287";"4,01";"16777216";"2457862";"14,65";"0";"121";"166";"5";"6"
"22.11.2015 07:25:00";"4";"0";"239";"3,33";"16777216";"1843816";"10,99";"1";"96";"166";"2";"3"
"22.11.2015 07:30:00";"4";"0";"276";"3,85";"16777216";"1853882";"11,05";"0";"120";"166";"3";"4"
"22.11.2015 07:35:00";"4";"0";"296";"4,13";"16777216";"1832072";"10,92";"12";"133";"166";"5";"6"
"22.11.2015 07:40:00";"4";"0";"274";"3,81";"16777216";"1966290";"11,72";"0";"128";"166";"4";"5"
"22.11.2015 07:45:00";"4";"0";"332";"4,62";"16777216";"2469606";"14,72";"2";"162";"166";"26";"8"
"22.11.2015 07:50:00";"4";"0";"282";"3,92";"16777216";"2055209";"12,25";"0";"104";"166";"5";"6"
"22.11.2015 07:55:00";"4";"0";"235";"3,28";"16777216";"2155872";"12,85";"1";"85";"166";"2";"3"
"22.11.2015 08:00:00";"4";"0";"372";"5,18";"16777216";"2088763";"12,45";"313";"168";"166";"3";"4"
"22.11.2015 08:05:00";"4";"0";"324";"4,52";"16777216";"2649122";"15,79";"90";"163";"166";"4";"5"
"22.11.2015 08:10:00";"4";"0";"348";"4,84";"16777216";"2155872";"12,85";"280";"523";"166";"3";"4"
"22.11.2015 08:15:00";"4";"0";"298";"4,15";"16777216";"2783340";"16,59";"1";"519";"166";"2";"4"
"22.11.2015 08:20:00";"4";"0";"293";"4,08";"16777216";"2347132";"13,99";"4";"135";"166";"5";"6"
"22.11.2015 08:25:00";"4";"0";"263";"3,66";"16777216";"1944479";"11,59";"0";"107";"166";"2";"3"
"22.11.2015 08:30:00";"4";"0";"276";"3,85";"16777216";"1820328";"10,85";"2";"127";"166";"3";"4"
"22.11.2015 08:35:00";"4";"0";"293";"4,09";"16777216";"2045143";"12,19";"13";"157";"166";"5";"6"
"22.11.2015 08:40:00";"4";"0";"326";"4,55";"16777216";"2212915";"13,19";"5";"138";"166";"3";"5"
"22.11.2015 08:45:00";"4";"0";"349";"4,86";"16777216";"1932735";"11,52";"2";"174";"166";"28";"8"
"22.11.2015 08:50:00";"4";"0";"284";"3,95";"16777216";"1944479";"11,59";"0";"123";"166";"5";"6"
"22.11.2015 08:55:00";"4";"0";"243";"3,39";"16777216";"2066953";"12,32";"1";"95";"166";"2";"3"
"22.11.2015 09:00:00";"4";"0";"290";"4,04";"16777216";"1686110";"10,05";"0";"131";"166";"3";"4"
"22.11.2015 09:05:00";"4";"0";"473";"6,58";"16777216";"3152439";"18,79";"16";"1265";"166";"44";"374"
"22.11.2015 09:10:00";"4";"0";"259";"3,61";"16777216";"2424308";"14,45";"0";"113";"166";"3";"4"
"22.11.2015 09:15:00";"4";"0";"271";"3,78";"16777216";"1709598";"10,19";"0";"136";"166";"2";"4"
"22.11.2015 09:20:00";"4";"0";"297";"4,15";"16777216";"1820328";"10,85";"1";"147";"166";"5";"6"
"22.11.2015 09:25:00";"4";"0";"252";"3,51";"16777216";"2033399";"12,12";"0";"107";"166";"2";"3"
"22.11.2015 09:30:00";"4";"0";"288";"4,01";"16777216";"1652556";"9,85";"0";"132";"166";"3";"4"
"22.11.2015 09:35:00";"4";"0";"300";"4,18";"16777216";"2256536";"13,45";"5";"154";"166";"5";"6"
"22.11.2015 09:40:00";"4";"0";"279";"3,88";"16777216";"1988100";"11,85";"0";"114";"166";"4";"5"
"22.11.2015 09:45:00";"4";"0";"351";"4,88";"16777216";"1865626";"11,12";"1";"186";"166";"28";"8"
"22.11.2015 09:50:00";"4";"0";"296";"4,12";"16777216";"2078697";"12,39";"0";"144";"166";"5";"6"
"22.11.2015 09:55:00";"4";"0";"251";"3,5";"16777216";"2134062";"12,72";"0";"106";"166";"2";"3"
"22.11.2015 10:00:00";"4";"0";"427";"5,94";"16777216";"1954546";"11,65";"17";"164";"166";"3";"4"
"22.11.2015 10:05:00";"4";"0";"594";"8,28";"16777216";"3263169";"19,45";"543";"330";"166";"4";"5"
"22.11.2015 10:10:00";"4";"0";"254";"3,54";"16777216";"2514905";"14,99";"8";"253";"166";"3";"4"
"22.11.2015 10:15:00";"4";"0";"288";"4,02";"16777216";"2201171";"13,12";"30";"136";"166";"2";"4"
"22.11.2015 10:20:00";"4";"0";"542";"7,55";"16777216";"1988100";"11,85";"39";"144";"166";"5";"6"
"22.11.2015 10:25:00";"4";"0";"250";"3,49";"16777216";"2380687";"14,19";"13";"106";"166";"2";"3"
"22.11.2015 10:30:00";"4";"0";"274";"3,82";"16777216";"1810262";"10,79";"9";"125";"166";"3";"4"
"22.11.2015 10:35:00";"4";"0";"275";"3,84";"16777216";"1966290";"11,72";"10";"133";"166";"4";"5"
"22.11.2015 10:40:00";"4";"0";"253";"3,53";"16777216";"2078697";"12,39";"7";"96";"166";"2";"4"
"22.11.2015 10:45:00";"4";"0";"271";"3,77";"16777216";"1676044";"9,99";"17";"125";"166";"2";"4"
"22.11.2015 10:50:00";"4";"0";"273";"3,81";"16777216";"2246469";"13,39";"7";"119";"166";"5";"6"
"22.11.2015 10:55:00";"4";"0";"252";"3,51";"16777216";"1910925";"11,39";"8";"98";"166";"2";"3"
"22.11.2015 11:00:00";"4";"0";"296";"4,12";"16777216";"1743153";"10,39";"12";"143";"166";"3";"4"
"22.11.2015 11:05:00";"4";"0";"324";"4,51";"16777216";"2894070";"17,25";"82";"162";"166";"4";"5"
"22.11.2015 11:10:00";"4";"0";"277";"3,86";"16777216";"2011588";"11,99";"19";"150";"166";"3";"4"
"22.11.2015 11:15:00";"4";"0";"303";"4,22";"16777216";"2145806";"12,79";"15";"168";"166";"2";"4"
"22.11.2015 11:20:00";"4";"0";"292";"4,07";"16777216";"2280024";"13,59";"9";"148";"166";"5";"6"
"22.11.2015 11:25:00";"4";"0";"247";"3,45";"16777216";"2045143";"12,19";"7";"103";"166";"2";"3"
"22.11.2015 11:30:00";"4";"0";"260";"3,62";"16777216";"2179360";"12,99";"8";"124";"166";"3";"4"
"22.11.2015 11:35:00";"4";"0";"304";"4,24";"16777216";"2212915";"13,19";"12";"138";"166";"5";"6"
"22.11.2015 11:40:00";"4";"0";"319";"4,44";"16777216";"2179360";"12,99";"9";"126";"166";"3";"5"
"22.11.2015 11:45:00";"4";"0";"383";"5,33";"16777216";"2447796";"14,59";"16";"203";"166";"28";"8"
"22.11.2015 11:50:00";"4";"0";"272";"3,79";"16777216";"1920991";"11,45";"9";"132";"166";"5";"6"
"22.11.2015 11:55:00";"4";"0";"386";"5,38";"16777216";"2402497";"14,32";"29";"199";"166";"2";"3"
"22.11.2015 12:00:00";"4";"0";"391";"5,45";"16777216";"2112252";"12,59";"24";"194";"166";"3";"4"
"22.11.2015 12:05:00";"4";"0";"1492";"20,78";"16777216";"4360398";"25,99";"134";"1279";"166";"5";"5"
"22.11.2015 12:10:00";"4";"0";"278";"3,87";"16777216";"2951112";"17,59";"12";"1003";"166";"3";"4"
"22.11.2015 12:15:00";"4";"0";"302";"4,21";"16777216";"2246469";"13,39";"19";"140";"166";"2";"3"
"22.11.2015 12:20:00";"4";"0";"316";"4,4";"16777216";"2011588";"11,99";"18";"162";"166";"5";"6"
"22.11.2015 12:25:00";"4";"0";"282";"3,93";"16777216";"2145806";"12,79";"13";"133";"166";"2";"3"
"22.11.2015 12:30:00";"4";"0";"270";"3,77";"16777216";"1709598";"10,19";"10";"142";"166";"3";"4"
"22.11.2015 12:35:00";"4";"0";"302";"4,21";"16777216";"1910925";"11,39";"10";"150";"166";"5";"5"
"22.11.2015 12:40:00";"4";"0";"301";"4,19";"16777216";"2692743";"16,05";"11";"2078";"166";"3";"4"
"22.11.2015 12:45:00";"4";"0";"292";"4,07";"16777216";"2894070";"17,25";"5";"150";"166";"10";"5"
"22.11.2015 12:50:00";"4";"0";"368";"5,13";"16777216";"2112252";"12,59";"11";"169";"166";"24";"9"
"22.11.2015 12:55:00";"4";"0";"265";"3,69";"16777216";"1944479";"11,59";"16";"118";"166";"2";"3"
"22.11.2015 13:00:00";"4";"0";"274";"3,82";"16777216";"2088763";"12,45";"11";"131";"166";"3";"4"
"22.11.2015 13:05:00";"4";"0";"606";"8,44";"16777216";"3375576";"20,12";"49";"365";"166";"45";"634"
"22.11.2015 13:10:00";"4";"0";"263";"3,67";"16777216";"3286657";"19,59";"0";"128";"166";"3";"4"
"22.11.2015 13:15:00";"4";"0";"281";"3,91";"16777216";"2436052";"14,52";"1";"136";"166";"2";"3"
"22.11.2015 13:20:00";"4";"0";"291";"4,05";"16777216";"2155872";"12,85";"4";"135";"166";"5";"6"
"22.11.2015 13:25:00";"4";"0";"262";"3,66";"16777216";"2066953";"12,32";"4";"97";"166";"2";"3"
"22.11.2015 13:30:00";"4";"0";"326";"4,54";"16777216";"1853882";"11,05";"16";"155";"166";"3";"4"
"22.11.2015 13:35:00";"4";"0";"304";"4,23";"16777216";"1853882";"11,05";"9";"170";"166";"5";"6"
"22.11.2015 13:40:00";"4";"0";"278";"3,88";"16777216";"1899181";"11,32";"3";"135";"166";"4";"5"
"22.11.2015 13:45:00";"4";"0";"370";"5,15";"16777216";"1978034";"11,79";"2";"191";"166";"28";"8"
"22.11.2015 13:50:00";"4";"0";"278";"3,88";"16777216";"2692743";"16,05";"5";"126";"166";"5";"6"
"22.11.2015 13:55:00";"4";"0";"259";"3,61";"16777216";"2335388";"13,92";"5";"106";"166";"2";"3"
"22.11.2015 14:00:00";"4";"0";"472";"6,57";"16777216";"2503161";"14,92";"453";"278";"166";"3";"4"
"22.11.2015 14:05:00";"4";"0";"513";"7,15";"16777216";"3867148";"23,05";"415";"263";"166";"4";"5"
"22.11.2015 14:10:00";"4";"0";"268";"3,73";"16777216";"2491417";"14,85";"12";"153";"166";"3";"4"
"22.11.2015 14:15:00";"4";"0";"278";"3,87";"16777216";"2323644";"13,85";"11";"140";"166";"2";"3"
"22.11.2015 14:20:00";"4";"0";"309";"4,31";"16777216";"2212915";"13,19";"14";"151";"166";"5";"6"
"22.11.2015 14:25:00";"4";"0";"267";"3,72";"16777216";"2246469";"13,39";"12";"136";"166";"2";"3"
"22.11.2015 14:30:00";"4";"0";"314";"4,37";"16777216";"2222981";"13,25";"20";"164";"166";"3";"4"
"22.11.2015 14:35:00";"4";"0";"294";"4,1";"16777216";"2323644";"13,85";"9";"157";"166";"5";"6"
"22.11.2015 14:40:00";"4";"0";"326";"4,54";"16777216";"2234725";"13,32";"12";"110";"166";"6";"5"
"22.11.2015 14:45:00";"4";"0";"365";"5,09";"16777216";"1865626";"11,12";"15";"195";"166";"26";"7"
"22.11.2015 14:50:00";"4";"0";"279";"3,89";"16777216";"2066953";"12,32";"8";"141";"166";"5";"6"
"22.11.2015 14:55:00";"4";"0";"246";"3,43";"16777216";"2100508";"12,52";"5";"99";"166";"2";"3"
"22.11.2015 15:00:00";"4";"0";"273";"3,8";"16777216";"1920991";"11,45";"6";"126";"166";"3";"4"
"22.11.2015 15:05:00";"4";"0";"302";"4,2";"16777216";"2558525";"15,25";"11";"151";"166";"4";"5"
"22.11.2015 15:10:00";"4";"0";"289";"4,02";"16777216";"2066953";"12,32";"7";"149";"166";"3";"4"
"22.11.2015 15:15:00";"4";"0";"262";"3,65";"16777216";"2323644";"13,85";"4";"142";"166";"2";"4"
"22.11.2015 15:20:00";"4";"0";"280";"3,9";"16777216";"2179360";"12,99";"14";"127";"166";"5";"6"
"22.11.2015 15:25:00";"4";"0";"407";"5,68";"16777216";"2078697";"12,39";"326";"138";"166";"2";"3"
"22.11.2015 15:30:00";"4";"0";"299";"4,16";"16777216";"2066953";"12,32";"7";"171";"166";"3";"4"
"22.11.2015 15:35:00";"4";"0";"286";"3,99";"16777216";"2066953";"12,32";"4";"156";"166";"5";"6"
"22.11.2015 15:40:00";"4";"0";"296";"4,12";"16777216";"1676044";"9,99";"6";"133";"166";"4";"5"
"22.11.2015 15:45:00";"4";"0";"357";"4,98";"16777216";"2145806";"12,79";"13";"205";"166";"28";"8"
"22.11.2015 15:50:00";"4";"0";"302";"4,21";"16777216";"2570269";"15,32";"12";"154";"166";"5";"6"
"22.11.2015 15:55:00";"4";"0";"277";"3,87";"16777216";"2469606";"14,72";"12";"144";"166";"2";"3"
"22.11.2015 16:00:00";"4";"0";"492";"6,86";"16777216";"2436052";"14,52";"197";"573";"166";"3";"4"
"22.11.2015 16:05:00";"4";"0";"304";"4,23";"16777216";"3185993";"18,99";"14";"411";"166";"4";"5"
"22.11.2015 16:10:00";"4";"0";"262";"3,64";"16777216";"2368943";"14,12";"9";"117";"166";"3";"4"
"22.11.2015 16:15:00";"4";"0";"278";"3,88";"16777216";"1877370";"11,19";"11";"144";"166";"2";"4"
"22.11.2015 16:20:00";"4";"0";"304";"4,24";"16777216";"2301834";"13,72";"12";"163";"166";"5";"6"
"22.11.2015 16:25:00";"4";"0";"251";"3,5";"16777216";"1999844";"11,92";"11";"121";"166";"2";"3"
"22.11.2015 16:30:00";"4";"0";"271";"3,78";"16777216";"1719665";"10,25";"28";"128";"166";"3";"4"
"22.11.2015 16:35:00";"4";"0";"304";"4,23";"16777216";"1966290";"11,72";"28";"155";"166";"5";"6"
"22.11.2015 16:40:00";"4";"0";"277";"3,86";"16777216";"2179360";"12,99";"8";"131";"166";"3";"5"
"22.11.2015 16:45:00";"4";"0";"351";"4,89";"16777216";"1978034";"11,79";"12";"185";"166";"28";"8"
"22.11.2015 16:50:00";"4";"0";"279";"3,89";"16777216";"2179360";"12,99";"8";"134";"166";"5";"6"
"22.11.2015 16:55:00";"4";"0";"244";"3,41";"16777216";"2011588";"11,99";"7";"101";"166";"2";"3"
"22.11.2015 17:00:00";"4";"0";"294";"4,1";"16777216";"1843816";"10,99";"13";"151";"166";"3";"4"
"22.11.2015 17:05:00";"4";"0";"525";"7,32";"16777216";"3231292";"19,26";"8";"1767";"166";"44";"514"
"22.11.2015 17:10:00";"4";"0";"283";"3,94";"16777216";"2850449";"16,99";"13";"130";"166";"3";"4"
"22.11.2015 17:15:00";"4";"0";"263";"3,67";"16777216";"2548459";"15,19";"9";"142";"166";"2";"4"
"22.11.2015 17:20:00";"4";"0";"297";"4,14";"16777216";"2582014";"15,39";"10";"138";"166";"5";"6"
"22.11.2015 17:25:00";"4";"0";"305";"4,25";"16777216";"2212915";"13,19";"16";"141";"166";"2";"3"
"22.11.2015 17:30:00";"4";"0";"292";"4,07";"16777216";"2179360";"12,99";"11";"162";"166";"3";"4"
"22.11.2015 17:35:00";"4";"0";"301";"4,2";"16777216";"2145806";"12,79";"10";"155";"166";"5";"6"
"22.11.2015 17:40:00";"4";"0";"322";"4,48";"16777216";"1743153";"10,39";"10";"134";"166";"3";"4"
"22.11.2015 17:45:00";"4";"0";"345";"4,82";"16777216";"1843816";"10,99";"13";"185";"166";"26";"8"
"22.11.2015 17:50:00";"4";"0";"295";"4,11";"16777216";"2179360";"12,99";"8";"137";"166";"7";"6"
"22.11.2015 17:55:00";"4";"0";"244";"3,4";"16777216";"2514905";"14,99";"8";"102";"166";"2";"3"
"22.11.2015 18:00:00";"4";"0";"360";"5,02";"16777216";"2246469";"13,39";"110";"148";"166";"3";"4"
"22.11.2015 18:05:00";"4";"0";"462";"6,45";"16777216";"4091963";"24,39";"1035";"221";"166";"4";"5"
"22.11.2015 18:10:00";"4";"0";"288";"4,01";"16777216";"2649122";"15,79";"2";"150";"166";"3";"4"
"22.11.2015 18:15:00";"4";"0";"299";"4,16";"16777216";"2145806";"12,79";"8";"150";"166";"3";"4"
"22.11.2015 18:20:00";"4";"0";"296";"4,12";"16777216";"2414241";"14,39";"2";"153";"166";"5";"6"
"22.11.2015 18:25:00";"4";"0";"273";"3,81";"16777216";"2290090";"13,65";"1";"129";"166";"2";"3"
"22.11.2015 18:30:00";"4";"0";"279";"3,89";"16777216";"2234725";"13,32";"0";"146";"166";"3";"4"
"22.11.2015 18:35:00";"4";"0";"346";"4,82";"16777216";"2457862";"14,65";"7";"160";"166";"54";"55"
"22.11.2015 18:40:00";"4";"0";"344";"4,8";"16777216";"1798518";"10,72";"0";"123";"166";"55";"58"
"22.11.2015 18:45:00";"4";"0";"285";"3,98";"16777216";"1865626";"11,12";"2";"139";"166";"14";"16"
"22.11.2015 18:50:00";"4";"0";"325";"4,53";"16777216";"1966290";"11,72";"0";"182";"166";"50";"19"
"22.11.2015 18:55:00";"4";"0";"274";"3,82";"16777216";"2268280";"13,52";"4";"106";"166";"17";"21"
"22.11.2015 19:00:00";"4";"0";"329";"4,59";"16777216";"1877370";"11,19";"5";"150";"166";"19";"21"
"22.11.2015 19:05:00";"4";"0";"300";"4,18";"16777216";"3061842";"18,25";"19";"150";"166";"12";"14"
"22.11.2015 19:10:00";"4";"0";"295";"4,11";"16777216";"2380687";"14,19";"1";"134";"166";"18";"21"
"22.11.2015 19:15:00";"4";"0";"288";"4,01";"16777216";"1630745";"9,72";"0";"141";"166";"21";"23"
"22.11.2015 19:20:00";"4";"0";"324";"4,51";"16777216";"2469606";"14,72";"0";"142";"166";"31";"36"
"22.11.2015 19:25:00";"4";"0";"266";"3,71";"16777216";"1832072";"10,92";"0";"101";"166";"16";"18"
"22.11.2015 19:30:00";"4";"0";"323";"4,51";"16777216";"1910925";"11,39";"1";"138";"166";"37";"42"
"22.11.2015 19:35:00";"4";"0";"297";"4,13";"16777216";"1798518";"10,72";"3";"154";"166";"11";"13"
"22.11.2015 19:40:00";"4";"0";"274";"3,82";"16777216";"1731409";"10,32";"1";"133";"166";"6";"8"
"22.11.2015 19:45:00";"4";"0";"284";"3,96";"16777216";"1910925";"11,39";"1";"153";"166";"11";"10"
"22.11.2015 19:50:00";"4";"0";"392";"5,47";"16777216";"2659189";"15,85";"1";"187";"166";"45";"29"
"22.11.2015 19:55:00";"4";"0";"286";"3,99";"16777216";"2066953";"12,32";"0";"117";"166";"27";"31"
"22.11.2015 20:00:00";"4";"0";"826";"11,5";"16777216";"3509794";"20,92";"5308";"430";"166";"17";"20"
"22.11.2015 20:05:00";"4";"0";"1081";"15,06";"16777216";"5578424";"33,25";"50453";"1346";"166";"112";"33948"
"22.11.2015 20:10:00";"4";"0";"674";"9,38";"16777216";"5232814";"31,19";"24868";"283";"166";"3692";"14929"
"22.11.2015 20:15:00";"4";"0";"281";"3,91";"16777216";"3576902";"21,32";"38";"150";"166";"12";"13"
"22.11.2015 20:20:00";"4";"0";"329";"4,59";"16777216";"2313578";"13,79";"1124";"152";"166";"13";"14"
"22.11.2015 20:25:00";"4";"0";"246";"3,42";"16777216";"2826961";"16,85";"11";"127";"166";"2";"3"
"22.11.2015 20:30:00";"4";"0";"269";"3,75";"16777216";"2189427";"13,05";"8";"128";"166";"3";"4"
"22.11.2015 20:35:00";"4";"0";"291";"4,06";"16777216";"1743153";"10,39";"27";"142";"166";"5";"6"
"22.11.2015 20:40:00";"4";"0";"329";"4,59";"16777216";"1776707";"10,59";"32";"125";"166";"3";"5"
"22.11.2015 20:45:00";"4";"0";"359";"5,01";"16777216";"1743153";"10,39";"15";"186";"166";"28";"8"
"22.11.2015 20:50:00";"4";"0";"300";"4,19";"16777216";"1920991";"11,45";"8";"135";"166";"5";"6"
"22.11.2015 20:55:00";"4";"0";"251";"3,5";"16777216";"2189427";"13,05";"8";"109";"166";"3";"4"
"22.11.2015 21:00:00";"4";"0";"273";"3,81";"16777216";"2088763";"12,45";"11";"131";"166";"3";"4"
"22.11.2015 21:05:00";"4";"0";"391";"5,45";"16777216";"2927624";"17,45";"55";"451";"166";"43";"108"
"22.11.2015 21:10:00";"4";"0";"254";"3,54";"16777216";"1832072";"10,92";"3";"123";"166";"3";"4"
"22.11.2015 21:15:00";"4";"0";"266";"3,7";"16777216";"1619001";"9,65";"4";"132";"166";"6";"8"
"22.11.2015 21:20:00";"4";"0";"322";"4,48";"16777216";"2424308";"14,45";"5";"153";"166";"23";"24"
"22.11.2015 21:25:00";"4";"0";"264";"3,68";"16777216";"2514905";"14,99";"3";"120";"166";"11";"13"
"22.11.2015 21:30:00";"4";"0";"278";"3,87";"16777216";"2145806";"12,79";"4";"135";"166";"11";"12"
"22.11.2015 21:35:00";"4";"0";"295";"4,11";"16777216";"1910925";"11,39";"5";"149";"166";"10";"11"
"22.11.2015 21:40:00";"4";"0";"273";"3,81";"16777216";"1910925";"11,39";"4";"119";"166";"8";"10"
"22.11.2015 21:45:00";"4";"0";"379";"5,28";"16777216";"2481350";"14,79";"7";"191";"166";"37";"15"
"22.11.2015 21:50:00";"4";"0";"279";"3,89";"16777216";"2011588";"11,99";"4";"135";"166";"7";"8"
"22.11.2015 21:55:00";"4";"0";"273";"3,8";"16777216";"2514905";"14,99";"4";"116";"166";"15";"16"
"22.11.2015 22:00:00";"4";"0";"348";"4,85";"16777216";"2078697";"12,39";"33";"151";"166";"7";"8"
"22.11.2015 22:05:00";"4";"0";"508";"7,08";"16777216";"2984667";"17,79";"177";"214";"166";"6";"7"
"22.11.2015 22:10:00";"4";"0";"295";"4,12";"16777216";"2280024";"13,59";"8";"177";"166";"32";"33"
"22.11.2015 22:15:00";"4";"0";"291";"4,06";"16777216";"2112252";"12,59";"6";"137";"166";"23";"25"
"22.11.2015 22:20:00";"4";"0";"377";"5,25";"16777216";"2189427";"13,05";"6";"165";"166";"23";"23"
"22.11.2015 22:25:00";"4";"0";"282";"3,93";"16777216";"2246469";"13,39";"4";"149";"166";"20";"22"
"22.11.2015 22:30:00";"4";"0";"286";"3,98";"16777216";"2280024";"13,59";"4";"148";"166";"8";"9"
"22.11.2015 22:35:00";"4";"0";"289";"4,03";"16777216";"2212915";"13,19";"7";"154";"166";"9";"10"
"22.11.2015 22:40:00";"4";"0";"265";"3,7";"16777216";"1541826";"9,19";"4";"119";"166";"11";"13"
"22.11.2015 22:45:00";"4";"0";"313";"4,36";"16777216";"1877370";"11,19";"4";"140";"166";"35";"37"
"22.11.2015 22:50:00";"4";"0";"304";"4,23";"16777216";"2078697";"12,39";"2";"141";"166";"15";"18"
"22.11.2015 22:55:00";"4";"0";"272";"3,8";"16777216";"2280024";"13,59";"2";"114";"166";"13";"15"
"22.11.2015 23:00:00";"4";"0";"274";"3,82";"16777216";"2112252";"12,59";"3";"140";"166";"4";"6"
"22.11.2015 23:05:00";"4";"0";"310";"4,32";"16777216";"3320211";"19,79";"7";"160";"166";"5";"6"
"22.11.2015 23:10:00";"4";"0";"310";"4,32";"16777216";"2347132";"13,99";"20";"145";"166";"5";"6"
"22.11.2015 23:15:00";"4";"0";"362";"5,05";"16777216";"2414241";"14,39";"16";"202";"166";"29";"10"
"22.11.2015 23:20:00";"4";"0";"352";"4,91";"16777216";"2481350";"14,79";"4";"158";"166";"7";"7"
"22.11.2015 23:25:00";"4";"0";"251";"3,5";"16777216";"2659189";"15,85";"5";"117";"166";"2";"3"
"22.11.2015 23:30:00";"4";"0";"285";"3,96";"16777216";"2011588";"11,99";"2";"140";"166";"3";"4"
"22.11.2015 23:35:00";"4";"0";"298";"4,16";"16777216";"2179360";"12,99";"5";"161";"166";"5";"6"
"22.11.2015 23:40:00";"4";"0";"305";"4,25";"16777216";"1999844";"11,92";"4";"120";"166";"3";"4"
"22.11.2015 23:45:00";"4";"0";"292";"4,07";"16777216";"2280024";"13,59";"7";"148";"166";"6";"5"
"22.11.2015 23:50:00";"4";"0";"361";"5,04";"16777216";"2011588";"11,99";"3";"191";"166";"27";"9"
"22.11.2015 23:55:00";"4";"0";"274";"3,81";"16777216";"2582014";"15,39";"2";"121";"166";"2";"3"
"23.11.2015 00:00:00";"4";"0";"334";"4,66";"16777216";"2615568";"15,59";"8";"145";"166";"3";"4"
"23.11.2015 00:05:00";"4";"0";"470";"6,55";"16777216";"3576902";"21,32";"46";"459";"166";"56";"7"
"23.11.2015 00:10:00";"4";"0";"562";"7,84";"16777216";"3185993";"18,99";"93";"532";"166";"52";"6"
"23.11.2015 00:15:00";"4";"0";"1062";"14,79";"16777216";"4102029";"24,45";"8071";"343";"166";"127";"2521"
"23.11.2015 00:20:00";"4";"0";"331";"4,62";"16777216";"6081741";"36,25";"252";"97";"166";"67";"8"
"23.11.2015 00:25:00";"4";"0";"269";"3,75";"16777216";"3464495";"20,65";"0";"82";"166";"59";"5"
"23.11.2015 00:30:00";"4";"0";"281";"3,92";"16777216";"2167616";"12,92";"1";"90";"166";"64";"6"
"23.11.2015 00:35:00";"4";"0";"1531";"21,33";"16777216";"3118884";"18,59";"467";"4072";"166";"34";"6"
"23.11.2015 00:40:00";"4";"0";"265";"3,69";"16777216";"3878892";"23,12";"9";"849";"166";"3";"4"
"23.11.2015 00:45:00";"4";"0";"267";"3,72";"16777216";"2246469";"13,39";"9";"86";"166";"2";"3"
"23.11.2015 00:50:00";"4";"0";"281";"3,92";"16777216";"1843816";"10,99";"11";"89";"166";"5";"5"
"23.11.2015 00:55:00";"4";"0";"254";"3,54";"16777216";"1719665";"10,25";"9";"78";"166";"2";"3"
"23.11.2015 01:00:00";"4";"0";"275";"3,84";"16777216";"1887437";"11,25";"13";"85";"166";"3";"4"
"23.11.2015 01:05:00";"4";"0";"790";"11,01";"16777216";"3722864";"22,19";"114";"1163";"166";"47";"878"
"23.11.2015 01:10:00";"4";"0";"252";"3,51";"16777216";"3207804";"19,12";"6";"146";"166";"3";"4"
"23.11.2015 01:15:00";"4";"0";"264";"3,68";"16777216";"1944479";"11,59";"0";"92";"166";"2";"3"
"23.11.2015 01:20:00";"4";"0";"286";"3,98";"16777216";"1910925";"11,39";"7";"100";"166";"5";"5"
"23.11.2015 01:25:00";"4";"0";"265";"3,69";"16777216";"1731409";"10,32";"0";"82";"166";"2";"3"
"23.11.2015 01:30:00";"4";"0";"263";"3,66";"16777216";"1597191";"9,52";"0";"88";"166";"3";"4"
"23.11.2015 01:35:00";"4";"0";"290";"4,05";"16777216";"1585447";"9,45";"0";"95";"166";"4";"5"
"23.11.2015 01:40:00";"4";"0";"261";"3,64";"16777216";"1999844";"11,92";"0";"101";"166";"3";"4"
"23.11.2015 01:45:00";"4";"0";"272";"3,79";"16777216";"2055209";"12,25";"0";"97";"166";"3";"4"
"23.11.2015 01:50:00";"4";"0";"290";"4,04";"16777216";"2155872";"12,85";"1";"96";"166";"5";"6"
"23.11.2015 01:55:00";"4";"0";"296";"4,12";"16777216";"2045143";"12,19";"11";"113";"166";"18";"6"
"23.11.2015 02:00:00";"4";"0";"446";"6,22";"16777216";"3296723";"19,65";"735";"260";"166";"12";"6"
"23.11.2015 02:05:00";"4";"0";"309";"4,3";"16777216";"3085330";"18,39";"19";"173";"166";"4";"5"
"23.11.2015 02:10:00";"4";"0";"242";"3,37";"16777216";"2212915";"13,19";"9";"96";"166";"3";"4"
"23.11.2015 02:15:00";"4";"0";"272";"3,79";"16777216";"2145806";"12,79";"12";"102";"166";"2";"3"
"23.11.2015 02:20:00";"4";"0";"270";"3,76";"16777216";"2189427";"13,05";"8";"93";"166";"5";"6"
"23.11.2015 02:25:00";"4";"0";"233";"3,25";"16777216";"2045143";"12,19";"9";"77";"166";"2";"3"
"23.11.2015 02:30:00";"4";"0";"247";"3,44";"16777216";"2033399";"12,12";"7";"85";"166";"3";"4"
"23.11.2015 02:35:00";"4";"0";"288";"4,01";"16777216";"2424308";"14,45";"14";"105";"166";"6";"6"
"23.11.2015 02:40:00";"4";"0";"304";"4,23";"16777216";"2055209";"12,25";"14";"99";"166";"4";"5"
"23.11.2015 02:45:00";"4";"0";"254";"3,54";"16777216";"2301834";"13,72";"7";"87";"166";"2";"4"
"23.11.2015 02:50:00";"4";"0";"281";"3,92";"16777216";"2033399";"12,12";"8";"95";"166";"5";"6"
"23.11.2015 02:55:00";"4";"0";"239";"3,34";"16777216";"2055209";"12,25";"7";"78";"166";"2";"3"
"23.11.2015 03:00:00";"4";"0";"259";"3,61";"16777216";"2212915";"13,19";"9";"87";"166";"3";"4"
"23.11.2015 03:05:00";"4";"0";"573";"7,99";"16777216";"3296723";"19,65";"37";"372";"166";"4";"5"
"23.11.2015 03:10:00";"4";"0";"250";"3,49";"16777216";"2716231";"16,19";"9";"286";"166";"3";"4"
"23.11.2015 03:15:00";"4";"0";"261";"3,64";"16777216";"2179360";"12,99";"13";"96";"166";"2";"4"
"23.11.2015 03:20:00";"4";"0";"286";"3,99";"16777216";"2045143";"12,19";"10";"110";"166";"5";"6"
"23.11.2015 03:25:00";"4";"0";"247";"3,45";"16777216";"2078697";"12,39";"155";"137";"166";"2";"3"
"23.11.2015 03:30:00";"4";"0";"254";"3,53";"16777216";"1676044";"9,99";"7";"96";"166";"3";"4"
"23.11.2015 03:35:00";"4";"0";"279";"3,89";"16777216";"1877370";"11,19";"8";"99";"166";"5";"6"
"23.11.2015 03:40:00";"4";"0";"258";"3,6";"16777216";"1676044";"9,99";"8";"93";"166";"3";"4"
"23.11.2015 03:45:00";"4";"0";"295";"4,11";"16777216";"1978034";"11,79";"12";"105";"166";"3";"4"
"23.11.2015 03:50:00";"4";"0";"271";"3,78";"16777216";"2212915";"13,19";"8";"103";"166";"5";"6"
"23.11.2015 03:55:00";"4";"0";"318";"4,43";"16777216";"2078697";"12,39";"8";"125";"166";"25";"7"
"23.11.2015 04:00:00";"4";"0";"383";"5,34";"16777216";"2290090";"13,65";"196";"194";"166";"5";"4"
"23.11.2015 04:05:00";"4";"0";"343";"4,79";"16777216";"2860515";"17,05";"162";"245";"166";"4";"5"
"23.11.2015 04:10:00";"4";"0";"248";"3,46";"16777216";"2212915";"13,19";"20";"160";"166";"3";"4"
"23.11.2015 04:15:00";"4";"0";"287";"3,99";"16777216";"2615568";"15,59";"32";"122";"166";"3";"4"
"23.11.2015 04:20:00";"4";"0";"276";"3,85";"16777216";"2414241";"14,39";"21";"123";"166";"5";"6"
"23.11.2015 04:25:00";"4";"0";"298";"4,15";"16777216";"1978034";"11,79";"17";"112";"166";"2";"3"
"23.11.2015 04:30:00";"4";"0";"257";"3,59";"16777216";"2021655";"12,05";"12";"124";"166";"3";"4"
"23.11.2015 04:35:00";"4";"0";"328";"4,57";"16777216";"2212915";"13,19";"21";"164";"166";"27";"11"
"23.11.2015 04:40:00";"4";"0";"290";"4,04";"16777216";"2145806";"12,79";"8";"127";"166";"21";"18"
"23.11.2015 04:45:00";"4";"0";"365";"5,09";"16777216";"2347132";"13,99";"10";"155";"166";"37";"20"
"23.11.2015 04:50:00";"4";"0";"425";"5,92";"16777216";"2436052";"14,52";"17";"170";"166";"36";"12"
"23.11.2015 04:55:00";"4";"0";"262";"3,65";"16777216";"2155872";"12,85";"10";"104";"166";"2";"3"
"23.11.2015 05:00:00";"4";"0";"259";"3,61";"16777216";"1910925";"11,39";"8";"121";"166";"3";"4"
"23.11.2015 05:05:00";"4";"0";"499";"6,95";"16777216";"3296723";"19,65";"92";"1482";"166";"45";"466"
"23.11.2015 05:10:00";"4";"0";"244";"3,4";"16777216";"3353765";"19,99";"3";"116";"166";"3";"4"
"23.11.2015 05:15:00";"4";"0";"251";"3,5";"16777216";"1910925";"11,39";"4";"96";"166";"2";"4"
"23.11.2015 05:20:00";"4";"0";"281";"3,92";"16777216";"1832072";"10,92";"5";"97";"166";"5";"6"
"23.11.2015 05:25:00";"4";"0";"247";"3,45";"16777216";"2078697";"12,39";"3";"87";"166";"2";"3"
"23.11.2015 05:30:00";"4";"0";"260";"3,63";"16777216";"2033399";"12,12";"3";"96";"166";"3";"4"
"23.11.2015 05:35:00";"4";"0";"299";"4,16";"16777216";"2134062";"12,72";"6";"135";"166";"5";"6"
"23.11.2015 05:40:00";"4";"0";"328";"4,58";"16777216";"2179360";"12,99";"12";"128";"166";"4";"5"
"23.11.2015 05:45:00";"4";"0";"345";"4,81";"16777216";"2280024";"13,59";"5";"174";"166";"28";"8"
"23.11.2015 05:50:00";"4";"0";"268";"3,74";"16777216";"1932735";"11,52";"4";"98";"166";"5";"6"
"23.11.2015 05:55:00";"4";"0";"247";"3,44";"16777216";"2301834";"13,72";"5";"99";"166";"2";"3"
"23.11.2015 06:00:00";"4";"0";"337";"4,7";"16777216";"1731409";"10,32";"30";"141";"166";"3";"4"
"23.11.2015 06:05:00";"4";"0";"787";"10,96";"16777216";"3711120";"22,12";"89854";"371";"166";"16";"2585"
"23.11.2015 06:10:00";"4";"0";"305";"4,25";"16777216";"4605346";"27,45";"1323";"139";"166";"40";"47"
"23.11.2015 06:15:00";"4";"0";"258";"3,59";"16777216";"2592080";"15,45";"44";"108";"166";"2";"4"
"23.11.2015 06:20:00";"4";"0";"269";"3,76";"16777216";"1910925";"11,39";"29";"101";"166";"5";"6"
"23.11.2015 06:25:00";"4";"0";"250";"3,49";"16777216";"1954546";"11,65";"3";"88";"166";"2";"3"
"23.11.2015 06:30:00";"4";"0";"250";"3,49";"16777216";"1843816";"10,99";"4";"101";"166";"3";"4"
"23.11.2015 06:35:00";"4";"0";"307";"4,28";"16777216";"2256536";"13,45";"9";"125";"166";"7";"8"
"23.11.2015 06:40:00";"4";"0";"267";"3,73";"16777216";"1810262";"10,79";"5";"108";"166";"4";"5"
"23.11.2015 06:45:00";"4";"0";"366";"5,1";"16777216";"2503161";"14,92";"8";"179";"166";"28";"8"
"23.11.2015 06:50:00";"4";"0";"268";"3,73";"16777216";"2335388";"13,92";"4";"109";"166";"5";"6"
"23.11.2015 06:55:00";"4";"0";"241";"3,36";"16777216";"1978034";"11,79";"1";"85";"166";"2";"3"
"23.11.2015 07:00:00";"4";"0";"258";"3,59";"16777216";"2021655";"12,05";"0";"105";"166";"3";"4"
"23.11.2015 07:05:00";"4";"0";"282";"3,93";"16777216";"2503161";"14,92";"5";"121";"166";"4";"5"
"23.11.2015 07:10:00";"4";"0";"239";"3,33";"16777216";"2033399";"12,12";"4";"103";"166";"3";"4"
"23.11.2015 07:15:00";"4";"0";"253";"3,53";"16777216";"1697854";"10,12";"8";"111";"166";"2";"4"
"23.11.2015 07:20:00";"4";"0";"278";"3,87";"16777216";"1474717";"8,79";"8";"104";"166";"5";"6"
"23.11.2015 07:25:00";"4";"0";"235";"3,27";"16777216";"1978034";"11,79";"4";"85";"166";"2";"3"
"23.11.2015 07:30:00";"4";"0";"261";"3,64";"16777216";"1474717";"8,79";"2";"108";"166";"3";"4"
"23.11.2015 07:35:00";"4";"0";"283";"3,94";"16777216";"2268280";"13,52";"10";"130";"166";"5";"6"
"23.11.2015 07:40:00";"4";"0";"261";"3,64";"16777216";"2134062";"12,72";"4";"123";"166";"3";"5"
"23.11.2015 07:45:00";"4";"0";"334";"4,66";"16777216";"1910925";"11,39";"6";"169";"166";"27";"8"
"23.11.2015 07:50:00";"4";"0";"272";"3,79";"16777216";"2134062";"12,72";"2";"113";"166";"5";"6"
"23.11.2015 07:55:00";"4";"0";"234";"3,26";"16777216";"2368943";"14,12";"0";"85";"166";"2";"3"
"23.11.2015 08:00:00";"4";"0";"418";"5,83";"16777216";"2134062";"12,72";"245";"540";"166";"3";"4"
"23.11.2015 08:05:00";"4";"0";"300";"4,18";"16777216";"2783340";"16,59";"2";"381";"166";"4";"5"
"23.11.2015 08:10:00";"4";"0";"335";"4,67";"16777216";"2447796";"14,59";"304";"520";"166";"3";"4"
"23.11.2015 08:15:00";"4";"0";"293";"4,08";"16777216";"2670933";"15,92";"2";"512";"166";"2";"4"
"23.11.2015 08:20:00";"4";"0";"275";"3,84";"16777216";"2726298";"16,25";"403";"133";"166";"5";"6"
"23.11.2015 08:25:00";"4";"0";"259";"3,61";"16777216";"1764963";"10,52";"1";"117";"166";"2";"3"
"23.11.2015 08:30:00";"4";"0";"253";"3,53";"16777216";"1786773";"10,65";"0";"131";"166";"3";"4"
"23.11.2015 08:35:00";"4";"0";"281";"3,92";"16777216";"2066953";"12,32";"4";"129";"166";"5";"6"
"23.11.2015 08:40:00";"4";"0";"308";"4,3";"16777216";"2246469";"13,39";"12";"113";"166";"3";"4"
"23.11.2015 08:45:00";"4";"0";"346";"4,82";"16777216";"2548459";"15,19";"12";"179";"166";"28";"8"
"23.11.2015 08:50:00";"4";"0";"272";"3,8";"16777216";"2682677";"15,99";"8";"125";"166";"5";"6"
"23.11.2015 08:55:00";"4";"0";"243";"3,38";"16777216";"2145806";"12,79";"7";"87";"166";"2";"3"
"23.11.2015 09:00:00";"4";"0";"274";"3,82";"16777216";"1776707";"10,59";"11";"129";"166";"3";"4"
"23.11.2015 09:05:00";"4";"0";"498";"6,94";"16777216";"3219548";"19,19";"8";"1593";"166";"44";"456"
"23.11.2015 09:10:00";"4";"0";"256";"3,57";"16777216";"2615568";"15,59";"13";"112";"166";"3";"5"
"23.11.2015 09:15:00";"4";"0";"262";"3,66";"16777216";"2347132";"13,99";"1";"123";"166";"2";"4"
"23.11.2015 09:20:00";"4";"0";"287";"4";"16777216";"2246469";"13,39";"1";"143";"166";"5";"6"
"23.11.2015 09:25:00";"4";"0";"239";"3,33";"16777216";"1978034";"11,79";"0";"107";"166";"2";"3"
"23.11.2015 09:30:00";"4";"0";"275";"3,84";"16777216";"1619001";"9,65";"0";"130";"166";"3";"4"
"23.11.2015 09:35:00";"4";"0";"294";"4,1";"16777216";"2078697";"12,39";"1";"153";"166";"5";"6"
"23.11.2015 09:40:00";"4";"0";"266";"3,71";"16777216";"1776707";"10,59";"0";"118";"166";"3";"4"
"23.11.2015 09:45:00";"4";"0";"345";"4,81";"16777216";"1865626";"11,12";"1";"180";"166";"26";"8"
"23.11.2015 09:50:00";"4";"0";"301";"4,19";"16777216";"2189427";"13,05";"1";"153";"166";"7";"6"
"23.11.2015 09:55:00";"4";"0";"237";"3,31";"16777216";"2078697";"12,39";"0";"101";"166";"2";"3"
"23.11.2015 10:00:00";"4";"0";"437";"6,09";"16777216";"2368943";"14,12";"406";"237";"166";"3";"4"
"23.11.2015 10:05:00";"4";"0";"300";"4,18";"16777216";"2749786";"16,39";"8";"206";"166";"4";"5"
"23.11.2015 10:10:00";"4";"0";"246";"3,43";"16777216";"1810262";"10,79";"10";"119";"166";"2";"4"
"23.11.2015 10:15:00";"4";"0";"268";"3,73";"16777216";"2212915";"13,19";"21";"134";"166";"2";"4"
"23.11.2015 10:20:00";"4";"0";"537";"7,48";"16777216";"2951112";"17,59";"23";"135";"166";"5";"6"
"23.11.2015 10:25:00";"4";"0";"227";"3,17";"16777216";"1810262";"10,79";"7";"99";"166";"2";"3"
"23.11.2015 10:30:00";"4";"0";"270";"3,77";"16777216";"2347132";"13,99";"11";"126";"166";"3";"4"
"23.11.2015 10:35:00";"4";"0";"261";"3,64";"16777216";"2045143";"12,19";"9";"126";"166";"4";"5"
"23.11.2015 10:40:00";"4";"0";"256";"3,56";"16777216";"1743153";"10,39";"7";"97";"166";"3";"4"
"23.11.2015 10:45:00";"4";"0";"258";"3,6";"16777216";"1944479";"11,59";"9";"129";"166";"2";"3"
"23.11.2015 10:50:00";"4";"0";"275";"3,84";"16777216";"1843816";"10,99";"23";"126";"166";"5";"6"
"23.11.2015 10:55:00";"4";"0";"239";"3,33";"16777216";"1877370";"11,19";"8";"104";"166";"2";"3"
"23.11.2015 11:00:00";"4";"0";"294";"4,1";"16777216";"1954546";"11,65";"13";"145";"166";"3";"4"
"23.11.2015 11:05:00";"4";"0";"302";"4,21";"16777216";"3207804";"19,12";"18";"160";"166";"4";"5"
"23.11.2015 11:10:00";"4";"0";"272";"3,79";"16777216";"2112252";"12,59";"12";"151";"166";"3";"4"
"23.11.2015 11:15:00";"4";"0";"281";"3,91";"16777216";"2033399";"12,12";"14";"164";"166";"2";"4"
"23.11.2015 11:20:00";"4";"0";"288";"4,01";"16777216";"2078697";"12,39";"9";"151";"166";"5";"6"
"23.11.2015 11:25:00";"4";"0";"231";"3,22";"16777216";"1954546";"11,65";"7";"102";"166";"2";"3"
"23.11.2015 11:30:00";"4";"0";"258";"3,6";"16777216";"1776707";"10,59";"8";"121";"166";"3";"4"
"23.11.2015 11:35:00";"4";"0";"277";"3,86";"16777216";"2055209";"12,25";"10";"133";"166";"4";"5"
"23.11.2015 11:40:00";"4";"0";"316";"4,4";"16777216";"2122318";"12,65";"9";"131";"166";"3";"4"
"23.11.2015 11:45:00";"4";"0";"281";"3,92";"16777216";"1988100";"11,85";"12";"156";"166";"3";"4"
"23.11.2015 11:50:00";"4";"0";"303";"4,23";"16777216";"1978034";"11,79";"8";"158";"166";"22";"8"
"23.11.2015 11:55:00";"4";"0";"418";"5,82";"16777216";"2503161";"14,92";"31";"215";"166";"11";"5"
"23.11.2015 12:00:00";"4";"0";"388";"5,4";"16777216";"2670933";"15,92";"28";"196";"166";"3";"4"
"23.11.2015 12:05:00";"4";"0";"1360";"18,94";"16777216";"3632267";"21,65";"56";"1092";"166";"5";"5"
"23.11.2015 12:10:00";"4";"0";"265";"3,7";"16777216";"3051776";"18,19";"12";"1194";"166";"3";"4"
"23.11.2015 12:15:00";"4";"0";"280";"3,91";"16777216";"2167616";"12,92";"13";"153";"166";"2";"4"
"23.11.2015 12:20:00";"4";"0";"302";"4,21";"16777216";"2112252";"12,59";"13";"161";"166";"5";"6"
"23.11.2015 12:25:00";"4";"0";"273";"3,8";"16777216";"2088763";"12,45";"12";"147";"166";"2";"3"
"23.11.2015 12:30:00";"4";"0";"264";"3,68";"16777216";"2335388";"13,92";"9";"144";"166";"3";"4"
"23.11.2015 12:35:00";"4";"0";"296";"4,13";"16777216";"1865626";"11,12";"9";"155";"166";"5";"6"
"23.11.2015 12:40:00";"4";"0";"275";"3,83";"16777216";"2469606";"14,72";"11";"133";"166";"3";"5"
"23.11.2015 12:45:00";"4";"0";"333";"4,64";"16777216";"2055209";"12,25";"10";"186";"166";"28";"8"
"23.11.2015 12:50:00";"4";"0";"277";"3,86";"16777216";"2436052";"14,52";"9";"129";"166";"5";"6"
"23.11.2015 12:55:00";"4";"0";"241";"3,37";"16777216";"2726298";"16,25";"7";"109";"166";"2";"3"
"23.11.2015 13:00:00";"4";"0";"266";"3,7";"16777216";"1932735";"11,52";"11";"130";"166";"3";"4"
"23.11.2015 13:05:00";"4";"0";"599";"8,34";"16777216";"3823528";"22,79";"62";"2239";"166";"45";"607"
"23.11.2015 13:10:00";"4";"0";"248";"3,46";"16777216";"2793406";"16,65";"5";"123";"166";"3";"4"
"23.11.2015 13:15:00";"4";"0";"277";"3,86";"16777216";"2078697";"12,39";"6";"143";"166";"2";"4"
"23.11.2015 13:20:00";"4";"0";"288";"4,02";"16777216";"2481350";"14,79";"4";"143";"166";"5";"6"
"23.11.2015 13:25:00";"4";"0";"244";"3,4";"16777216";"1999844";"11,92";"3";"103";"166";"2";"3"
"23.11.2015 13:30:00";"4";"0";"321";"4,48";"16777216";"2323644";"13,85";"7";"153";"166";"3";"4"
"23.11.2015 13:35:00";"4";"0";"297";"4,13";"16777216";"2246469";"13,39";"7";"165";"166";"5";"6"
"23.11.2015 13:40:00";"4";"0";"266";"3,71";"16777216";"2548459";"15,19";"4";"138";"166";"3";"5"
"23.11.2015 13:45:00";"4";"0";"345";"4,81";"16777216";"1642489";"9,79";"10";"189";"166";"28";"8"
"23.11.2015 13:50:00";"4";"0";"269";"3,75";"16777216";"2145806";"12,79";"10";"121";"166";"5";"6"
"23.11.2015 13:55:00";"4";"0";"248";"3,46";"16777216";"2033399";"12,12";"7";"106";"166";"2";"3"
"23.11.2015 14:00:00";"4";"0";"449";"6,25";"16777216";"1966290";"11,72";"1";"194";"166";"3";"4"
"23.11.2015 14:05:00";"4";"0";"292";"4,07";"16777216";"2994733";"17,85";"4";"181";"166";"4";"5"
"23.11.2015 14:10:00";"4";"0";"259";"3,61";"16777216";"2212915";"13,19";"10";"124";"166";"3";"4"
"23.11.2015 14:15:00";"4";"0";"263";"3,66";"16777216";"2088763";"12,45";"4";"146";"166";"2";"4"
"23.11.2015 14:20:00";"4";"0";"299";"4,16";"16777216";"1978034";"11,79";"7";"146";"166";"5";"6"
"23.11.2015 14:25:00";"4";"0";"260";"3,63";"16777216";"2201171";"13,12";"11";"136";"166";"2";"3"
"23.11.2015 14:30:00";"4";"0";"303";"4,22";"16777216";"2637378";"15,72";"28";"171";"166";"3";"4"
"23.11.2015 14:35:00";"4";"0";"284";"3,96";"16777216";"1843816";"10,99";"8";"165";"166";"5";"6"
"23.11.2015 14:40:00";"4";"0";"302";"4,21";"16777216";"2011588";"11,99";"11";"119";"166";"3";"4"
"23.11.2015 14:45:00";"4";"0";"366";"5,1";"16777216";"2368943";"14,12";"15";"200";"166";"26";"8"
"23.11.2015 14:50:00";"4";"0";"274";"3,82";"16777216";"2290090";"13,65";"8";"143";"166";"7";"6"
"23.11.2015 14:55:00";"4";"0";"237";"3,31";"16777216";"1910925";"11,39";"7";"103";"166";"2";"3"
"23.11.2015 15:00:00";"4";"0";"258";"3,59";"16777216";"1642489";"9,79";"8";"126";"166";"3";"4"
"23.11.2015 15:05:00";"4";"0";"295";"4,11";"16777216";"2011588";"11,99";"10";"144";"166";"4";"5"
"23.11.2015 15:10:00";"4";"0";"274";"3,82";"16777216";"2246469";"13,39";"13";"146";"166";"3";"4"
"23.11.2015 15:15:00";"4";"0";"255";"3,55";"16777216";"2347132";"13,99";"4";"142";"166";"2";"4"
"23.11.2015 15:20:00";"4";"0";"271";"3,78";"16777216";"2145806";"12,79";"9";"128";"166";"5";"6"
"23.11.2015 15:25:00";"4";"0";"400";"5,57";"16777216";"2212915";"13,19";"328";"141";"166";"2";"3"
"23.11.2015 15:30:00";"4";"0";"292";"4,07";"16777216";"1910925";"11,39";"13";"169";"166";"3";"4"
"23.11.2015 15:35:00";"4";"0";"416";"5,8";"16777216";"2347132";"13,99";"148";"164";"166";"6";"8"
"23.11.2015 15:40:00";"4";"0";"282";"3,93";"16777216";"2179360";"12,99";"9";"135";"166";"5";"5"
"23.11.2015 15:45:00";"4";"0";"356";"4,96";"16777216";"1910925";"11,39";"10";"268";"166";"26";"8"
"23.11.2015 15:50:00";"4";"0";"297";"4,14";"16777216";"2347132";"13,99";"12";"159";"166";"6";"6"
"23.11.2015 15:55:00";"4";"0";"278";"3,88";"16777216";"2179360";"12,99";"14";"147";"166";"2";"3"
"23.11.2015 16:00:00";"4";"0";"405";"5,64";"16777216";"2045143";"12,19";"14";"171";"166";"3";"4"
"23.11.2015 16:05:00";"4";"0";"291";"4,05";"16777216";"2816895";"16,79";"9";"172";"166";"4";"5"
"23.11.2015 16:10:00";"4";"0";"257";"3,58";"16777216";"2246469";"13,39";"11";"130";"166";"3";"4"
"23.11.2015 16:15:00";"4";"0";"277";"3,86";"16777216";"2045143";"12,19";"11";"149";"166";"2";"3"
"23.11.2015 16:20:00";"4";"0";"293";"4,08";"16777216";"2246469";"13,39";"10";"154";"166";"5";"6"
"23.11.2015 16:25:00";"4";"0";"259";"3,61";"16777216";"2011588";"11,99";"16";"120";"166";"2";"3"
"23.11.2015 16:30:00";"4";"0";"277";"3,86";"16777216";"2280024";"13,59";"24";"137";"166";"3";"4"
"23.11.2015 16:35:00";"4";"0";"297";"4,14";"16777216";"2045143";"12,19";"3";"166";"166";"5";"6"
"23.11.2015 16:40:00";"4";"0";"258";"3,6";"16777216";"1810262";"10,79";"3";"131";"166";"3";"4"
"23.11.2015 16:45:00";"4";"0";"341";"4,75";"16777216";"2045143";"12,19";"9";"185";"166";"26";"8"
"23.11.2015 16:50:00";"4";"0";"277";"3,86";"16777216";"2347132";"13,99";"5";"140";"166";"7";"6"
"23.11.2015 16:55:00";"4";"0";"240";"3,35";"16777216";"2212915";"13,19";"8";"103";"166";"2";"3"
"23.11.2015 17:00:00";"4";"0";"288";"4,01";"16777216";"2045143";"12,19";"2";"140";"166";"3";"4"
"23.11.2015 17:05:00";"4";"0";"504";"7,02";"16777216";"3253102";"19,39";"9";"1326";"166";"44";"400"
"23.11.2015 17:10:00";"4";"0";"273";"3,81";"16777216";"2961179";"17,65";"2";"156";"166";"3";"4"
"23.11.2015 17:15:00";"4";"0";"256";"3,56";"16777216";"2357199";"14,05";"0";"151";"166";"2";"3"
"23.11.2015 17:20:00";"4";"0";"285";"3,97";"16777216";"2256536";"13,45";"0";"140";"166";"5";"6"
"23.11.2015 17:25:00";"4";"0";"296";"4,12";"16777216";"2357199";"14,05";"2";"158";"166";"2";"3"
"23.11.2015 17:30:00";"4";"0";"287";"4";"16777216";"2335388";"13,92";"0";"164";"166";"3";"4"
"23.11.2015 17:35:00";"4";"0";"306";"4,26";"16777216";"2145806";"12,79";"3";"162";"166";"5";"6"
"23.11.2015 17:40:00";"4";"0";"316";"4,4";"16777216";"1676044";"9,99";"1";"148";"166";"3";"5"
"23.11.2015 17:45:00";"4";"0";"352";"4,9";"16777216";"2167616";"12,92";"2";"191";"166";"28";"8"
"23.11.2015 17:50:00";"4";"0";"270";"3,76";"16777216";"2390753";"14,25";"0";"133";"166";"5";"6"
"23.11.2015 17:55:00";"4";"0";"242";"3,37";"16777216";"2347132";"13,99";"0";"116";"166";"2";"3"
"23.11.2015 18:00:00";"4";"0";"352";"4,9";"16777216";"2280024";"13,59";"86";"175";"166";"3";"4"
"23.11.2015 18:05:00";"4";"0";"299";"4,17";"16777216";"2994733";"17,85";"0";"181";"166";"4";"5"
"23.11.2015 18:10:00";"4";"0";"275";"3,83";"16777216";"2212915";"13,19";"1";"132";"166";"3";"4"
"23.11.2015 18:15:00";"4";"0";"294";"4,1";"16777216";"2055209";"12,25";"6";"149";"166";"2";"4"
"23.11.2015 18:20:00";"4";"0";"280";"3,9";"16777216";"2368943";"14,12";"2";"149";"166";"5";"6"
"23.11.2015 18:25:00";"4";"0";"267";"3,72";"16777216";"2066953";"12,32";"0";"131";"166";"2";"3"
"23.11.2015 18:30:00";"4";"0";"266";"3,7";"16777216";"1541826";"9,19";"0";"147";"166";"3";"4"
"23.11.2015 18:35:00";"4";"0";"355";"4,94";"16777216";"1932735";"11,52";"0";"150";"166";"55";"56"
"23.11.2015 18:40:00";"4";"0";"337";"4,7";"16777216";"2313578";"13,79";"0";"123";"166";"57";"59"
"23.11.2015 18:45:00";"4";"0";"279";"3,88";"16777216";"2424308";"14,45";"1";"140";"166";"13";"14"
"23.11.2015 18:50:00";"4";"0";"301";"4,2";"16777216";"2055209";"12,25";"0";"189";"166";"49";"19"
"23.11.2015 18:55:00";"4";"0";"270";"3,76";"16777216";"1954546";"11,65";"1";"108";"166";"18";"22"
"23.11.2015 19:00:00";"4";"0";"318";"4,42";"16777216";"1887437";"11,25";"2";"147";"166";"18";"21"
"23.11.2015 19:05:00";"4";"0";"293";"4,08";"16777216";"2582014";"15,39";"0";"154";"166";"12";"14"
"23.11.2015 19:10:00";"4";"0";"284";"3,95";"16777216";"1910925";"11,39";"1";"136";"166";"20";"24"
"23.11.2015 19:15:00";"4";"0";"282";"3,93";"16777216";"1999844";"11,92";"0";"145";"166";"22";"25"
"23.11.2015 19:20:00";"4";"0";"314";"4,38";"16777216";"2268280";"13,52";"0";"140";"166";"28";"32"
"23.11.2015 19:25:00";"4";"0";"274";"3,81";"16777216";"2380687";"14,19";"0";"111";"166";"23";"26"
"23.11.2015 19:30:00";"4";"0";"301";"4,2";"16777216";"1798518";"10,72";"0";"141";"166";"32";"38"
"23.11.2015 19:35:00";"4";"0";"295";"4,12";"16777216";"1966290";"11,72";"1";"157";"166";"10";"11"
"23.11.2015 19:40:00";"4";"0";"262";"3,65";"16777216";"2301834";"13,72";"0";"139";"166";"7";"8"
"23.11.2015 19:45:00";"4";"0";"274";"3,81";"16777216";"2155872";"12,85";"0";"139";"166";"11";"13"
"23.11.2015 19:50:00";"4";"0";"388";"5,41";"16777216";"1988100";"11,85";"1";"198";"166";"51";"34"
"23.11.2015 19:55:00";"4";"0";"275";"3,83";"16777216";"2280024";"13,59";"0";"118";"166";"26";"30"
"23.11.2015 20:00:00";"4";"0";"738";"10,27";"16777216";"3521538";"20,99";"3275";"506";"166";"10";"12"
"23.11.2015 20:05:00";"4";"0";"909";"12,67";"16777216";"5825050";"34,72";"90860";"1284";"166";"31";"4500"
"23.11.2015 20:10:00";"4";"0";"359";"5";"16777216";"5142217";"30,65";"221";"239";"166";"47";"69"
"23.11.2015 20:15:00";"4";"0";"275";"3,83";"16777216";"3342021";"19,92";"8";"147";"166";"10";"10"
"23.11.2015 20:20:00";"4";"0";"313";"4,36";"16777216";"2055209";"12,25";"1129";"148";"166";"12";"13"
"23.11.2015 20:25:00";"4";"0";"242";"3,37";"16777216";"2301834";"13,72";"5";"125";"166";"2";"3"
"23.11.2015 20:30:00";"4";"0";"265";"3,69";"16777216";"2280024";"13,59";"4";"130";"166";"3";"4"
"23.11.2015 20:35:00";"4";"0";"287";"4";"16777216";"2256536";"13,45";"19";"146";"166";"6";"7"
"23.11.2015 20:40:00";"4";"0";"322";"4,48";"16777216";"1798518";"10,72";"28";"134";"166";"4";"5"
"23.11.2015 20:45:00";"4";"0";"334";"4,66";"16777216";"2424308";"14,45";"8";"190";"166";"28";"8"
"23.11.2015 20:50:00";"4";"0";"305";"4,25";"16777216";"2145806";"12,79";"5";"140";"166";"12";"12"
"23.11.2015 20:55:00";"4";"0";"262";"3,65";"16777216";"2280024";"13,59";"4";"111";"166";"15";"16"
"23.11.2015 21:00:00";"4";"0";"276";"3,84";"16777216";"1910925";"11,39";"4";"131";"166";"10";"13"
"23.11.2015 21:05:00";"4";"0";"392";"5,46";"16777216";"3229614";"19,25";"35";"460";"166";"55";"122"
"23.11.2015 21:10:00";"4";"0";"251";"3,5";"16777216";"2045143";"12,19";"9";"125";"166";"7";"8"
"23.11.2015 21:15:00";"4";"0";"255";"3,55";"16777216";"1676044";"9,99";"0";"136";"166";"7";"8"
"23.11.2015 21:20:00";"4";"0";"299";"4,17";"16777216";"1743153";"10,39";"1";"149";"166";"15";"15"
"23.11.2015 21:25:00";"4";"0";"239";"3,34";"16777216";"1910925";"11,39";"0";"116";"166";"6";"7"
"23.11.2015 21:30:00";"4";"0";"286";"3,98";"16777216";"1709598";"10,19";"0";"137";"166";"17";"18"
"23.11.2015 21:35:00";"4";"0";"285";"3,97";"16777216";"2256536";"13,45";"0";"151";"166";"8";"8"
"23.11.2015 21:40:00";"4";"0";"269";"3,75";"16777216";"2280024";"13,59";"0";"122";"166";"6";"7"
"23.11.2015 21:45:00";"4";"0";"386";"5,39";"16777216";"1910925";"11,39";"4";"202";"166";"67";"46"
"23.11.2015 21:50:00";"4";"0";"301";"4,2";"16777216";"2134062";"12,72";"0";"141";"166";"23";"26"
"23.11.2015 21:55:00";"4";"0";"262";"3,64";"16777216";"2414241";"14,39";"0";"112";"166";"17";"19"
"23.11.2015 22:00:00";"4";"0";"370";"5,15";"16777216";"2145806";"12,79";"18";"150";"166";"16";"18"
"23.11.2015 22:05:00";"4";"0";"1443";"20,1";"16777216";"5165705";"30,79";"5069";"437";"166";"6";"7"
"23.11.2015 22:10:00";"4";"0";"267";"3,72";"16777216";"3890636";"23,19";"1";"297";"166";"7";"8"
"23.11.2015 22:15:00";"4";"0";"276";"3,84";"16777216";"2481350";"14,79";"0";"139";"166";"11";"13"
"23.11.2015 22:20:00";"4";"0";"410";"5,71";"16777216";"2414241";"14,39";"4";"174";"166";"38";"39"
"23.11.2015 22:25:00";"4";"0";"273";"3,81";"16777216";"2481350";"14,79";"0";"148";"166";"13";"15"
"23.11.2015 22:30:00";"4";"0";"309";"4,3";"16777216";"2481350";"14,79";"2";"148";"166";"14";"16"
"23.11.2015 22:35:00";"4";"0";"283";"3,95";"16777216";"1843816";"10,99";"0";"156";"166";"6";"7"
"23.11.2015 22:40:00";"4";"0";"266";"3,71";"16777216";"1978034";"11,79";"0";"115";"166";"3";"4"
"23.11.2015 22:45:00";"4";"0";"328";"4,57";"16777216";"1753219";"10,45";"1";"181";"166";"29";"11"
"23.11.2015 22:50:00";"4";"0";"365";"5,09";"16777216";"2088763";"12,45";"15";"159";"166";"9";"8"
"23.11.2015 22:55:00";"4";"0";"262";"3,66";"16777216";"1899181";"11,32";"0";"117";"166";"2";"3"
"23.11.2015 23:00:00";"4";"0";"296";"4,13";"16777216";"1820328";"10,85";"0";"135";"166";"3";"4"
"23.11.2015 23:05:00";"4";"0";"308";"4,29";"16777216";"3051776";"18,19";"7";"161";"166";"4";"5"
"23.11.2015 23:10:00";"4";"0";"312";"4,35";"16777216";"2234725";"13,32";"22";"145";"166";"3";"4"
"23.11.2015 23:15:00";"4";"0";"270";"3,77";"16777216";"2021655";"12,05";"10";"146";"166";"2";"4"
"23.11.2015 23:20:00";"4";"0";"292";"4,07";"16777216";"2716231";"16,19";"2";"150";"166";"5";"6"
"23.11.2015 23:25:00";"4";"0";"246";"3,43";"16777216";"2066953";"12,32";"2";"120";"166";"2";"3"
"23.11.2015 23:30:00";"4";"0";"288";"4,02";"16777216";"2380687";"14,19";"2";"140";"166";"3";"4"
"23.11.2015 23:35:00";"4";"0";"274";"3,82";"16777216";"2033399";"12,12";"3";"150";"166";"4";"5"
"23.11.2015 23:40:00";"4";"0";"316";"4,4";"16777216";"1899181";"11,32";"5";"123";"166";"3";"4"
"23.11.2015 23:45:00";"4";"0";"282";"3,93";"16777216";"2323644";"13,85";"2";"143";"166";"3";"4"
"23.11.2015 23:50:00";"4";"0";"358";"4,99";"16777216";"2838705";"16,92";"2";"195";"166";"28";"10"
"23.11.2015 23:55:00";"4";"0";"284";"3,97";"16777216";"2491417";"14,85";"1";"139";"166";"4";"4"
"24.11.2015 00:00:00";"4";"0";"471";"6,56";"16777216";"2536715";"15,12";"414";"630";"166";"3";"4"
"24.11.2015 00:05:00";"4";"0";"461";"6,43";"16777216";"3476239";"20,72";"79";"740";"166";"62";"7"
"24.11.2015 00:10:00";"4";"0";"567";"7,9";"16777216";"2749786";"16,39";"78";"531";"166";"50";"5"
"24.11.2015 00:15:00";"4";"0";"865";"12,05";"16777216";"4046665";"24,12";"839";"2516";"166";"64";"6"
"24.11.2015 00:20:00";"4";"0";"319";"4,44";"16777216";"2872260";"17,12";"9";"206";"166";"77";"8"
"24.11.2015 00:25:00";"4";"0";"1628";"22,66";"16777216";"3576902";"21,32";"1063";"10835";"166";"18";"4"
"24.11.2015 00:30:00";"4";"0";"357";"4,98";"16777216";"5367031";"31,99";"90";"920";"166";"119";"8"
"24.11.2015 00:35:00";"4";"0";"1513";"21,08";"16777216";"4125517";"24,59";"533";"4067";"166";"5";"5"
"24.11.2015 00:40:00";"4";"0";"277";"3,86";"16777216";"3610457";"21,52";"0";"645";"166";"3";"4"
"24.11.2015 00:45:00";"4";"0";"271";"3,78";"16777216";"2603824";"15,52";"2";"91";"166";"2";"3"
"24.11.2015 00:50:00";"4";"0";"302";"4,21";"16777216";"2514905";"14,99";"1043";"93";"166";"5";"6"
"24.11.2015 00:55:00";"4";"0";"260";"3,62";"16777216";"2134062";"12,72";"1";"79";"166";"2";"3"
"24.11.2015 01:00:00";"4";"0";"292";"4,07";"16777216";"1978034";"11,79";"4";"93";"166";"3";"4"
"24.11.2015 01:05:00";"4";"0";"1357";"18,89";"16777216";"3789973";"22,59";"8303";"762";"166";"27";"2551"
"24.11.2015 01:10:00";"4";"0";"727";"10,13";"16777216";"6014632";"35,85";"6546";"1123";"166";"99";"2437"
"24.11.2015 01:15:00";"4";"0";"259";"3,61";"16777216";"3610457";"21,52";"22";"92";"166";"2";"4"
"24.11.2015 01:20:00";"4";"0";"303";"4,22";"16777216";"1966290";"11,72";"1043";"96";"166";"5";"6"
"24.11.2015 01:25:00";"4";"0";"268";"3,74";"16777216";"2155872";"12,85";"12";"84";"166";"2";"3"
"24.11.2015 01:30:00";"4";"0";"292";"4,06";"16777216";"1932735";"11,52";"3";"94";"166";"3";"4"
"24.11.2015 01:35:00";"4";"0";"292";"4,07";"16777216";"1731409";"10,32";"6";"103";"166";"4";"5"
"24.11.2015 01:40:00";"4";"0";"275";"3,83";"16777216";"1474717";"8,79";"7";"104";"166";"3";"4"
"24.11.2015 01:45:00";"4";"0";"277";"3,86";"16777216";"1966290";"11,72";"12";"98";"166";"3";"4"
"24.11.2015 01:50:00";"4";"0";"298";"4,15";"16777216";"2189427";"13,05";"5";"100";"166";"5";"6"
"24.11.2015 01:55:00";"4";"0";"260";"3,63";"16777216";"2021655";"12,05";"1";"86";"166";"3";"4"
"24.11.2015 02:00:00";"4";"0";"512";"7,13";"16777216";"2793406";"16,65";"541";"263";"166";"28";"8"
"24.11.2015 02:05:00";"4";"0";"317";"4,42";"16777216";"3286657";"19,59";"59";"171";"166";"4";"5"
"24.11.2015 02:10:00";"4";"0";"242";"3,38";"16777216";"2637378";"15,72";"11";"107";"166";"3";"4"
"24.11.2015 02:15:00";"4";"0";"269";"3,75";"16777216";"1843816";"10,99";"5";"97";"166";"2";"4"
"24.11.2015 02:20:00";"4";"0";"267";"3,73";"16777216";"2290090";"13,65";"3";"100";"166";"5";"6"
"24.11.2015 02:25:00";"4";"0";"234";"3,27";"16777216";"1920991";"11,45";"2";"83";"166";"2";"3"
"24.11.2015 02:30:00";"4";"0";"248";"3,46";"16777216";"1753219";"10,45";"0";"87";"166";"3";"4"
"24.11.2015 02:35:00";"4";"0";"276";"3,84";"16777216";"2682677";"15,99";"20";"105";"166";"6";"6"
"24.11.2015 02:40:00";"4";"0";"295";"4,11";"16777216";"1910925";"11,39";"28";"106";"166";"4";"5"
"24.11.2015 02:45:00";"4";"0";"253";"3,52";"16777216";"1988100";"11,85";"5";"92";"166";"3";"4"
"24.11.2015 02:50:00";"4";"0";"266";"3,71";"16777216";"2280024";"13,59";"1";"91";"166";"5";"6"
"24.11.2015 02:55:00";"4";"0";"239";"3,34";"16777216";"1686110";"10,05";"1";"81";"166";"2";"3"
"24.11.2015 03:00:00";"4";"0";"257";"3,58";"16777216";"2078697";"12,39";"2";"89";"166";"3";"4"
"24.11.2015 03:05:00";"4";"0";"576";"8,02";"16777216";"3253102";"19,39";"78";"374";"166";"4";"5"
"24.11.2015 03:10:00";"4";"0";"240";"3,35";"16777216";"2347132";"13,99";"1";"279";"166";"2";"4"
"24.11.2015 03:15:00";"4";"0";"275";"3,83";"16777216";"2145806";"12,79";"36";"151";"166";"3";"3"
"24.11.2015 03:20:00";"4";"0";"277";"3,87";"16777216";"2145806";"12,79";"3";"112";"166";"5";"6"
"24.11.2015 03:25:00";"4";"0";"236";"3,3";"16777216";"2078697";"12,39";"0";"85";"166";"2";"3"
"24.11.2015 03:30:00";"4";"0";"247";"3,45";"16777216";"1642489";"9,79";"0";"92";"166";"3";"4"
"24.11.2015 03:35:00";"4";"0";"278";"3,88";"16777216";"1910925";"11,39";"21";"108";"166";"5";"6"
"24.11.2015 03:40:00";"4";"0";"248";"3,46";"16777216";"1810262";"10,79";"0";"94";"166";"3";"4"
"24.11.2015 03:45:00";"4";"0";"283";"3,94";"16777216";"2011588";"11,99";"3";"102";"166";"3";"4"
"24.11.2015 03:50:00";"4";"0";"272";"3,79";"16777216";"1978034";"11,79";"1";"105";"166";"5";"6"
"24.11.2015 03:55:00";"4";"0";"236";"3,28";"16777216";"1642489";"9,79";"2";"83";"166";"2";"3"
"24.11.2015 04:00:00";"4";"0";"429";"5,98";"16777216";"2256536";"13,45";"14";"161";"166";"28";"8"
"24.11.2015 04:05:00";"4";"0";"351";"4,9";"16777216";"3387320";"20,19";"223";"185";"166";"4";"5"
"24.11.2015 04:10:00";"4";"0";"244";"3,4";"16777216";"2414241";"14,39";"11";"164";"166";"3";"4"
"24.11.2015 04:15:00";"4";"0";"285";"3,97";"16777216";"2347132";"13,99";"25";"108";"166";"3";"4"
"24.11.2015 04:20:00";"4";"0";"268";"3,73";"16777216";"1944479";"11,59";"9";"115";"166";"5";"6"
"24.11.2015 04:25:00";"4";"0";"289";"4,02";"16777216";"3051776";"18,19";"17";"105";"166";"2";"3"
"24.11.2015 04:30:00";"4";"0";"250";"3,48";"16777216";"2155872";"12,85";"1";"114";"166";"3";"4"
"24.11.2015 04:35:00";"4";"0";"370";"5,16";"16777216";"2134062";"12,72";"11";"171";"166";"29";"12"
"24.11.2015 04:40:00";"4";"0";"295";"4,11";"16777216";"1988100";"11,85";"3";"126";"166";"22";"22"
"24.11.2015 04:45:00";"4";"0";"434";"6,05";"16777216";"2201171";"13,12";"5";"185";"166";"58";"20"
"24.11.2015 04:50:00";"4";"0";"351";"4,89";"16777216";"2536715";"15,12";"11";"125";"166";"11";"8"
"24.11.2015 04:55:00";"4";"0";"251";"3,5";"16777216";"2290090";"13,65";"2";"91";"166";"2";"4"
"24.11.2015 05:00:00";"4";"0";"261";"3,64";"16777216";"2066953";"12,32";"1";"103";"166";"3";"4"
"24.11.2015 05:05:00";"4";"0";"493";"6,87";"16777216";"3622201";"21,59";"15";"1405";"166";"45";"449"
"24.11.2015 05:10:00";"4";"0";"242";"3,38";"16777216";"2816895";"16,79";"0";"102";"166";"3";"4"
"24.11.2015 05:15:00";"4";"0";"252";"3,52";"16777216";"2033399";"12,12";"4";"96";"166";"2";"4"
"24.11.2015 05:20:00";"4";"0";"275";"3,83";"16777216";"2469606";"14,72";"4";"99";"166";"5";"6"
"24.11.2015 05:25:00";"4";"0";"234";"3,27";"16777216";"2335388";"13,92";"0";"95";"166";"2";"3"
"24.11.2015 05:30:00";"4";"0";"259";"3,61";"16777216";"2088763";"12,45";"1";"97";"166";"3";"4"
"24.11.2015 05:35:00";"4";"0";"291";"4,05";"16777216";"2850449";"16,99";"4";"122";"166";"5";"6"
"24.11.2015 05:40:00";"4";"0";"328";"4,58";"16777216";"2100508";"12,52";"3";"132";"166";"3";"5"
"24.11.2015 05:45:00";"4";"0";"336";"4,68";"16777216";"1954546";"11,65";"1";"168";"166";"28";"8"
"24.11.2015 05:50:00";"4";"0";"273";"3,81";"16777216";"2503161";"14,92";"0";"100";"166";"5";"6"
"24.11.2015 05:55:00";"4";"0";"249";"3,47";"16777216";"2704487";"16,12";"1";"90";"166";"2";"3"
"24.11.2015 06:00:00";"4";"0";"362";"5,05";"16777216";"2771596";"16,52";"260";"146";"166";"3";"4"
"24.11.2015 06:05:00";"4";"0";"780";"10,86";"16777216";"5422396";"32,32";"83052";"411";"166";"26";"5083"
"24.11.2015 06:10:00";"4";"0";"320";"4,47";"16777216";"5679087";"33,85";"7771";"144";"166";"40";"51"
"24.11.2015 06:15:00";"4";"0";"250";"3,48";"16777216";"3040032";"18,12";"4";"99";"166";"2";"4"
"24.11.2015 06:20:00";"4";"0";"267";"3,72";"16777216";"1820328";"10,85";"9";"97";"166";"5";"6"
"24.11.2015 06:25:00";"4";"0";"236";"3,29";"16777216";"1954546";"11,65";"0";"87";"166";"2";"3"
"24.11.2015 06:30:00";"4";"0";"252";"3,51";"16777216";"1954546";"11,65";"0";"96";"166";"3";"4"
"24.11.2015 06:35:00";"4";"0";"296";"4,13";"16777216";"2414241";"14,39";"5";"113";"166";"7";"8"
"24.11.2015 06:40:00";"4";"0";"265";"3,69";"16777216";"1810262";"10,79";"0";"99";"166";"4";"5"
"24.11.2015 06:45:00";"4";"0";"337";"4,69";"16777216";"2234725";"13,32";"4";"157";"166";"26";"7"
"24.11.2015 06:50:00";"4";"0";"273";"3,81";"16777216";"2357199";"14,05";"0";"109";"166";"7";"6"
"24.11.2015 06:55:00";"4";"0";"239";"3,33";"16777216";"2290090";"13,65";"1";"84";"166";"2";"3"
"24.11.2015 07:00:00";"4";"0";"256";"3,57";"16777216";"1853882";"11,05";"0";"99";"166";"3";"4"
"24.11.2015 07:05:00";"4";"0";"279";"3,88";"16777216";"3006477";"17,92";"37";"107";"166";"4";"5"
"24.11.2015 07:10:00";"4";"0";"237";"3,3";"16777216";"2234725";"13,32";"0";"101";"166";"3";"4"
"24.11.2015 07:15:00";"4";"0";"254";"3,54";"16777216";"1853882";"11,05";"1";"104";"166";"2";"4"
"24.11.2015 07:20:00";"4";"0";"270";"3,76";"16777216";"2021655";"12,05";"0";"105";"166";"5";"6"
"24.11.2015 07:25:00";"4";"0";"236";"3,29";"16777216";"2011588";"11,99";"0";"86";"166";"2";"3"
"24.11.2015 07:30:00";"4";"0";"258";"3,6";"16777216";"2290090";"13,65";"0";"100";"166";"3";"4"
"24.11.2015 07:35:00";"4";"0";"282";"3,93";"16777216";"2167616";"12,92";"4";"123";"166";"5";"6"
"24.11.2015 07:40:00";"4";"0";"254";"3,53";"16777216";"1697854";"10,12";"0";"109";"166";"3";"4"
"24.11.2015 07:45:00";"4";"0";"329";"4,58";"16777216";"1709598";"10,19";"2";"151";"166";"26";"8"
"24.11.2015 07:50:00";"4";"0";"272";"3,79";"16777216";"1899181";"11,32";"0";"112";"166";"7";"6"
"24.11.2015 07:55:00";"4";"0";"236";"3,28";"16777216";"1832072";"10,92";"0";"85";"166";"2";"3"
"24.11.2015 08:00:00";"4";"0";"330";"4,59";"16777216";"1920991";"11,45";"8";"117";"166";"3";"4"
"24.11.2015 08:05:00";"4";"0";"303";"4,23";"16777216";"3018221";"17,99";"3";"134";"166";"4";"5"
"24.11.2015 08:10:00";"4";"0";"259";"3,6";"16777216";"2234725";"13,32";"2";"112";"166";"3";"4"
"24.11.2015 08:15:00";"4";"0";"400";"5,57";"16777216";"2256536";"13,45";"377";"594";"166";"2";"4"
"24.11.2015 08:20:00";"4";"0";"278";"3,88";"16777216";"2771596";"16,52";"13";"555";"166";"5";"6"
"24.11.2015 08:25:00";"4";"0";"252";"3,51";"16777216";"1978034";"11,79";"7";"110";"166";"2";"3"
"24.11.2015 08:30:00";"4";"0";"253";"3,53";"16777216";"1899181";"11,32";"0";"114";"166";"3";"4"
"24.11.2015 08:35:00";"4";"0";"278";"3,87";"16777216";"1619001";"9,65";"0";"117";"166";"5";"6"
"24.11.2015 08:40:00";"4";"0";"319";"4,45";"16777216";"1910925";"11,39";"3";"110";"166";"4";"5"
"24.11.2015 08:45:00";"4";"0";"344";"4,8";"16777216";"1978034";"11,79";"1";"162";"166";"28";"8"
"24.11.2015 08:50:00";"4";"0";"265";"3,69";"16777216";"1978034";"11,79";"0";"111";"166";"5";"6"
"24.11.2015 08:55:00";"4";"0";"229";"3,19";"16777216";"1978034";"11,79";"0";"86";"166";"2";"3"
"24.11.2015 09:00:00";"4";"0";"275";"3,83";"16777216";"1776707";"10,59";"1";"109";"166";"3";"4"
"24.11.2015 09:05:00";"4";"0";"474";"6,6";"16777216";"3128951";"18,65";"5";"1287";"166";"44";"381"
"24.11.2015 09:10:00";"4";"0";"242";"3,38";"16777216";"2649122";"15,79";"0";"105";"166";"3";"4"
"24.11.2015 09:15:00";"4";"0";"256";"3,57";"16777216";"2212915";"13,19";"2";"114";"166";"2";"4"
"24.11.2015 09:20:00";"4";"0";"288";"4,01";"16777216";"2280024";"13,59";"3";"129";"166";"5";"6"
"24.11.2015 09:25:00";"4";"0";"233";"3,25";"16777216";"1944479";"11,59";"1";"102";"166";"2";"3"
"24.11.2015 09:30:00";"4";"0";"270";"3,76";"16777216";"1910925";"11,39";"1";"111";"166";"3";"4"
"24.11.2015 09:35:00";"4";"0";"286";"3,98";"16777216";"2380687";"14,19";"1";"135";"166";"5";"6"
"24.11.2015 09:40:00";"4";"0";"253";"3,53";"16777216";"2280024";"13,59";"0";"111";"166";"3";"4"
"24.11.2015 09:45:00";"4";"0";"339";"4,72";"16777216";"2179360";"12,99";"1";"161";"166";"26";"8"
"24.11.2015 09:50:00";"4";"0";"293";"4,09";"16777216";"2424308";"14,45";"1";"135";"166";"7";"6"
"24.11.2015 09:55:00";"4";"0";"229";"3,19";"16777216";"2783340";"16,59";"0";"99";"166";"2";"3"
"24.11.2015 10:00:00";"4";"0";"421";"5,86";"16777216";"2313578";"13,79";"28";"159";"166";"3";"4"
"24.11.2015 10:05:00";"4";"0";"296";"4,13";"16777216";"2927624";"17,45";"21";"159";"166";"4";"5"
"24.11.2015 10:10:00";"4";"0";"240";"3,35";"16777216";"1910925";"11,39";"18";"109";"166";"3";"4"
"24.11.2015 10:15:00";"4";"0";"263";"3,67";"16777216";"1676044";"9,99";"30";"124";"166";"2";"4"
"24.11.2015 10:20:00";"4";"0";"541";"7,53";"16777216";"2615568";"15,59";"66";"122";"166";"5";"6"
"24.11.2015 10:25:00";"4";"0";"228";"3,18";"16777216";"2011588";"11,99";"7";"95";"166";"2";"3"
"24.11.2015 10:30:00";"4";"0";"262";"3,65";"16777216";"1877370";"11,19";"10";"111";"166";"3";"4"
"24.11.2015 10:35:00";"4";"0";"256";"3,57";"16777216";"1978034";"11,79";"8";"118";"166";"4";"5"
"24.11.2015 10:40:00";"4";"0";"242";"3,38";"16777216";"1910925";"11,39";"7";"93";"166";"3";"4"
"24.11.2015 10:45:00";"4";"0";"247";"3,45";"16777216";"1899181";"11,32";"9";"111";"166";"2";"4"
"24.11.2015 10:50:00";"4";"0";"268";"3,74";"16777216";"1887437";"11,25";"7";"110";"166";"5";"6"
"24.11.2015 10:55:00";"4";"0";"234";"3,26";"16777216";"2167616";"12,92";"7";"91";"166";"2";"3"
"24.11.2015 11:00:00";"4";"0";"291";"4,05";"16777216";"2011588";"11,99";"14";"127";"166";"3";"4"
"24.11.2015 11:05:00";"4";"0";"299";"4,17";"16777216";"2738042";"16,32";"28";"147";"166";"4";"5"
"24.11.2015 11:10:00";"4";"0";"271";"3,78";"16777216";"2078697";"12,39";"12";"136";"166";"3";"4"
"24.11.2015 11:15:00";"4";"0";"289";"4,02";"16777216";"2323644";"13,85";"15";"150";"166";"2";"4"
"24.11.2015 11:20:00";"4";"0";"283";"3,95";"16777216";"2100508";"12,52";"9";"136";"166";"5";"6"
"24.11.2015 11:25:00";"4";"0";"230";"3,2";"16777216";"2155872";"12,85";"7";"99";"166";"2";"3"
"24.11.2015 11:30:00";"4";"0";"256";"3,57";"16777216";"1932735";"11,52";"8";"107";"166";"3";"4"
"24.11.2015 11:35:00";"4";"0";"273";"3,8";"16777216";"2145806";"12,79";"9";"120";"166";"4";"5"
"24.11.2015 11:40:00";"4";"0";"315";"4,39";"16777216";"1999844";"11,92";"12";"118";"166";"3";"4"
"24.11.2015 11:45:00";"4";"0";"288";"4,02";"16777216";"2189427";"13,05";"13";"138";"166";"3";"4"
"24.11.2015 11:50:00";"4";"0";"320";"4,46";"16777216";"2066953";"12,32";"9";"156";"166";"23";"9"
"24.11.2015 11:55:00";"4";"0";"445";"6,2";"16777216";"2536715";"15,12";"99";"273";"166";"10";"5"
"24.11.2015 12:00:00";"4";"0";"474";"6,61";"16777216";"3006477";"17,92";"211";"629";"166";"3";"4"
"24.11.2015 12:05:00";"4";"0";"1384";"19,28";"16777216";"4080219";"24,32";"109";"3324";"166";"4";"5"
"24.11.2015 12:10:00";"4";"0";"273";"3,8";"16777216";"3274913";"19,52";"10";"1172";"166";"3";"4"
"24.11.2015 12:15:00";"4";"0";"300";"4,18";"16777216";"2582014";"15,39";"16";"142";"166";"3";"4"
"24.11.2015 12:20:00";"4";"0";"306";"4,26";"16777216";"2524971";"15,05";"19";"153";"166";"5";"6"
"24.11.2015 12:25:00";"4";"0";"275";"3,83";"16777216";"1988100";"11,85";"13";"132";"166";"2";"3"
"24.11.2015 12:30:00";"4";"0";"262";"3,66";"16777216";"2100508";"12,52";"10";"131";"166";"3";"4"
"24.11.2015 12:35:00";"4";"0";"298";"4,16";"16777216";"2268280";"13,52";"11";"141";"166";"5";"6"
"24.11.2015 12:40:00";"4";"0";"278";"3,87";"16777216";"1932735";"11,52";"11";"122";"166";"3";"5"
"24.11.2015 12:45:00";"4";"0";"339";"4,72";"16777216";"2234725";"13,32";"11";"172";"166";"28";"8"
"24.11.2015 12:50:00";"4";"0";"292";"4,07";"16777216";"2145806";"12,79";"9";"119";"166";"5";"6"
"24.11.2015 12:55:00";"4";"0";"245";"3,42";"16777216";"2659189";"15,85";"8";"102";"166";"2";"3"
"24.11.2015 13:00:00";"4";"0";"264";"3,69";"16777216";"2402497";"14,32";"12";"111";"166";"3";"4"
"24.11.2015 13:05:00";"4";"0";"616";"8,58";"16777216";"3644011";"21,72";"134";"609";"166";"46";"707"
"24.11.2015 13:10:00";"4";"0";"250";"3,49";"16777216";"3152439";"18,79";"35";"114";"166";"3";"4"
"24.11.2015 13:15:00";"4";"0";"267";"3,73";"16777216";"2179360";"12,99";"56";"121";"166";"2";"4"
"24.11.2015 13:20:00";"4";"0";"282";"3,93";"16777216";"2615568";"15,59";"45";"122";"166";"5";"6"
"24.11.2015 13:25:00";"4";"0";"238";"3,31";"16777216";"2167616";"12,92";"7";"99";"166";"2";"3"
"24.11.2015 13:30:00";"4";"0";"318";"4,43";"16777216";"2078697";"12,39";"17";"141";"166";"3";"4"
"24.11.2015 13:35:00";"4";"0";"291";"4,06";"16777216";"1832072";"10,92";"24";"148";"166";"5";"6"
"24.11.2015 13:40:00";"4";"0";"271";"3,78";"16777216";"2155872";"12,85";"10";"120";"166";"3";"4"
"24.11.2015 13:45:00";"4";"0";"337";"4,69";"16777216";"2234725";"13,32";"19";"166";"166";"28";"8"
"24.11.2015 13:50:00";"4";"0";"275";"3,83";"16777216";"2447796";"14,59";"11";"114";"166";"5";"6"
"24.11.2015 13:55:00";"4";"0";"242";"3,37";"16777216";"2615568";"15,59";"10";"102";"166";"2";"3"
"24.11.2015 14:00:00";"4";"0";"444";"6,19";"16777216";"2659189";"15,85";"73";"178";"166";"3";"4"
"24.11.2015 14:05:00";"4";"0";"288";"4,02";"16777216";"2682677";"15,99";"44";"163";"166";"4";"5"
"24.11.2015 14:10:00";"4";"0";"252";"3,51";"16777216";"2078697";"12,39";"11";"119";"166";"2";"4"
"24.11.2015 14:15:00";"4";"0";"264";"3,67";"16777216";"1832072";"10,92";"9";"121";"166";"2";"4"
"24.11.2015 14:20:00";"4";"0";"298";"4,15";"16777216";"1786773";"10,65";"11";"130";"166";"5";"6"
"24.11.2015 14:25:00";"4";"0";"261";"3,64";"16777216";"2368943";"14,12";"11";"122";"166";"2";"3"
"24.11.2015 14:30:00";"4";"0";"301";"4,19";"16777216";"2055209";"12,25";"19";"148";"166";"3";"4"
"24.11.2015 14:35:00";"4";"0";"283";"3,94";"16777216";"2088763";"12,45";"8";"147";"166";"5";"6"
"24.11.2015 14:40:00";"4";"0";"313";"4,36";"16777216";"1887437";"11,25";"29";"110";"166";"4";"5"
"24.11.2015 14:45:00";"4";"0";"370";"5,16";"16777216";"2155872";"12,85";"15";"185";"166";"28";"8"
"24.11.2015 14:50:00";"4";"0";"269";"3,75";"16777216";"2112252";"12,59";"8";"125";"166";"5";"6"
"24.11.2015 14:55:00";"4";"0";"237";"3,3";"16777216";"1910925";"11,39";"8";"96";"166";"2";"3"
"24.11.2015 15:00:00";"4";"0";"263";"3,67";"16777216";"2335388";"13,92";"8";"109";"166";"3";"4"
"24.11.2015 15:05:00";"4";"0";"294";"4,09";"16777216";"2984667";"17,79";"12";"130";"166";"4";"5"
"24.11.2015 15:10:00";"4";"0";"276";"3,85";"16777216";"2212915";"13,19";"14";"142";"166";"3";"4"
"24.11.2015 15:15:00";"4";"0";"252";"3,52";"16777216";"1843816";"10,99";"10";"131";"166";"2";"4"
"24.11.2015 15:20:00";"4";"0";"272";"3,78";"16777216";"1810262";"10,79";"8";"116";"166";"5";"6"
"24.11.2015 15:25:00";"4";"0";"403";"5,61";"16777216";"2179360";"12,99";"339";"131";"166";"2";"3"
"24.11.2015 15:30:00";"4";"0";"287";"3,99";"16777216";"2481350";"14,79";"14";"153";"166";"3";"4"
"24.11.2015 15:35:00";"4";"0";"281";"3,92";"16777216";"2246469";"13,39";"9";"148";"166";"5";"6"
"24.11.2015 15:40:00";"4";"0";"277";"3,86";"16777216";"1910925";"11,39";"12";"132";"166";"3";"4"
"24.11.2015 15:45:00";"4";"0";"349";"4,87";"16777216";"1776707";"10,59";"13";"202";"166";"26";"8"
"24.11.2015 15:50:00";"4";"0";"299";"4,17";"16777216";"2078697";"12,39";"11";"159";"166";"7";"6"
"24.11.2015 15:55:00";"4";"0";"257";"3,58";"16777216";"2179360";"12,99";"10";"137";"166";"2";"3"
"24.11.2015 16:00:00";"4";"0";"401";"5,59";"16777216";"2524971";"15,05";"17";"169";"166";"3";"4"
"24.11.2015 16:05:00";"4";"0";"288";"4,01";"16777216";"2548459";"15,19";"10";"173";"166";"4";"5"
"24.11.2015 16:10:00";"4";"0";"249";"3,46";"16777216";"1966290";"11,72";"8";"122";"166";"3";"4"
"24.11.2015 16:15:00";"4";"0";"267";"3,72";"16777216";"2145806";"12,79";"11";"147";"166";"3";"4"
"24.11.2015 16:20:00";"4";"0";"287";"4";"16777216";"2481350";"14,79";"12";"157";"166";"5";"6"
"24.11.2015 16:25:00";"4";"0";"241";"3,37";"16777216";"2280024";"13,59";"7";"119";"166";"2";"3"
"24.11.2015 16:30:00";"4";"0";"261";"3,64";"16777216";"1944479";"11,59";"9";"129";"166";"3";"4"
"24.11.2015 16:35:00";"4";"0";"291";"4,06";"16777216";"1978034";"11,79";"11";"153";"166";"5";"6"
"24.11.2015 16:40:00";"4";"0";"256";"3,57";"16777216";"1978034";"11,79";"8";"129";"166";"3";"4"
"24.11.2015 16:45:00";"4";"0";"339";"4,73";"16777216";"1910925";"11,39";"12";"186";"166";"26";"8"
"24.11.2015 16:50:00";"4";"0";"278";"3,88";"16777216";"1743153";"10,39";"8";"139";"166";"7";"6"
"24.11.2015 16:55:00";"4";"0";"237";"3,31";"16777216";"2021655";"12,05";"7";"101";"166";"2";"3"
"24.11.2015 17:00:00";"4";"0";"289";"4,02";"16777216";"2088763";"12,45";"16";"144";"166";"3";"4"
"24.11.2015 17:05:00";"4";"0";"473";"6,58";"16777216";"2872260";"17,12";"8";"1266";"166";"44";"395"
"24.11.2015 17:10:00";"4";"0";"267";"3,72";"16777216";"2860515";"17,05";"3";"134";"166";"3";"4"
"24.11.2015 17:15:00";"4";"0";"258";"3,6";"16777216";"2357199";"14,05";"9";"147";"166";"2";"4"
"24.11.2015 17:20:00";"4";"0";"288";"4,02";"16777216";"2055209";"12,25";"8";"139";"166";"5";"6"
"24.11.2015 17:25:00";"4";"0";"307";"4,28";"16777216";"2268280";"13,52";"15";"159";"166";"2";"3"
"24.11.2015 17:30:00";"4";"0";"290";"4,04";"16777216";"2301834";"13,72";"9";"169";"166";"3";"4"
"24.11.2015 17:35:00";"4";"0";"280";"3,9";"16777216";"1786773";"10,65";"9";"150";"166";"4";"5"
"24.11.2015 17:40:00";"4";"0";"312";"4,34";"16777216";"1810262";"10,79";"12";"131";"166";"3";"4"
"24.11.2015 17:45:00";"4";"0";"274";"3,82";"16777216";"2033399";"12,12";"8";"154";"166";"3";"4"
"24.11.2015 17:50:00";"4";"0";"284";"3,96";"16777216";"2189427";"13,05";"9";"143";"166";"6";"7"
"24.11.2015 17:55:00";"4";"0";"321";"4,47";"16777216";"2189427";"13,05";"10";"160";"166";"28";"8"
"24.11.2015 18:00:00";"4";"0";"347";"4,83";"16777216";"2447796";"14,59";"12";"145";"166";"3";"4"
"24.11.2015 18:05:00";"4";"0";"282";"3,93";"16777216";"2951112";"17,59";"0";"162";"166";"4";"5"
"24.11.2015 18:10:00";"4";"0";"273";"3,8";"16777216";"2179360";"12,99";"0";"123";"166";"3";"4"
"24.11.2015 18:15:00";"4";"0";"280";"3,9";"16777216";"2134062";"12,72";"8";"151";"166";"3";"4"
"24.11.2015 18:20:00";"4";"0";"283";"3,94";"16777216";"2402497";"14,32";"1";"152";"166";"5";"6"
"24.11.2015 18:25:00";"4";"0";"258";"3,59";"16777216";"2592080";"15,45";"1";"132";"166";"2";"3"
"24.11.2015 18:30:00";"4";"0";"267";"3,73";"16777216";"1920991";"11,45";"0";"147";"166";"3";"4"
"24.11.2015 18:35:00";"4";"0";"341";"4,76";"16777216";"1899181";"11,32";"1";"147";"166";"56";"57"
"24.11.2015 18:40:00";"4";"0";"336";"4,68";"16777216";"2021655";"12,05";"0";"113";"166";"58";"61"
"24.11.2015 18:45:00";"4";"0";"273";"3,8";"16777216";"2268280";"13,52";"0";"143";"166";"13";"15"
"24.11.2015 18:50:00";"4";"0";"297";"4,13";"16777216";"1944479";"11,59";"0";"190";"166";"47";"16"
"24.11.2015 18:55:00";"4";"0";"267";"3,73";"16777216";"2246469";"13,39";"1";"111";"166";"20";"24"
"24.11.2015 19:00:00";"4";"0";"316";"4,41";"16777216";"1910925";"11,39";"2";"148";"166";"17";"19"
"24.11.2015 19:05:00";"4";"0";"294";"4,1";"16777216";"2436052";"14,52";"1";"157";"166";"12";"14"
"24.11.2015 19:10:00";"4";"0";"276";"3,84";"16777216";"2323644";"13,85";"0";"136";"166";"18";"21"
"24.11.2015 19:15:00";"4";"0";"285";"3,97";"16777216";"2055209";"12,25";"0";"145";"166";"21";"24"
"24.11.2015 19:20:00";"4";"0";"311";"4,34";"16777216";"2045143";"12,19";"0";"136";"166";"31";"35"
"24.11.2015 19:25:00";"4";"0";"262";"3,66";"16777216";"2570269";"15,32";"0";"109";"166";"18";"20"
"24.11.2015 19:30:00";"4";"0";"305";"4,25";"16777216";"2122318";"12,65";"0";"136";"166";"35";"41"
"24.11.2015 19:35:00";"4";"0";"296";"4,13";"16777216";"2122318";"12,65";"2";"160";"166";"11";"12"
"24.11.2015 19:40:00";"4";"0";"265";"3,69";"16777216";"1642489";"9,79";"0";"138";"166";"7";"8"
"24.11.2015 19:45:00";"4";"0";"329";"4,58";"16777216";"2167616";"12,92";"3";"189";"166";"30";"12"
"24.11.2015 19:50:00";"4";"0";"325";"4,53";"16777216";"2524971";"15,05";"0";"152";"166";"27";"28"
"24.11.2015 19:55:00";"4";"0";"280";"3,91";"16777216";"2021655";"12,05";"0";"122";"166";"27";"31"
"24.11.2015 20:00:00";"4";"0";"836";"11,65";"16777216";"3655756";"21,79";"4757";"624";"166";"15";"17"
"24.11.2015 20:05:00";"4";"0";"1060";"14,77";"16777216";"6249513";"37,25";"90885";"2295";"166";"49";"6994"
"24.11.2015 20:10:00";"4";"0";"308";"4,29";"16777216";"5724386";"34,12";"206";"204";"166";"46";"43"
"24.11.2015 20:15:00";"4";"0";"278";"3,88";"16777216";"3128951";"18,65";"14";"150";"166";"12";"13"
"24.11.2015 20:20:00";"4";"0";"318";"4,43";"16777216";"2234725";"13,32";"1071";"156";"166";"12";"14"
"24.11.2015 20:25:00";"4";"0";"245";"3,41";"16777216";"2335388";"13,92";"16";"130";"166";"2";"3"
"24.11.2015 20:30:00";"4";"0";"266";"3,71";"16777216";"1865626";"11,12";"4";"128";"166";"3";"4"
"24.11.2015 20:35:00";"4";"0";"281";"3,92";"16777216";"1944479";"11,59";"9";"146";"166";"5";"6"
"24.11.2015 20:40:00";"4";"0";"320";"4,46";"16777216";"1910925";"11,39";"33";"127";"166";"3";"5"
"24.11.2015 20:45:00";"4";"0";"338";"4,71";"16777216";"2212915";"13,19";"13";"186";"166";"28";"8"
"24.11.2015 20:50:00";"4";"0";"281";"3,92";"16777216";"2313578";"13,79";"7";"139";"166";"6";"7"
"24.11.2015 20:55:00";"4";"0";"241";"3,37";"16777216";"1978034";"11,79";"4";"109";"166";"2";"3"
"24.11.2015 21:00:00";"4";"0";"263";"3,66";"16777216";"1944479";"11,59";"4";"130";"166";"3";"4"
"24.11.2015 21:05:00";"4";"0";"387";"5,39";"16777216";"2884004";"17,19";"17";"462";"166";"49";"116"
"24.11.2015 21:10:00";"4";"0";"263";"3,66";"16777216";"2313578";"13,79";"8";"127";"166";"15";"17"
"24.11.2015 21:15:00";"4";"0";"261";"3,64";"16777216";"1910925";"11,39";"5";"138";"166";"11";"13"
"24.11.2015 21:20:00";"4";"0";"299";"4,16";"16777216";"2582014";"15,39";"2";"141";"166";"17";"19"
"24.11.2015 21:25:00";"4";"0";"243";"3,39";"16777216";"2045143";"12,19";"1";"115";"166";"6";"8"
"24.11.2015 21:30:00";"4";"0";"270";"3,77";"16777216";"1743153";"10,39";"0";"133";"166";"7";"8"
"24.11.2015 21:35:00";"4";"0";"294";"4,09";"16777216";"2179360";"12,99";"2";"154";"166";"13";"14"
"24.11.2015 21:40:00";"4";"0";"272";"3,79";"16777216";"2112252";"12,59";"0";"123";"166";"9";"9"
"24.11.2015 21:45:00";"4";"0";"350";"4,89";"16777216";"2045143";"12,19";"7";"194";"166";"41";"21"
"24.11.2015 21:50:00";"4";"0";"273";"3,81";"16777216";"2145806";"12,79";"0";"137";"166";"8";"9"
"24.11.2015 21:55:00";"4";"0";"241";"3,36";"16777216";"2078697";"12,39";"2";"106";"166";"4";"6"
"24.11.2015 22:00:00";"4";"0";"389";"5,42";"16777216";"2145806";"12,79";"16";"164";"166";"39";"38"
"24.11.2015 22:05:00";"4";"0";"917";"12,77";"16777216";"4940890";"29,45";"2380";"398";"166";"18";"21"
"24.11.2015 22:10:00";"4";"0";"285";"3,97";"16777216";"4595279";"27,39";"3";"311";"166";"19";"19"
"24.11.2015 22:15:00";"4";"0";"288";"4,01";"16777216";"2380687";"14,19";"4";"137";"166";"20";"23"
"24.11.2015 22:20:00";"4";"0";"379";"5,27";"16777216";"2692743";"16,05";"19";"170";"166";"9";"11"
"24.11.2015 22:25:00";"4";"0";"263";"3,66";"16777216";"2582014";"15,39";"5";"152";"166";"9";"10"
"24.11.2015 22:30:00";"4";"0";"296";"4,12";"16777216";"2134062";"12,72";"8";"147";"166";"9";"10"
"24.11.2015 22:35:00";"4";"0";"330";"4,6";"16777216";"2055209";"12,25";"2";"171";"166";"37";"38"
"24.11.2015 22:40:00";"4";"0";"278";"3,88";"16777216";"1877370";"11,19";"3";"126";"166";"13";"16"
"24.11.2015 22:45:00";"4";"0";"275";"3,83";"16777216";"1585447";"9,45";"6";"135";"166";"13";"16"
"24.11.2015 22:50:00";"4";"0";"301";"4,19";"16777216";"1865626";"11,12";"8";"146";"166";"6";"8"
"24.11.2015 22:55:00";"4";"0";"253";"3,52";"16777216";"1910925";"11,39";"2";"118";"166";"3";"4"
"24.11.2015 23:00:00";"4";"0";"280";"3,91";"16777216";"2100508";"12,52";"2";"139";"166";"6";"7"
"24.11.2015 23:05:00";"4";"0";"435";"6,06";"16777216";"2347132";"13,99";"49";"220";"166";"30";"11"
"24.11.2015 23:10:00";"4";"0";"338";"4,72";"16777216";"2155872";"12,85";"21";"157";"166";"4";"5"
"24.11.2015 23:15:00";"4";"0";"267";"3,72";"16777216";"2045143";"12,19";"2";"143";"166";"2";"4"
"24.11.2015 23:20:00";"4";"0";"297";"4,14";"16777216";"2189427";"13,05";"10";"144";"166";"4";"6"
"24.11.2015 23:25:00";"4";"0";"248";"3,46";"16777216";"1719665";"10,25";"8";"123";"166";"2";"3"
"24.11.2015 23:30:00";"4";"0";"281";"3,92";"16777216";"1652556";"9,85";"11";"140";"166";"3";"4"
"24.11.2015 23:35:00";"4";"0";"275";"3,83";"16777216";"1798518";"10,72";"7";"149";"166";"5";"5"
"24.11.2015 23:40:00";"4";"0";"318";"4,43";"16777216";"2212915";"13,19";"10";"128";"166";"3";"4"
"24.11.2015 23:45:00";"4";"0";"278";"3,87";"16777216";"1642489";"9,79";"7";"144";"166";"3";"4"
"24.11.2015 23:50:00";"4";"0";"294";"4,1";"16777216";"1753219";"10,45";"12";"153";"166";"7";"7"
"24.11.2015 23:55:00";"4";"0";"351";"4,89";"16777216";"1753219";"10,45";"12";"175";"166";"26";"7"
"25.11.2015 00:00:00";"4";"0";"383";"5,34";"16777216";"2570269";"15,32";"493";"275";"166";"3";"4"
"25.11.2015 00:05:00";"4";"0";"487";"6,79";"16777216";"3900703";"23,25";"194";"522";"166";"54";"7"
"25.11.2015 00:10:00";"4";"0";"567";"7,9";"16777216";"2793406";"16,65";"90";"535";"166";"51";"6"
"25.11.2015 00:15:00";"4";"0";"851";"11,84";"16777216";"3912447";"23,32";"929";"565";"166";"59";"5"
"25.11.2015 00:20:00";"4";"0";"322";"4,48";"16777216";"3253102";"19,39";"12";"212";"166";"71";"8"
"25.11.2015 00:25:00";"4";"0";"1342";"18,69";"16777216";"3722864";"22,19";"166";"7600";"166";"31";"4"
"25.11.2015 00:30:00";"4";"0";"595";"8,29";"16777216";"5702576";"33,99";"483";"5986";"166";"82";"7"
"25.11.2015 00:35:00";"4";"0";"1443";"20,1";"16777216";"3890636";"23,19";"477";"2516";"166";"46";"7"
"25.11.2015 00:40:00";"4";"0";"325";"4,52";"16777216";"3924191";"23,39";"11";"2595";"166";"3";"4"
"25.11.2015 00:45:00";"4";"0";"252";"3,52";"16777216";"2548459";"15,19";"5";"100";"166";"2";"4"
"25.11.2015 00:50:00";"4";"0";"288";"4,02";"16777216";"2179360";"12,99";"5";"92";"166";"5";"6"
"25.11.2015 00:55:00";"4";"0";"243";"3,38";"16777216";"2256536";"13,45";"1";"81";"166";"2";"3"
"25.11.2015 01:00:00";"4";"0";"276";"3,85";"16777216";"1978034";"11,79";"7";"85";"166";"3";"4"
"25.11.2015 01:05:00";"4";"0";"1396";"19,45";"16777216";"4404019";"26,25";"10078";"286";"166";"73";"4146"
"25.11.2015 01:10:00";"4";"0";"565";"7,87";"16777216";"4930824";"29,39";"2587";"240";"166";"47";"768"
"25.11.2015 01:15:00";"4";"0";"260";"3,63";"16777216";"3308467";"19,72";"13";"91";"166";"2";"4"
"25.11.2015 01:20:00";"4";"0";"291";"4,06";"16777216";"2268280";"13,52";"47";"88";"166";"5";"6"
"25.11.2015 01:25:00";"4";"0";"252";"3,52";"16777216";"1820328";"10,85";"25";"77";"166";"2";"3"
"25.11.2015 01:30:00";"4";"0";"273";"3,8";"16777216";"1563636";"9,32";"4";"87";"166";"3";"4"
"25.11.2015 01:35:00";"4";"0";"279";"3,88";"16777216";"1709598";"10,19";"13";"96";"166";"5";"5"
"25.11.2015 01:40:00";"4";"0";"263";"3,66";"16777216";"2033399";"12,12";"8";"102";"166";"3";"4"
"25.11.2015 01:45:00";"4";"0";"268";"3,74";"16777216";"1920991";"11,45";"27";"96";"166";"3";"4"
"25.11.2015 01:50:00";"4";"0";"292";"4,07";"16777216";"2290090";"13,65";"13";"97";"166";"5";"6"
"25.11.2015 01:55:00";"4";"0";"247";"3,45";"16777216";"2212915";"13,19";"11";"84";"166";"3";"4"
"25.11.2015 02:00:00";"4";"0";"450";"6,27";"16777216";"1978034";"11,79";"193";"157";"166";"27";"8"
"25.11.2015 02:05:00";"4";"0";"303";"4,23";"16777216";"2738042";"16,32";"66";"123";"166";"6";"6"
"25.11.2015 02:10:00";"4";"0";"242";"3,38";"16777216";"2145806";"12,79";"7";"97";"166";"3";"4"
"25.11.2015 02:15:00";"4";"0";"264";"3,68";"16777216";"1978034";"11,79";"15";"104";"166";"3";"4"
"25.11.2015 02:20:00";"4";"0";"274";"3,82";"16777216";"2145806";"12,79";"11";"91";"166";"5";"6"
"25.11.2015 02:25:00";"4";"0";"228";"3,18";"16777216";"2045143";"12,19";"7";"79";"166";"2";"3"
"25.11.2015 02:30:00";"4";"0";"253";"3,53";"16777216";"1978034";"11,79";"6";"86";"166";"3";"4"
"25.11.2015 02:35:00";"4";"0";"281";"3,91";"16777216";"2649122";"15,79";"12";"103";"166";"5";"6"
"25.11.2015 02:40:00";"4";"0";"309";"4,31";"16777216";"2380687";"14,19";"28";"100";"166";"4";"5"
"25.11.2015 02:45:00";"4";"0";"249";"3,47";"16777216";"2212915";"13,19";"8";"87";"166";"3";"4"
"25.11.2015 02:50:00";"4";"0";"272";"3,79";"16777216";"2011588";"11,99";"13";"91";"166";"5";"6"
"25.11.2015 02:55:00";"4";"0";"231";"3,22";"16777216";"2112252";"12,59";"7";"83";"166";"2";"3"
"25.11.2015 03:00:00";"4";"0";"261";"3,64";"16777216";"2112252";"12,59";"10";"89";"166";"3";"4"
"25.11.2015 03:05:00";"4";"0";"565";"7,87";"16777216";"3051776";"18,19";"73";"368";"166";"4";"5"
"25.11.2015 03:10:00";"4";"0";"248";"3,46";"16777216";"2380687";"14,19";"4";"281";"166";"3";"4"
"25.11.2015 03:15:00";"4";"0";"261";"3,63";"16777216";"2201171";"13,12";"24";"97";"166";"3";"3"
"25.11.2015 03:20:00";"4";"0";"285";"3,97";"16777216";"2414241";"14,39";"11";"106";"166";"5";"6"
"25.11.2015 03:25:00";"4";"0";"251";"3,49";"16777216";"2380687";"14,19";"139";"135";"166";"2";"3"
"25.11.2015 03:30:00";"4";"0";"254";"3,54";"16777216";"1798518";"10,72";"8";"90";"166";"3";"4"
"25.11.2015 03:35:00";"4";"0";"277";"3,86";"16777216";"1865626";"11,12";"13";"100";"166";"5";"6"
"25.11.2015 03:40:00";"4";"0";"262";"3,65";"16777216";"2155872";"12,85";"29";"98";"166";"3";"4"
"25.11.2015 03:45:00";"4";"0";"287";"4,01";"16777216";"2222981";"13,25";"12";"114";"166";"3";"4"
"25.11.2015 03:50:00";"4";"0";"269";"3,75";"16777216";"1832072";"10,92";"8";"105";"166";"5";"6"
"25.11.2015 03:55:00";"4";"0";"272";"3,79";"16777216";"1853882";"11,05";"8";"112";"166";"18";"5"
"25.11.2015 04:00:00";"4";"0";"514";"7,16";"16777216";"3174249";"18,92";"674";"674";"166";"12";"6"
"25.11.2015 04:05:00";"4";"0";"348";"4,85";"16777216";"3128951";"18,65";"205";"390";"166";"4";"5"
"25.11.2015 04:10:00";"4";"0";"248";"3,47";"16777216";"2256536";"13,45";"26";"163";"166";"3";"4"
"25.11.2015 04:15:00";"4";"0";"282";"3,94";"16777216";"1944479";"11,59";"17";"104";"166";"3";"4"
"25.11.2015 04:20:00";"4";"0";"274";"3,82";"16777216";"2189427";"13,05";"20";"118";"166";"5";"6"
"25.11.2015 04:25:00";"4";"0";"291";"4,06";"16777216";"2481350";"14,79";"20";"104";"166";"2";"3"
"25.11.2015 04:30:00";"4";"0";"251";"3,5";"16777216";"2179360";"12,99";"9";"118";"166";"3";"4"
"25.11.2015 04:35:00";"4";"0";"314";"4,38";"16777216";"2390753";"14,25";"10";"152";"166";"28";"11"
"25.11.2015 04:40:00";"4";"0";"293";"4,09";"16777216";"1810262";"10,79";"9";"119";"166";"17";"16"
"25.11.2015 04:45:00";"4";"0";"282";"3,93";"16777216";"1832072";"10,92";"7";"120";"166";"21";"19"
"25.11.2015 04:50:00";"4";"0";"462";"6,44";"16777216";"2414241";"14,39";"18";"192";"166";"51";"14"
"25.11.2015 04:55:00";"4";"0";"282";"3,92";"16777216";"2323644";"13,85";"12";"108";"166";"5";"4"
"25.11.2015 05:00:00";"4";"0";"263";"3,66";"16777216";"2145806";"12,79";"8";"108";"166";"3";"4"
"25.11.2015 05:05:00";"4";"0";"522";"7,27";"16777216";"3632267";"21,65";"13";"1744";"166";"46";"538"
"25.11.2015 05:10:00";"4";"0";"248";"3,45";"16777216";"2783340";"16,59";"3";"104";"166";"3";"4"
"25.11.2015 05:15:00";"4";"0";"248";"3,45";"16777216";"2469606";"14,72";"3";"97";"166";"3";"3"
"25.11.2015 05:20:00";"4";"0";"270";"3,77";"16777216";"2033399";"12,12";"3";"96";"166";"5";"6"
"25.11.2015 05:25:00";"4";"0";"233";"3,25";"16777216";"2256536";"13,45";"4";"84";"166";"2";"3"
"25.11.2015 05:30:00";"4";"0";"263";"3,67";"16777216";"1608935";"9,59";"3";"92";"166";"3";"4"
"25.11.2015 05:35:00";"4";"0";"281";"3,92";"16777216";"2155872";"12,85";"6";"113";"166";"5";"6"
"25.11.2015 05:40:00";"4";"0";"319";"4,44";"16777216";"1999844";"11,92";"6";"109";"166";"3";"4"
"25.11.2015 05:45:00";"4";"0";"291";"4,06";"16777216";"1920991";"11,45";"4";"141";"166";"20";"6"
"25.11.2015 05:50:00";"4";"0";"309";"4,3";"16777216";"2469606";"14,72";"4";"119";"166";"14";"8"
"25.11.2015 05:55:00";"4";"0";"259";"3,61";"16777216";"2145806";"12,79";"7";"106";"166";"2";"3"
"25.11.2015 06:00:00";"4";"0";"352";"4,9";"16777216";"2134062";"12,72";"77";"151";"166";"3";"4"
"25.11.2015 06:05:00";"4";"0";"771";"10,74";"16777216";"4125517";"24,59";"76047";"395";"166";"22";"4786"
"25.11.2015 06:10:00";"4";"0";"350";"4,88";"16777216";"5132150";"30,59";"15631";"136";"166";"41";"145"
"25.11.2015 06:15:00";"4";"0";"250";"3,49";"16777216";"2894070";"17,25";"4";"99";"166";"2";"4"
"25.11.2015 06:20:00";"4";"0";"274";"3,82";"16777216";"2033399";"12,12";"945";"95";"166";"5";"6"
"25.11.2015 06:25:00";"4";"0";"235";"3,28";"16777216";"2234725";"13,32";"4";"92";"166";"2";"3"
"25.11.2015 06:30:00";"4";"0";"251";"3,5";"16777216";"2033399";"12,12";"3";"95";"166";"3";"4"
"25.11.2015 06:35:00";"4";"0";"304";"4,24";"16777216";"2524971";"15,05";"9";"115";"166";"6";"7"
"25.11.2015 06:40:00";"4";"0";"275";"3,83";"16777216";"2045143";"12,19";"0";"99";"166";"5";"6"
"25.11.2015 06:45:00";"4";"0";"345";"4,8";"16777216";"2078697";"12,39";"7";"161";"166";"28";"8"
"25.11.2015 06:50:00";"4";"0";"269";"3,74";"16777216";"2055209";"12,25";"0";"104";"166";"5";"6"
"25.11.2015 06:55:00";"4";"0";"236";"3,29";"16777216";"1853882";"11,05";"0";"85";"166";"2";"3"
"25.11.2015 07:00:00";"4";"0";"262";"3,66";"16777216";"1719665";"10,25";"0";"101";"166";"3";"4"
"25.11.2015 07:05:00";"4";"0";"283";"3,95";"16777216";"2805150";"16,72";"10";"114";"166";"4";"5"
"25.11.2015 07:10:00";"4";"0";"239";"3,33";"16777216";"2179360";"12,99";"0";"101";"166";"3";"4"
"25.11.2015 07:15:00";"4";"0";"254";"3,54";"16777216";"2078697";"12,39";"0";"101";"166";"3";"3"
"25.11.2015 07:20:00";"4";"0";"275";"3,83";"16777216";"2078697";"12,39";"0";"103";"166";"5";"6"
"25.11.2015 07:25:00";"4";"0";"234";"3,27";"16777216";"2145806";"12,79";"1";"87";"166";"2";"3"
"25.11.2015 07:30:00";"4";"0";"258";"3,59";"16777216";"1429419";"8,52";"2";"101";"166";"3";"4"
"25.11.2015 07:35:00";"4";"0";"284";"3,96";"16777216";"2212915";"13,19";"5";"121";"166";"5";"6"
"25.11.2015 07:40:00";"4";"0";"254";"3,54";"16777216";"2078697";"12,39";"1";"109";"166";"3";"4"
"25.11.2015 07:45:00";"4";"0";"321";"4,48";"16777216";"2390753";"14,25";"3";"148";"166";"26";"8"
"25.11.2015 07:50:00";"4";"0";"277";"3,86";"16777216";"2469606";"14,72";"0";"112";"166";"6";"6"
"25.11.2015 07:55:00";"4";"0";"235";"3,28";"16777216";"2033399";"12,12";"1";"87";"166";"2";"3"
"25.11.2015 08:00:00";"4";"0";"344";"4,8";"16777216";"2201171";"13,12";"6";"126";"166";"3";"4"
"25.11.2015 08:05:00";"4";"0";"289";"4,03";"16777216";"3040032";"18,12";"3";"131";"166";"4";"5"
"25.11.2015 08:10:00";"4";"0";"249";"3,48";"16777216";"2212915";"13,19";"3";"108";"166";"3";"4"
"25.11.2015 08:15:00";"4";"0";"374";"5,22";"16777216";"2246469";"13,39";"322";"622";"166";"2";"4"
"25.11.2015 08:20:00";"4";"0";"287";"3,99";"16777216";"2390753";"14,25";"7";"568";"166";"5";"6"
"25.11.2015 08:25:00";"4";"0";"255";"3,56";"16777216";"2222981";"13,25";"10";"102";"166";"2";"3"
"25.11.2015 08:30:00";"4";"0";"253";"3,52";"16777216";"1832072";"10,92";"8";"111";"166";"3";"4"
"25.11.2015 08:35:00";"4";"0";"281";"3,92";"16777216";"1810262";"10,79";"9";"123";"166";"5";"6"
"25.11.2015 08:40:00";"4";"0";"314";"4,38";"16777216";"1753219";"10,45";"13";"109";"166";"3";"5"
"25.11.2015 08:45:00";"4";"0";"343";"4,78";"16777216";"1920991";"11,45";"12";"163";"166";"28";"8"
"25.11.2015 08:50:00";"4";"0";"269";"3,75";"16777216";"2021655";"12,05";"9";"113";"166";"5";"6"
"25.11.2015 08:55:00";"4";"0";"241";"3,37";"16777216";"1920991";"11,45";"7";"90";"166";"2";"4"
"25.11.2015 09:00:00";"4";"0";"254";"3,54";"16777216";"1686110";"10,05";"8";"102";"166";"3";"4"
"25.11.2015 09:05:00";"4";"0";"494";"6,88";"16777216";"2850449";"16,99";"44";"1311";"166";"44";"389"
"25.11.2015 09:10:00";"4";"0";"238";"3,31";"16777216";"2826961";"16,85";"0";"114";"166";"2";"4"
"25.11.2015 09:15:00";"4";"0";"261";"3,64";"16777216";"2066953";"12,32";"0";"108";"166";"2";"4"
"25.11.2015 09:20:00";"4";"0";"280";"3,9";"16777216";"2234725";"13,32";"0";"123";"166";"5";"6"
"25.11.2015 09:25:00";"4";"0";"240";"3,34";"16777216";"2749786";"16,39";"0";"96";"166";"2";"3"
"25.11.2015 09:30:00";"4";"0";"266";"3,7";"16777216";"2167616";"12,92";"1";"107";"166";"3";"4"
"25.11.2015 09:35:00";"4";"0";"297";"4,13";"16777216";"1966290";"11,72";"0";"142";"166";"5";"6"
"25.11.2015 09:40:00";"4";"0";"259";"3,6";"16777216";"1798518";"10,72";"0";"110";"166";"3";"5"
"25.11.2015 09:45:00";"4";"0";"348";"4,85";"16777216";"1786773";"10,65";"0";"166";"166";"28";"8"
"25.11.2015 09:50:00";"4";"0";"287";"4";"16777216";"2447796";"14,59";"2";"131";"166";"5";"6"
"25.11.2015 09:55:00";"4";"0";"242";"3,37";"16777216";"1865626";"11,12";"0";"99";"166";"2";"4"
"25.11.2015 10:00:00";"4";"0";"398";"5,55";"16777216";"2134062";"12,72";"4";"147";"166";"3";"4"
"25.11.2015 10:05:00";"4";"0";"307";"4,29";"16777216";"3241358";"19,32";"10";"151";"166";"4";"5"
"25.11.2015 10:10:00";"4";"0";"240";"3,35";"16777216";"2514905";"14,99";"9";"116";"166";"2";"4"
"25.11.2015 10:15:00";"4";"0";"269";"3,75";"16777216";"2301834";"13,72";"38";"119";"166";"2";"3"
"25.11.2015 10:20:00";"4";"0";"524";"7,3";"16777216";"2625634";"15,65";"23";"121";"166";"5";"6"
"25.11.2015 10:25:00";"4";"0";"234";"3,26";"16777216";"2112252";"12,59";"7";"102";"166";"2";"3"
"25.11.2015 10:30:00";"4";"0";"257";"3,58";"16777216";"2021655";"12,05";"12";"114";"166";"3";"4"
"25.11.2015 10:35:00";"4";"0";"261";"3,63";"16777216";"1954546";"11,65";"9";"118";"166";"4";"5"
"25.11.2015 10:40:00";"4";"0";"245";"3,41";"16777216";"1865626";"11,12";"7";"98";"166";"3";"4"
"25.11.2015 10:45:00";"4";"0";"256";"3,57";"16777216";"1585447";"9,45";"9";"108";"166";"2";"4"
"25.11.2015 10:50:00";"4";"0";"265";"3,7";"16777216";"1865626";"11,12";"7";"111";"166";"5";"6"
"25.11.2015 10:55:00";"4";"0";"240";"3,35";"16777216";"2268280";"13,52";"7";"90";"166";"2";"3"
"25.11.2015 11:00:00";"4";"0";"284";"3,96";"16777216";"1954546";"11,65";"12";"126";"166";"3";"4"
"25.11.2015 11:05:00";"4";"0";"298";"4,16";"16777216";"2994733";"17,85";"14";"142";"166";"4";"5"
"25.11.2015 11:10:00";"4";"0";"268";"3,73";"16777216";"2424308";"14,45";"12";"131";"166";"3";"4"
"25.11.2015 11:15:00";"4";"0";"288";"4,02";"16777216";"2390753";"14,25";"18";"154";"166";"2";"3"
"25.11.2015 11:20:00";"4";"0";"286";"3,99";"16777216";"2357199";"14,05";"9";"137";"166";"5";"6"
"25.11.2015 11:25:00";"4";"0";"231";"3,21";"16777216";"1966290";"11,72";"8";"95";"166";"2";"3"
"25.11.2015 11:30:00";"4";"0";"255";"3,56";"16777216";"2100508";"12,52";"8";"103";"166";"3";"4"
"25.11.2015 11:35:00";"4";"0";"277";"3,86";"16777216";"1642489";"9,79";"10";"118";"166";"5";"5"
"25.11.2015 11:40:00";"4";"0";"316";"4,41";"16777216";"1719665";"10,25";"10";"124";"166";"3";"4"
"25.11.2015 11:45:00";"4";"0";"292";"4,06";"16777216";"2402497";"14,32";"13";"134";"166";"3";"5"
"25.11.2015 11:50:00";"4";"0";"352";"4,91";"16777216";"2290090";"13,65";"10";"171";"166";"30";"10"
"25.11.2015 11:55:00";"4";"0";"371";"5,17";"16777216";"2838705";"16,92";"28";"184";"166";"2";"3"
"25.11.2015 12:00:00";"4";"0";"387";"5,4";"16777216";"2558525";"15,25";"17";"177";"166";"3";"4"
"25.11.2015 12:05:00";"4";"0";"1396";"19,44";"16777216";"2972923";"17,72";"58";"1068";"166";"5";"5"
"25.11.2015 12:10:00";"4";"0";"267";"3,72";"16777216";"3320211";"19,79";"11";"1175";"166";"3";"4"
"25.11.2015 12:15:00";"4";"0";"292";"4,07";"16777216";"2603824";"15,52";"16";"146";"166";"2";"4"
"25.11.2015 12:20:00";"4";"0";"310";"4,32";"16777216";"2313578";"13,79";"14";"152";"166";"5";"6"
"25.11.2015 12:25:00";"4";"0";"272";"3,79";"16777216";"2055209";"12,25";"12";"134";"166";"2";"3"
"25.11.2015 12:30:00";"4";"0";"267";"3,72";"16777216";"1932735";"11,52";"9";"143";"166";"3";"4"
"25.11.2015 12:35:00";"4";"0";"293";"4,09";"16777216";"2021655";"12,05";"12";"160";"166";"5";"6"
"25.11.2015 12:40:00";"4";"0";"272";"3,79";"16777216";"2246469";"13,39";"11";"131";"166";"3";"4"
"25.11.2015 12:45:00";"4";"0";"324";"4,52";"16777216";"2246469";"13,39";"10";"179";"166";"26";"8"
"25.11.2015 12:50:00";"4";"0";"290";"4,05";"16777216";"2347132";"13,99";"10";"141";"166";"7";"6"
"25.11.2015 12:55:00";"4";"0";"241";"3,35";"16777216";"2536715";"15,12";"8";"108";"166";"2";"3"
"25.11.2015 13:00:00";"4";"0";"262";"3,66";"16777216";"2189427";"13,05";"12";"124";"166";"3";"4"
"25.11.2015 13:05:00";"4";"0";"579";"8,07";"16777216";"3823528";"22,79";"39";"2159";"166";"45";"594"
"25.11.2015 13:10:00";"4";"0";"250";"3,48";"16777216";"3073586";"18,32";"7";"128";"166";"3";"4"
"25.11.2015 13:15:00";"4";"0";"271";"3,78";"16777216";"2145806";"12,79";"12";"137";"166";"2";"4"
"25.11.2015 13:20:00";"4";"0";"288";"4,01";"16777216";"2402497";"14,32";"16";"139";"166";"5";"6"
"25.11.2015 13:25:00";"4";"0";"245";"3,42";"16777216";"1899181";"11,32";"7";"108";"166";"2";"3"
"25.11.2015 13:30:00";"4";"0";"326";"4,54";"16777216";"2100508";"12,52";"15";"161";"166";"3";"4"
"25.11.2015 13:35:00";"4";"0";"291";"4,06";"16777216";"1764963";"10,52";"22";"171";"166";"5";"6"
"25.11.2015 13:40:00";"4";"0";"262";"3,65";"16777216";"1877370";"11,19";"8";"141";"166";"3";"4"
"25.11.2015 13:45:00";"4";"0";"339";"4,72";"16777216";"1676044";"9,99";"11";"182";"166";"28";"8"
"25.11.2015 13:50:00";"4";"0";"267";"3,72";"16777216";"1820328";"10,85";"8";"126";"166";"5";"6"
"25.11.2015 13:55:00";"4";"0";"255";"3,55";"16777216";"2323644";"13,85";"10";"111";"166";"2";"3"
"25.11.2015 14:00:00";"4";"0";"463";"6,45";"16777216";"2615568";"15,59";"537";"317";"166";"3";"4"
"25.11.2015 14:05:00";"4";"0";"308";"4,29";"16777216";"2972923";"17,72";"12";"223";"166";"4";"5"
"25.11.2015 14:10:00";"4";"0";"260";"3,62";"16777216";"2548459";"15,19";"10";"126";"166";"3";"4"
"25.11.2015 14:15:00";"4";"0";"259";"3,61";"16777216";"2145806";"12,79";"12";"144";"166";"2";"4"
"25.11.2015 14:20:00";"4";"0";"295";"4,11";"16777216";"2659189";"15,85";"12";"149";"166";"5";"6"
"25.11.2015 14:25:00";"4";"0";"261";"3,64";"16777216";"2268280";"13,52";"11";"131";"166";"2";"3"
"25.11.2015 14:30:00";"4";"0";"302";"4,22";"16777216";"2268280";"13,52";"18";"169";"166";"3";"4"
"25.11.2015 14:35:00";"4";"0";"279";"3,89";"16777216";"2088763";"12,45";"9";"167";"166";"5";"6"
"25.11.2015 14:40:00";"4";"0";"314";"4,38";"16777216";"2055209";"12,25";"14";"124";"166";"3";"4"
"25.11.2015 14:45:00";"4";"0";"366";"5,1";"16777216";"1944479";"11,59";"15";"201";"166";"28";"8"
"25.11.2015 14:50:00";"4";"0";"268";"3,73";"16777216";"2155872";"12,85";"7";"142";"166";"5";"6"
"25.11.2015 14:55:00";"4";"0";"235";"3,28";"16777216";"1910925";"11,39";"8";"99";"166";"2";"3"
"25.11.2015 15:00:00";"4";"0";"262";"3,65";"16777216";"2222981";"13,25";"34";"137";"166";"3";"4"
"25.11.2015 15:05:00";"4";"0";"288";"4,01";"16777216";"2726298";"16,25";"12";"143";"166";"4";"5"
"25.11.2015 15:10:00";"4";"0";"277";"3,86";"16777216";"2256536";"13,45";"14";"151";"166";"3";"4"
"25.11.2015 15:15:00";"4";"0";"250";"3,49";"16777216";"2313578";"13,79";"9";"138";"166";"2";"4"
"25.11.2015 15:20:00";"4";"0";"269";"3,75";"16777216";"2234725";"13,32";"8";"125";"166";"5";"6"
"25.11.2015 15:25:00";"4";"0";"389";"5,42";"16777216";"2323644";"13,85";"324";"142";"166";"2";"3"
"25.11.2015 15:30:00";"4";"0";"301";"4,2";"16777216";"2201171";"13,12";"13";"180";"166";"3";"4"
"25.11.2015 15:35:00";"4";"0";"278";"3,88";"16777216";"2615568";"15,59";"9";"155";"166";"5";"6"
"25.11.2015 15:40:00";"4";"0";"282";"3,94";"16777216";"2201171";"13,12";"10";"133";"166";"3";"4"
"25.11.2015 15:45:00";"4";"0";"354";"4,93";"16777216";"1652556";"9,85";"14";"202";"166";"28";"8"
"25.11.2015 15:50:00";"4";"0";"289";"4,02";"16777216";"2234725";"13,32";"11";"158";"166";"5";"6"
"25.11.2015 15:55:00";"4";"0";"255";"3,55";"16777216";"2145806";"12,79";"9";"138";"166";"2";"3"
"25.11.2015 16:00:00";"4";"0";"392";"5,46";"16777216";"2122318";"12,65";"17";"172";"166";"3";"4"
"25.11.2015 16:05:00";"4";"0";"302";"4,21";"16777216";"3263169";"19,45";"11";"174";"166";"4";"5"
"25.11.2015 16:10:00";"4";"0";"250";"3,49";"16777216";"2939368";"17,52";"10";"133";"166";"3";"4"
"25.11.2015 16:15:00";"4";"0";"269";"3,75";"16777216";"2088763";"12,45";"12";"144";"166";"2";"4"
"25.11.2015 16:20:00";"4";"0";"291";"4,06";"16777216";"2011588";"11,99";"14";"164";"166";"5";"6"
"25.11.2015 16:25:00";"4";"0";"234";"3,27";"16777216";"2234725";"13,32";"7";"114";"166";"2";"3"
"25.11.2015 16:30:00";"4";"0";"257";"3,59";"16777216";"1978034";"11,79";"8";"123";"166";"3";"4"
"25.11.2015 16:35:00";"4";"0";"291";"4,05";"16777216";"1899181";"11,32";"11";"160";"166";"5";"6"
"25.11.2015 16:40:00";"4";"0";"265";"3,69";"16777216";"2222981";"13,25";"8";"134";"166";"3";"5"
"25.11.2015 16:45:00";"4";"0";"344";"4,79";"16777216";"2167616";"12,92";"12";"193";"166";"28";"8"
"25.11.2015 16:50:00";"4";"0";"266";"3,71";"16777216";"2390753";"14,25";"8";"139";"166";"5";"6"
"25.11.2015 16:55:00";"4";"0";"234";"3,26";"16777216";"2155872";"12,85";"7";"102";"166";"2";"3"
"25.11.2015 17:00:00";"4";"0";"291";"4,05";"16777216";"2256536";"13,45";"16";"139";"166";"3";"4"
"25.11.2015 17:05:00";"4";"0";"478";"6,66";"16777216";"3296723";"19,65";"19";"1376";"166";"44";"416"
"25.11.2015 17:10:00";"4";"0";"275";"3,83";"16777216";"2816895";"16,79";"6";"136";"166";"3";"4"
"25.11.2015 17:15:00";"4";"0";"253";"3,52";"16777216";"2280024";"13,59";"3";"142";"166";"2";"4"
"25.11.2015 17:20:00";"4";"0";"285";"3,98";"16777216";"2414241";"14,39";"3";"135";"166";"5";"6"
"25.11.2015 17:25:00";"4";"0";"296";"4,13";"16777216";"2088763";"12,45";"9";"157";"166";"2";"3"
"25.11.2015 17:30:00";"4";"0";"288";"4,02";"16777216";"2167616";"12,92";"4";"167";"166";"3";"4"
"25.11.2015 17:35:00";"4";"0";"268";"3,74";"16777216";"2011588";"11,99";"4";"138";"166";"4";"5"
"25.11.2015 17:40:00";"4";"0";"315";"4,39";"16777216";"2290090";"13,65";"7";"123";"166";"3";"4"
"25.11.2015 17:45:00";"4";"0";"263";"3,67";"16777216";"2078697";"12,39";"6";"139";"166";"3";"4"
"25.11.2015 17:50:00";"4";"0";"283";"3,94";"16777216";"2155872";"12,85";"2";"135";"166";"6";"7"
"25.11.2015 17:55:00";"4";"0";"316";"4,4";"16777216";"2625634";"15,65";"5";"158";"166";"27";"7"
"25.11.2015 18:00:00";"4";"0";"337";"4,69";"16777216";"2189427";"13,05";"7";"146";"166";"3";"4"
"25.11.2015 18:05:00";"4";"0";"297";"4,14";"16777216";"2783340";"16,59";"6";"170";"166";"4";"5"
"25.11.2015 18:10:00";"4";"0";"274";"3,82";"16777216";"2021655";"12,05";"5";"123";"166";"3";"4"
"25.11.2015 18:15:00";"4";"0";"279";"3,89";"16777216";"1798518";"10,72";"15";"146";"166";"2";"4"
"25.11.2015 18:20:00";"4";"0";"283";"3,94";"16777216";"2045143";"12,19";"11";"153";"166";"5";"6"
"25.11.2015 18:25:00";"4";"0";"253";"3,53";"16777216";"1978034";"11,79";"6";"131";"166";"2";"3"
"25.11.2015 18:30:00";"4";"0";"263";"3,66";"16777216";"1743153";"10,39";"5";"142";"166";"3";"4"
"25.11.2015 18:35:00";"4";"0";"342";"4,76";"16777216";"1899181";"11,32";"6";"149";"166";"57";"58"
"25.11.2015 18:40:00";"4";"0";"338";"4,71";"16777216";"1887437";"11,25";"3";"116";"166";"60";"62"
"25.11.2015 18:45:00";"4";"0";"275";"3,83";"16777216";"2268280";"13,52";"0";"137";"166";"14";"15"
"25.11.2015 18:50:00";"4";"0";"297";"4,14";"16777216";"2122318";"12,65";"0";"188";"166";"44";"14"
"25.11.2015 18:55:00";"4";"0";"274";"3,82";"16777216";"2301834";"13,72";"2";"113";"166";"23";"27"
"25.11.2015 19:00:00";"4";"0";"315";"4,39";"16777216";"2222981";"13,25";"1";"147";"166";"15";"17"
"25.11.2015 19:05:00";"4";"0";"293";"4,09";"16777216";"2961179";"17,65";"14";"159";"166";"12";"14"
"25.11.2015 19:10:00";"4";"0";"288";"4,01";"16777216";"2357199";"14,05";"0";"132";"166";"24";"28"
"25.11.2015 19:15:00";"4";"0";"280";"3,9";"16777216";"2122318";"12,65";"0";"140";"166";"20";"23"
"25.11.2015 19:20:00";"4";"0";"297";"4,14";"16777216";"1978034";"11,79";"0";"134";"166";"24";"27"
"25.11.2015 19:25:00";"4";"0";"279";"3,88";"16777216";"1776707";"10,59";"0";"112";"166";"29";"33"
"25.11.2015 19:30:00";"4";"0";"292";"4,07";"16777216";"1999844";"11,92";"1";"136";"166";"26";"31"
"25.11.2015 19:35:00";"4";"0";"287";"4";"16777216";"1966290";"11,72";"1";"152";"166";"10";"11"
"25.11.2015 19:40:00";"4";"0";"254";"3,55";"16777216";"2066953";"12,32";"0";"148";"166";"6";"8"
"25.11.2015 19:45:00";"4";"0";"276";"3,84";"16777216";"2212915";"13,19";"0";"145";"166";"12";"14"
"25.11.2015 19:50:00";"4";"0";"391";"5,45";"16777216";"2582014";"15,39";"3";"195";"166";"52";"33"
"25.11.2015 19:55:00";"4";"0";"276";"3,85";"16777216";"2212915";"13,19";"0";"129";"166";"25";"29"
"25.11.2015 20:00:00";"4";"0";"766";"10,67";"16777216";"3622201";"21,59";"6004";"478";"166";"9";"11"
"25.11.2015 20:05:00";"4";"0";"901";"12,55";"16777216";"6350176";"37,85";"90705";"1322";"166";"79";"6732"
"25.11.2015 20:10:00";"4";"0";"310";"4,32";"16777216";"5702576";"33,99";"169";"147";"166";"7";"8"
"25.11.2015 20:15:00";"4";"0";"278";"3,88";"16777216";"3387320";"20,19";"12";"156";"166";"12";"13"
"25.11.2015 20:20:00";"4";"0";"312";"4,34";"16777216";"2347132";"13,99";"64";"156";"166";"12";"14"
"25.11.2015 20:25:00";"4";"0";"239";"3,34";"16777216";"1910925";"11,39";"4";"129";"166";"2";"3"
"25.11.2015 20:30:00";"4";"0";"258";"3,59";"16777216";"2045143";"12,19";"3";"126";"166";"3";"4"
"25.11.2015 20:35:00";"4";"0";"287";"4";"16777216";"1776707";"10,59";"9";"150";"166";"5";"6"
"25.11.2015 20:40:00";"4";"0";"322";"4,48";"16777216";"1910925";"11,39";"27";"130";"166";"4";"5"
"25.11.2015 20:45:00";"4";"0";"335";"4,67";"16777216";"2280024";"13,59";"12";"184";"166";"28";"8"
"25.11.2015 20:50:00";"4";"0";"272";"3,79";"16777216";"2145806";"12,79";"6";"139";"166";"5";"6"
"25.11.2015 20:55:00";"4";"0";"257";"3,58";"16777216";"2112252";"12,59";"4";"113";"166";"3";"4"
"25.11.2015 21:00:00";"4";"0";"256";"3,58";"16777216";"1910925";"11,39";"4";"127";"166";"3";"4"
"25.11.2015 21:05:00";"4";"0";"377";"5,25";"16777216";"2816895";"16,79";"37";"459";"166";"43";"111"
"25.11.2015 21:10:00";"4";"0";"240";"3,35";"16777216";"2313578";"13,79";"2";"123";"166";"3";"4"
"25.11.2015 21:15:00";"4";"0";"263";"3,66";"16777216";"2145806";"12,79";"2";"130";"166";"8";"9"
"25.11.2015 21:20:00";"4";"0";"307";"4,27";"16777216";"2414241";"14,39";"11";"145";"166";"24";"26"
"25.11.2015 21:25:00";"4";"0";"257";"3,58";"16777216";"2189427";"13,05";"1";"114";"166";"15";"17"
"25.11.2015 21:30:00";"4";"0";"258";"3,6";"16777216";"2011588";"11,99";"3";"127";"166";"5";"6"
"25.11.2015 21:35:00";"4";"0";"290";"4,04";"16777216";"1978034";"11,79";"4";"152";"166";"12";"13"
"25.11.2015 21:40:00";"4";"0";"261";"3,64";"16777216";"2122318";"12,65";"2";"116";"166";"7";"9"
"25.11.2015 21:45:00";"4";"0";"351";"4,9";"16777216";"1910925";"11,39";"6";"189";"166";"37";"16"
"25.11.2015 21:50:00";"4";"0";"270";"3,77";"16777216";"2548459";"15,19";"1";"136";"166";"8";"9"
"25.11.2015 21:55:00";"4";"0";"256";"3,57";"16777216";"2201171";"13,12";"2";"113";"166";"15";"16"
"25.11.2015 22:00:00";"4";"0";"353";"4,92";"16777216";"2212915";"13,19";"64";"149";"166";"5";"7"
"25.11.2015 22:05:00";"4";"0";"942";"13,12";"16777216";"4504683";"26,85";"4881";"416";"166";"7";"8"
"25.11.2015 22:10:00";"4";"0";"315";"4,39";"16777216";"3644011";"21,72";"3";"283";"166";"40";"40"
"25.11.2015 22:15:00";"4";"0";"293";"4,08";"16777216";"2414241";"14,39";"2";"137";"166";"20";"23"
"25.11.2015 22:20:00";"4";"0";"390";"5,44";"16777216";"2659189";"15,85";"7";"167";"166";"23";"23"
"25.11.2015 22:25:00";"4";"0";"280";"3,9";"16777216";"2838705";"16,92";"0";"151";"166";"15";"17"
"25.11.2015 22:30:00";"4";"0";"295";"4,12";"16777216";"2491417";"14,85";"1";"150";"166";"6";"7"
"25.11.2015 22:35:00";"4";"0";"294";"4,1";"16777216";"2290090";"13,65";"2";"158";"166";"15";"16"
"25.11.2015 22:40:00";"4";"0";"276";"3,84";"16777216";"1853882";"11,05";"0";"116";"166";"8";"9"
"25.11.2015 22:45:00";"4";"0";"320";"4,46";"16777216";"2100508";"12,52";"0";"141";"166";"39";"42"
"25.11.2015 22:50:00";"4";"0";"300";"4,18";"16777216";"2100508";"12,52";"1";"145";"166";"10";"12"
"25.11.2015 22:55:00";"4";"0";"273";"3,8";"16777216";"2112252";"12,59";"0";"116";"166";"12";"14"
"25.11.2015 23:00:00";"4";"0";"292";"4,08";"16777216";"1877370";"11,19";"0";"137";"166";"3";"5"
"25.11.2015 23:05:00";"4";"0";"313";"4,36";"16777216";"2805150";"16,72";"4";"164";"166";"5";"6"
"25.11.2015 23:10:00";"4";"0";"310";"4,32";"16777216";"1820328";"10,85";"19";"147";"166";"6";"7"
"25.11.2015 23:15:00";"4";"0";"403";"5,61";"16777216";"2033399";"12,12";"12";"206";"166";"29";"9"
"25.11.2015 23:20:00";"4";"0";"298";"4,15";"16777216";"2201171";"13,12";"1";"153";"166";"5";"6"
"25.11.2015 23:25:00";"4";"0";"251";"3,49";"16777216";"1697854";"10,12";"6";"116";"166";"2";"3"
"25.11.2015 23:30:00";"4";"0";"279";"3,89";"16777216";"1944479";"11,59";"11";"138";"166";"3";"4"
"25.11.2015 23:35:00";"4";"0";"278";"3,87";"16777216";"1999844";"11,92";"5";"152";"166";"4";"5"
"25.11.2015 23:40:00";"4";"0";"313";"4,36";"16777216";"1731409";"10,32";"0";"127";"166";"3";"4"
"25.11.2015 23:45:00";"4";"0";"290";"4,04";"16777216";"1417675";"8,45";"4";"148";"166";"3";"4"
"25.11.2015 23:50:00";"4";"0";"378";"5,27";"16777216";"1630745";"9,72";"1";"202";"166";"30";"10"
"25.11.2015 23:55:00";"4";"0";"274";"3,82";"16777216";"2167616";"12,92";"1";"135";"166";"2";"3"
"26.11.2015 00:00:00";"4";"0";"353";"4,91";"16777216";"1899181";"11,32";"0";"153";"166";"3";"4"
"26.11.2015 00:05:00";"4";"0";"459";"6,39";"16777216";"3430941";"20,45";"46";"460";"166";"65";"8"
"26.11.2015 00:10:00";"4";"0";"499";"6,95";"16777216";"2704487";"16,12";"124";"726";"166";"56";"6"
"26.11.2015 00:15:00";"4";"0";"720";"10,03";"16777216";"3946001";"23,52";"838";"1215";"166";"66";"6"
"26.11.2015 00:20:00";"4";"0";"307";"4,27";"16777216";"2582014";"15,39";"18";"97";"166";"71";"8"
"26.11.2015 00:25:00";"4";"0";"1561";"21,74";"16777216";"4293290";"25,59";"966";"12945";"166";"16";"4"
"26.11.2015 00:30:00";"4";"0";"297";"4,13";"16777216";"5556614";"33,12";"27";"838";"166";"109";"7"
"26.11.2015 00:35:00";"4";"0";"1504";"20,95";"16777216";"3397386";"20,25";"474";"2305";"166";"12";"6"
"26.11.2015 00:40:00";"4";"0";"266";"3,7";"16777216";"3006477";"17,92";"13";"650";"166";"3";"4"
"26.11.2015 00:45:00";"4";"0";"269";"3,75";"16777216";"2368943";"14,12";"7";"90";"166";"2";"4"
"26.11.2015 00:50:00";"4";"0";"278";"3,88";"16777216";"2155872";"12,85";"616";"92";"166";"5";"6"
"26.11.2015 00:55:00";"4";"0";"251";"3,5";"16777216";"1843816";"10,99";"2";"79";"166";"2";"3"
"26.11.2015 01:00:00";"4";"0";"272";"3,79";"16777216";"1642489";"9,79";"2";"86";"166";"3";"4"
"26.11.2015 01:05:00";"4";"0";"1235";"17,2";"16777216";"3912447";"23,32";"6808";"1958";"166";"24";"2225"
"26.11.2015 01:10:00";"4";"0";"344";"4,8";"16777216";"4561725";"27,19";"275";"232";"166";"40";"117"
"26.11.2015 01:15:00";"4";"0";"268";"3,73";"16777216";"2816895";"16,79";"12";"89";"166";"2";"4"
"26.11.2015 01:20:00";"4";"0";"284";"3,95";"16777216";"2011588";"11,99";"1035";"91";"166";"5";"6"
"26.11.2015 01:25:00";"4";"0";"255";"3,56";"16777216";"2212915";"13,19";"9";"83";"166";"2";"3"
"26.11.2015 01:30:00";"4";"0";"277";"3,85";"16777216";"2045143";"12,19";"10";"88";"166";"3";"4"
"26.11.2015 01:35:00";"4";"0";"283";"3,95";"16777216";"1843816";"10,99";"16";"98";"166";"4";"5"
"26.11.2015 01:40:00";"4";"0";"277";"3,86";"16777216";"1642489";"9,79";"27";"107";"166";"3";"4"
"26.11.2015 01:45:00";"4";"0";"318";"4,43";"16777216";"1810262";"10,79";"1944";"122";"166";"10";"325"
"26.11.2015 01:50:00";"4";"0";"645";"8,98";"16777216";"4393953";"26,19";"3771";"387";"166";"27";"2097"
"26.11.2015 01:55:00";"4";"0";"348";"4,85";"16777216";"3253102";"19,39";"15";"134";"166";"28";"8"
"26.11.2015 02:00:00";"4";"0";"441";"6,15";"16777216";"2649122";"15,79";"616";"584";"166";"3";"4"
"26.11.2015 02:05:00";"4";"0";"340";"4,73";"16777216";"3342021";"19,92";"86";"305";"166";"4";"5"
"26.11.2015 02:10:00";"4";"0";"243";"3,39";"16777216";"2514905";"14,99";"3";"112";"166";"3";"4"
"26.11.2015 02:15:00";"4";"0";"270";"3,76";"16777216";"2347132";"13,99";"4";"117";"166";"2";"4"
"26.11.2015 02:20:00";"4";"0";"267";"3,72";"16777216";"2380687";"14,19";"6";"98";"166";"5";"6"
"26.11.2015 02:25:00";"4";"0";"237";"3,3";"16777216";"2055209";"12,25";"3";"84";"166";"2";"3"
"26.11.2015 02:30:00";"4";"0";"250";"3,48";"16777216";"1944479";"11,59";"0";"89";"166";"3";"4"
"26.11.2015 02:35:00";"4";"0";"288";"4,01";"16777216";"2491417";"14,85";"4";"105";"166";"5";"6"
"26.11.2015 02:40:00";"4";"0";"307";"4,28";"16777216";"2201171";"13,12";"2";"104";"166";"4";"5"
"26.11.2015 02:45:00";"4";"0";"259";"3,6";"16777216";"2021655";"12,05";"4";"92";"166";"3";"4"
"26.11.2015 02:50:00";"4";"0";"266";"3,71";"16777216";"1944479";"11,59";"5";"96";"166";"5";"6"
"26.11.2015 02:55:00";"4";"0";"239";"3,33";"16777216";"2045143";"12,19";"0";"81";"166";"2";"3"
"26.11.2015 03:00:00";"4";"0";"259";"3,61";"16777216";"1743153";"10,39";"3";"92";"166";"3";"4"
"26.11.2015 03:05:00";"4";"0";"578";"8,05";"16777216";"3397386";"20,25";"64";"380";"166";"4";"5"
"26.11.2015 03:10:00";"4";"0";"243";"3,38";"16777216";"2424308";"14,45";"0";"283";"166";"2";"4"
"26.11.2015 03:15:00";"4";"0";"267";"3,73";"16777216";"1966290";"11,72";"7";"105";"166";"2";"4"
"26.11.2015 03:20:00";"4";"0";"282";"3,93";"16777216";"1988100";"11,85";"4";"113";"166";"5";"6"
"26.11.2015 03:25:00";"4";"0";"240";"3,34";"16777216";"1753219";"10,45";"0";"91";"166";"2";"3"
"26.11.2015 03:30:00";"4";"0";"250";"3,49";"16777216";"1530082";"9,12";"0";"88";"166";"3";"4"
"26.11.2015 03:35:00";"4";"0";"275";"3,83";"16777216";"1630745";"9,72";"2";"104";"166";"5";"6"
"26.11.2015 03:40:00";"4";"0";"258";"3,6";"16777216";"1944479";"11,59";"13";"139";"166";"3";"4"
"26.11.2015 03:45:00";"4";"0";"288";"4,01";"16777216";"1843816";"10,99";"4";"101";"166";"3";"4"
"26.11.2015 03:50:00";"4";"0";"272";"3,79";"16777216";"2301834";"13,72";"0";"109";"166";"5";"6"
"26.11.2015 03:55:00";"4";"0";"230";"3,2";"16777216";"1719665";"10,25";"0";"80";"166";"2";"3"
"26.11.2015 04:00:00";"4";"0";"472";"6,57";"16777216";"2603824";"15,52";"546";"277";"166";"28";"8"
"26.11.2015 04:05:00";"4";"0";"355";"4,95";"16777216";"2994733";"17,85";"153";"218";"166";"4";"5"
"26.11.2015 04:10:00";"4";"0";"253";"3,52";"16777216";"2201171";"13,12";"17";"172";"166";"3";"4"
"26.11.2015 04:15:00";"4";"0";"280";"3,91";"16777216";"2457862";"14,65";"16";"108";"166";"3";"4"
"26.11.2015 04:20:00";"4";"0";"282";"3,93";"16777216";"2290090";"13,65";"11";"116";"166";"5";"6"
"26.11.2015 04:25:00";"4";"0";"293";"4,08";"16777216";"1877370";"11,19";"13";"120";"166";"2";"4"
"26.11.2015 04:30:00";"4";"0";"260";"3,63";"16777216";"2078697";"12,39";"0";"118";"166";"3";"4"
"26.11.2015 04:35:00";"4";"0";"363";"5,05";"16777216";"2222981";"13,25";"6";"162";"166";"29";"12"
"26.11.2015 04:40:00";"4";"0";"304";"4,24";"16777216";"1988100";"11,85";"0";"125";"166";"22";"22"
"26.11.2015 04:45:00";"4";"0";"405";"5,64";"16777216";"1563636";"9,32";"7";"187";"166";"58";"20"
"26.11.2015 04:50:00";"4";"0";"363";"5,05";"16777216";"2179360";"12,99";"11";"119";"166";"11";"8"
"26.11.2015 04:55:00";"4";"0";"248";"3,45";"16777216";"2368943";"14,12";"1";"97";"166";"2";"3"
"26.11.2015 05:00:00";"4";"0";"264";"3,68";"16777216";"2570269";"15,32";"0";"104";"166";"3";"4"
"26.11.2015 05:05:00";"4";"0";"523";"7,29";"16777216";"2939368";"17,52";"37";"1790";"166";"45";"545"
"26.11.2015 05:10:00";"4";"0";"247";"3,44";"16777216";"2816895";"16,79";"28";"103";"166";"3";"4"
"26.11.2015 05:15:00";"4";"0";"245";"3,42";"16777216";"1944479";"11,59";"9";"95";"166";"2";"4"
"26.11.2015 05:20:00";"4";"0";"279";"3,89";"16777216";"1988100";"11,85";"17";"95";"166";"5";"6"
"26.11.2015 05:25:00";"4";"0";"233";"3,24";"16777216";"1999844";"11,92";"7";"88";"166";"2";"3"
"26.11.2015 05:30:00";"4";"0";"261";"3,64";"16777216";"1978034";"11,79";"10";"98";"166";"3";"4"
"26.11.2015 05:35:00";"4";"0";"300";"4,19";"16777216";"2390753";"14,25";"19";"120";"166";"5";"6"
"26.11.2015 05:40:00";"4";"0";"343";"4,78";"16777216";"2122318";"12,65";"18";"128";"166";"4";"5"
"26.11.2015 05:45:00";"4";"0";"332";"4,63";"16777216";"2222981";"13,25";"14";"169";"166";"28";"8"
"26.11.2015 05:50:00";"4";"0";"276";"3,84";"16777216";"2167616";"12,92";"8";"97";"166";"5";"6"
"26.11.2015 05:55:00";"4";"0";"243";"3,38";"16777216";"2659189";"15,85";"8";"90";"166";"2";"3"
"26.11.2015 06:00:00";"4";"0";"357";"4,97";"16777216";"2424308";"14,45";"217";"148";"166";"3";"4"
"26.11.2015 06:05:00";"4";"0";"816";"11,37";"16777216";"3957745";"23,59";"83409";"404";"166";"26";"4865"
"26.11.2015 06:10:00";"4";"0";"321";"4,48";"16777216";"5367031";"31,99";"7898";"135";"166";"40";"48"
"26.11.2015 06:15:00";"4";"0";"254";"3,55";"16777216";"2850449";"16,99";"13";"101";"166";"2";"4"
"26.11.2015 06:20:00";"4";"0";"287";"4";"16777216";"2481350";"14,79";"354";"100";"166";"5";"6"
"26.11.2015 06:25:00";"4";"0";"245";"3,42";"16777216";"2078697";"12,39";"7";"96";"166";"2";"3"
"26.11.2015 06:30:00";"4";"0";"248";"3,46";"16777216";"1843816";"10,99";"8";"99";"166";"3";"4"
"26.11.2015 06:35:00";"4";"0";"306";"4,27";"16777216";"1843816";"10,99";"10";"113";"166";"7";"8"
"26.11.2015 06:40:00";"4";"0";"265";"3,7";"16777216";"1944479";"11,59";"9";"99";"166";"4";"4"
"26.11.2015 06:45:00";"4";"0";"314";"4,38";"16777216";"2145806";"12,79";"17";"145";"166";"22";"7"
"26.11.2015 06:50:00";"4";"0";"301";"4,19";"16777216";"2323644";"13,85";"8";"119";"166";"11";"7"
"26.11.2015 06:55:00";"4";"0";"238";"3,32";"16777216";"2390753";"14,25";"0";"88";"166";"2";"3"
"26.11.2015 07:00:00";"4";"0";"253";"3,53";"16777216";"1932735";"11,52";"0";"94";"166";"3";"4"
"26.11.2015 07:05:00";"4";"0";"280";"3,9";"16777216";"2134062";"12,72";"4";"109";"166";"4";"5"
"26.11.2015 07:10:00";"4";"0";"243";"3,39";"16777216";"1776707";"10,59";"0";"98";"166";"2";"4"
"26.11.2015 07:15:00";"4";"0";"251";"3,5";"16777216";"1686110";"10,05";"6";"105";"166";"2";"4"
"26.11.2015 07:20:00";"4";"0";"273";"3,8";"16777216";"1944479";"11,59";"0";"104";"166";"5";"6"
"26.11.2015 07:25:00";"4";"0";"239";"3,32";"16777216";"1920991";"11,45";"1";"88";"166";"2";"3"
"26.11.2015 07:30:00";"4";"0";"256";"3,57";"16777216";"2222981";"13,25";"0";"100";"166";"3";"4"
"26.11.2015 07:35:00";"4";"0";"288";"4,02";"16777216";"2088763";"12,45";"10";"121";"166";"5";"6"
"26.11.2015 07:40:00";"4";"0";"254";"3,54";"16777216";"2167616";"12,92";"8";"109";"166";"3";"4"
"26.11.2015 07:45:00";"4";"0";"328";"4,57";"16777216";"2066953";"12,32";"11";"149";"166";"26";"8"
"26.11.2015 07:50:00";"4";"0";"276";"3,84";"16777216";"2033399";"12,12";"8";"116";"166";"7";"6"
"26.11.2015 07:55:00";"4";"0";"245";"3,41";"16777216";"2246469";"13,39";"6";"86";"166";"2";"3"
"26.11.2015 08:00:00";"4";"0";"326";"4,55";"16777216";"2256536";"13,45";"55";"125";"166";"3";"4"
"26.11.2015 08:05:00";"4";"0";"311";"4,33";"16777216";"2838705";"16,92";"8";"133";"166";"4";"5"
"26.11.2015 08:10:00";"4";"0";"247";"3,44";"16777216";"2122318";"12,65";"10";"106";"166";"3";"4"
"26.11.2015 08:15:00";"4";"0";"376";"5,24";"16777216";"2145806";"12,79";"402";"628";"166";"2";"4"
"26.11.2015 08:20:00";"4";"0";"295";"4,11";"16777216";"2582014";"15,39";"0";"583";"166";"5";"6"
"26.11.2015 08:25:00";"4";"0";"258";"3,6";"16777216";"2380687";"14,19";"2";"101";"166";"2";"3"
"26.11.2015 08:30:00";"4";"0";"247";"3,45";"16777216";"1719665";"10,25";"0";"111";"166";"3";"4"
"26.11.2015 08:35:00";"4";"0";"282";"3,92";"16777216";"2021655";"12,05";"1";"118";"166";"5";"6"
"26.11.2015 08:40:00";"4";"0";"308";"4,3";"16777216";"1853882";"11,05";"3";"106";"166";"3";"4"
"26.11.2015 08:45:00";"4";"0";"339";"4,72";"16777216";"1999844";"11,92";"1";"155";"166";"26";"8"
"26.11.2015 08:50:00";"4";"0";"277";"3,86";"16777216";"2637378";"15,72";"1";"116";"166";"7";"6"
"26.11.2015 08:55:00";"4";"0";"239";"3,33";"16777216";"2290090";"13,65";"0";"92";"166";"2";"4"
"26.11.2015 09:00:00";"4";"0";"251";"3,5";"16777216";"1753219";"10,45";"0";"104";"166";"3";"4"
"26.11.2015 09:05:00";"4";"0";"490";"6,82";"16777216";"2826961";"16,85";"6";"1327";"166";"44";"395"
"26.11.2015 09:10:00";"4";"0";"236";"3,28";"16777216";"2692743";"16,05";"0";"110";"166";"2";"4"
"26.11.2015 09:15:00";"4";"0";"265";"3,69";"16777216";"1832072";"10,92";"0";"109";"166";"2";"4"
"26.11.2015 09:20:00";"4";"0";"282";"3,93";"16777216";"1865626";"11,12";"2";"123";"166";"5";"6"
"26.11.2015 09:25:00";"4";"0";"245";"3,41";"16777216";"1843816";"10,99";"1";"93";"166";"2";"4"
"26.11.2015 09:30:00";"4";"0";"262";"3,66";"16777216";"1999844";"11,92";"2";"110";"166";"3";"4"
"26.11.2015 09:35:00";"4";"0";"309";"4,3";"16777216";"1978034";"11,79";"10";"143";"166";"5";"6"
"26.11.2015 09:40:00";"4";"0";"255";"3,55";"16777216";"1999844";"11,92";"0";"114";"166";"3";"4"
"26.11.2015 09:45:00";"4";"0";"348";"4,85";"16777216";"1676044";"9,99";"1";"165";"166";"28";"8"
"26.11.2015 09:50:00";"4";"0";"284";"3,96";"16777216";"2212915";"13,19";"0";"132";"166";"4";"6"
"26.11.2015 09:55:00";"4";"0";"245";"3,41";"16777216";"2234725";"13,32";"0";"97";"166";"2";"3"
"26.11.2015 10:00:00";"4";"0";"418";"5,82";"16777216";"2682677";"15,99";"413";"218";"166";"3";"4"
"26.11.2015 10:05:00";"4";"0";"315";"4,39";"16777216";"3051776";"18,19";"13";"191";"166";"4";"5"
"26.11.2015 10:10:00";"4";"0";"234";"3,26";"16777216";"2390753";"14,25";"10";"117";"166";"2";"4"
"26.11.2015 10:15:00";"4";"0";"266";"3,71";"16777216";"2112252";"12,59";"31";"114";"166";"2";"3"
"26.11.2015 10:20:00";"4";"0";"534";"7,44";"16777216";"1999844";"11,92";"33";"119";"166";"5";"6"
"26.11.2015 10:25:00";"4";"0";"238";"3,32";"16777216";"2615568";"15,59";"8";"95";"166";"2";"3"
"26.11.2015 10:30:00";"4";"0";"252";"3,51";"16777216";"2045143";"12,19";"31";"110";"166";"3";"4"
"26.11.2015 10:35:00";"4";"0";"260";"3,63";"16777216";"2256536";"13,45";"9";"112";"166";"4";"5"
"26.11.2015 10:40:00";"4";"0";"240";"3,34";"16777216";"2313578";"13,79";"7";"87";"166";"3";"4"
"26.11.2015 10:45:00";"4";"0";"253";"3,53";"16777216";"1877370";"11,19";"8";"106";"166";"2";"3"
"26.11.2015 10:50:00";"4";"0";"262";"3,65";"16777216";"2011588";"11,99";"7";"115";"166";"5";"6"
"26.11.2015 10:55:00";"4";"0";"233";"3,25";"16777216";"2011588";"11,99";"7";"91";"166";"2";"3"
"26.11.2015 11:00:00";"4";"0";"285";"3,97";"16777216";"1810262";"10,79";"14";"127";"166";"3";"4"
"26.11.2015 11:05:00";"4";"0";"310";"4,33";"16777216";"2838705";"16,92";"12";"146";"166";"4";"5"
"26.11.2015 11:10:00";"4";"0";"261";"3,64";"16777216";"2313578";"13,79";"13";"134";"166";"3";"4"
"26.11.2015 11:15:00";"4";"0";"282";"3,94";"16777216";"2514905";"14,99";"15";"144";"166";"3";"4"
"26.11.2015 11:20:00";"4";"0";"286";"3,98";"16777216";"2011588";"11,99";"14";"141";"166";"5";"6"
"26.11.2015 11:25:00";"4";"0";"232";"3,24";"16777216";"2347132";"13,99";"7";"91";"166";"2";"3"
"26.11.2015 11:30:00";"4";"0";"245";"3,41";"16777216";"1853882";"11,05";"7";"103";"166";"3";"4"
"26.11.2015 11:35:00";"4";"0";"274";"3,82";"16777216";"1944479";"11,59";"9";"117";"166";"4";"6"
"26.11.2015 11:40:00";"4";"0";"292";"4,08";"16777216";"2078697";"12,39";"9";"109";"166";"3";"4"
"26.11.2015 11:45:00";"4";"0";"287";"4";"16777216";"1810262";"10,79";"14";"131";"166";"3";"4"
"26.11.2015 11:50:00";"4";"0";"274";"3,82";"16777216";"2100508";"12,52";"17";"126";"166";"5";"6"
"26.11.2015 11:55:00";"4";"0";"374";"5,22";"16777216";"2850449";"16,99";"28";"186";"166";"3";"4"
"26.11.2015 12:00:00";"4";"0";"456";"6,35";"16777216";"2414241";"14,39";"16";"222";"166";"28";"8"
"26.11.2015 12:05:00";"4";"0";"1489";"20,73";"16777216";"3185993";"18,99";"76";"1072";"166";"4";"5"
"26.11.2015 12:10:00";"4";"0";"258";"3,6";"16777216";"3051776";"18,19";"9";"1174";"166";"3";"4"
"26.11.2015 12:15:00";"4";"0";"281";"3,92";"16777216";"2447796";"14,59";"17";"152";"166";"2";"4"
"26.11.2015 12:20:00";"4";"0";"307";"4,28";"16777216";"2078697";"12,39";"20";"156";"166";"5";"6"
"26.11.2015 12:25:00";"4";"0";"260";"3,63";"16777216";"2045143";"12,19";"11";"130";"166";"2";"4"
"26.11.2015 12:30:00";"4";"0";"260";"3,63";"16777216";"1810262";"10,79";"9";"125";"166";"3";"4"
"26.11.2015 12:35:00";"4";"0";"293";"4,08";"16777216";"2380687";"14,19";"10";"138";"166";"5";"6"
"26.11.2015 12:40:00";"4";"0";"280";"3,9";"16777216";"2280024";"13,59";"12";"132";"166";"3";"4"
"26.11.2015 12:45:00";"4";"0";"330";"4,61";"16777216";"2134062";"12,72";"9";"188";"166";"28";"8"
"26.11.2015 12:50:00";"4";"0";"286";"3,98";"16777216";"1988100";"11,85";"9";"132";"166";"5";"6"
"26.11.2015 12:55:00";"4";"0";"234";"3,26";"16777216";"2447796";"14,59";"9";"105";"166";"2";"3"
"26.11.2015 13:00:00";"4";"0";"259";"3,61";"16777216";"1508272";"8,99";"8";"122";"166";"3";"4"
"26.11.2015 13:05:00";"4";"0";"593";"8,27";"16777216";"3689310";"21,99";"51";"2219";"166";"45";"606"
"26.11.2015 13:10:00";"4";"0";"249";"3,48";"16777216";"2659189";"15,85";"0";"136";"166";"3";"4"
"26.11.2015 13:15:00";"4";"0";"260";"3,62";"16777216";"2201171";"13,12";"1";"140";"166";"2";"3"
"26.11.2015 13:20:00";"4";"0";"286";"3,98";"16777216";"2234725";"13,32";"7";"140";"166";"5";"6"
"26.11.2015 13:25:00";"4";"0";"233";"3,25";"16777216";"1920991";"11,45";"0";"105";"166";"2";"3"
"26.11.2015 13:30:00";"4";"0";"330";"4,6";"16777216";"2100508";"12,52";"2";"153";"166";"3";"4"
"26.11.2015 13:35:00";"4";"0";"292";"4,07";"16777216";"2066953";"12,32";"3";"167";"166";"5";"6"
"26.11.2015 13:40:00";"4";"0";"273";"3,81";"16777216";"2290090";"13,65";"1";"135";"166";"3";"4"
"26.11.2015 13:45:00";"4";"0";"333";"4,64";"16777216";"1920991";"11,45";"1";"187";"166";"26";"8"
"26.11.2015 13:50:00";"4";"0";"284";"3,96";"16777216";"2033399";"12,12";"1";"131";"166";"7";"6"
"26.11.2015 13:55:00";"4";"0";"244";"3,41";"16777216";"2134062";"12,72";"5";"107";"166";"2";"4"
"26.11.2015 14:00:00";"4";"0";"443";"6,17";"16777216";"2212915";"13,19";"5";"198";"166";"3";"4"
"26.11.2015 14:05:00";"4";"0";"287";"4";"16777216";"3263169";"19,45";"5";"180";"166";"4";"5"
"26.11.2015 14:10:00";"4";"0";"255";"3,55";"16777216";"2088763";"12,45";"1";"117";"166";"3";"4"
"26.11.2015 14:15:00";"4";"0";"259";"3,62";"16777216";"2368943";"14,12";"1";"142";"166";"2";"3"
"26.11.2015 14:20:00";"4";"0";"300";"4,17";"16777216";"2783340";"16,59";"1";"147";"166";"5";"6"
"26.11.2015 14:25:00";"4";"0";"259";"3,61";"16777216";"2112252";"12,59";"0";"139";"166";"2";"3"
"26.11.2015 14:30:00";"4";"0";"309";"4,3";"16777216";"2078697";"12,39";"6";"169";"166";"3";"4"
"26.11.2015 14:35:00";"4";"0";"280";"3,9";"16777216";"1697854";"10,12";"0";"166";"166";"5";"6"
"26.11.2015 14:40:00";"4";"0";"305";"4,26";"16777216";"2301834";"13,72";"2";"116";"166";"3";"4"
"26.11.2015 14:45:00";"4";"0";"318";"4,43";"16777216";"2390753";"14,25";"2";"174";"166";"20";"7"
"26.11.2015 14:50:00";"4";"0";"310";"4,32";"16777216";"2414241";"14,39";"0";"162";"166";"13";"7"
"26.11.2015 14:55:00";"4";"0";"232";"3,24";"16777216";"2256536";"13,45";"0";"102";"166";"2";"3"
"26.11.2015 15:00:00";"4";"0";"256";"3,56";"16777216";"2145806";"12,79";"0";"121";"166";"3";"4"
"26.11.2015 15:05:00";"4";"0";"295";"4,11";"16777216";"2625634";"15,65";"2";"146";"166";"4";"5"
"26.11.2015 15:10:00";"4";"0";"268";"3,74";"16777216";"2134062";"12,72";"0";"151";"166";"3";"4"
"26.11.2015 15:15:00";"4";"0";"255";"3,56";"16777216";"1899181";"11,32";"0";"141";"166";"2";"3"
"26.11.2015 15:20:00";"4";"0";"270";"3,76";"16777216";"2390753";"14,25";"2";"130";"166";"5";"6"
"26.11.2015 15:25:00";"4";"0";"400";"5,58";"16777216";"1865626";"11,12";"309";"150";"166";"3";"4"
"26.11.2015 15:30:00";"4";"0";"280";"3,9";"16777216";"1932735";"11,52";"0";"162";"166";"3";"4"
"26.11.2015 15:35:00";"4";"0";"279";"3,89";"16777216";"2179360";"12,99";"0";"161";"166";"6";"6"
"26.11.2015 15:40:00";"4";"0";"283";"3,95";"16777216";"2189427";"13,05";"0";"134";"166";"4";"5"
"26.11.2015 15:45:00";"4";"0";"411";"5,73";"16777216";"2112252";"12,59";"75";"205";"166";"29";"11"
"26.11.2015 15:50:00";"4";"0";"412";"5,74";"16777216";"2704487";"16,12";"74";"163";"166";"10";"7"
"26.11.2015 15:55:00";"4";"0";"298";"4,15";"16777216";"4348654";"25,92";"40";"140";"166";"24";"9"
"26.11.2015 16:00:00";"4";"0";"484";"6,75";"16777216";"2524971";"15,05";"55";"178";"166";"18";"21"
"26.11.2015 16:05:00";"4";"0";"362";"5,04";"16777216";"3174249";"18,92";"12";"176";"166";"7";"10"
"26.11.2015 16:10:00";"4";"0";"300";"4,18";"16777216";"2524971";"15,05";"4";"136";"166";"5";"9"
"26.11.2015 16:15:00";"4";"0";"388";"5,4";"16777216";"2201171";"13,12";"12";"152";"166";"23";"40"
"26.11.2015 16:20:00";"4";"0";"502";"6,99";"16777216";"2692743";"16,05";"45";"170";"166";"73";"30"
"26.11.2015 16:25:00";"4";"0";"500";"6,96";"16777216";"2603824";"15,52";"89";"127";"166";"148";"19"
"26.11.2015 16:30:00";"4";"0";"318";"4,43";"16777216";"2615568";"15,59";"3";"133";"166";"146";"9"
"26.11.2015 16:35:00";"4";"0";"332";"4,62";"16777216";"2100508";"12,52";"2";"158";"166";"80";"7"
"26.11.2015 16:40:00";"4";"0";"267";"3,72";"16777216";"2011588";"11,99";"0";"135";"166";"4";"5"
"26.11.2015 16:45:00";"4";"0";"347";"4,84";"16777216";"2078697";"12,39";"3";"190";"166";"28";"8"
"26.11.2015 16:50:00";"4";"0";"267";"3,72";"16777216";"2112252";"12,59";"0";"138";"166";"5";"5"
"26.11.2015 16:55:00";"4";"0";"237";"3,3";"16777216";"1910925";"11,39";"0";"102";"166";"2";"3"
"26.11.2015 17:00:00";"4";"0";"281";"3,92";"16777216";"1810262";"10,79";"2";"138";"166";"3";"4"
"26.11.2015 17:05:00";"4";"0";"472";"6,58";"16777216";"3051776";"18,19";"1";"1274";"166";"44";"396"
"26.11.2015 17:10:00";"4";"0";"266";"3,71";"16777216";"2514905";"14,99";"1";"140";"166";"3";"4"
"26.11.2015 17:15:00";"4";"0";"252";"3,52";"16777216";"2011588";"11,99";"0";"141";"166";"2";"4"
"26.11.2015 17:20:00";"4";"0";"288";"4,01";"16777216";"2011588";"11,99";"1";"138";"166";"5";"6"
"26.11.2015 17:25:00";"4";"0";"303";"4,23";"16777216";"2212915";"13,19";"5";"165";"166";"2";"3"
"26.11.2015 17:30:00";"4";"0";"288";"4,02";"16777216";"2078697";"12,39";"0";"167";"166";"3";"4"
"26.11.2015 17:35:00";"4";"0";"287";"4";"16777216";"1910925";"11,39";"0";"159";"166";"5";"6"
"26.11.2015 17:40:00";"4";"0";"329";"4,59";"16777216";"2078697";"12,39";"3";"130";"166";"3";"5"
"26.11.2015 17:45:00";"4";"0";"344";"4,79";"16777216";"2179360";"12,99";"0";"193";"166";"28";"8"
"26.11.2015 17:50:00";"4";"0";"272";"3,79";"16777216";"1910925";"11,39";"1";"132";"166";"5";"6"
"26.11.2015 17:55:00";"4";"0";"237";"3,31";"16777216";"2011588";"11,99";"3";"104";"166";"2";"3"
"26.11.2015 18:00:00";"4";"0";"443";"6,17";"16777216";"2682677";"15,99";"325";"556";"166";"3";"4"
"26.11.2015 18:05:00";"4";"0";"292";"4,07";"16777216";"3085330";"18,39";"2";"415";"166";"4";"5"
"26.11.2015 18:10:00";"4";"0";"265";"3,69";"16777216";"2313578";"13,79";"0";"124";"166";"3";"4"
"26.11.2015 18:15:00";"4";"0";"270";"3,77";"16777216";"1541826";"9,19";"6";"139";"166";"2";"3"
"26.11.2015 18:20:00";"4";"0";"302";"4,21";"16777216";"1877370";"11,19";"1";"152";"166";"5";"6"
"26.11.2015 18:25:00";"4";"0";"258";"3,6";"16777216";"2447796";"14,59";"2";"135";"166";"2";"3"
"26.11.2015 18:30:00";"4";"0";"260";"3,63";"16777216";"1810262";"10,79";"0";"139";"166";"3";"4"
"26.11.2015 18:35:00";"4";"0";"340";"4,73";"16777216";"1988100";"11,85";"1";"152";"166";"54";"55"
"26.11.2015 18:40:00";"4";"0";"338";"4,7";"16777216";"2088763";"12,45";"0";"115";"166";"60";"63"
"26.11.2015 18:45:00";"4";"0";"277";"3,86";"16777216";"2234725";"13,32";"0";"136";"166";"15";"17"
"26.11.2015 18:50:00";"4";"0";"301";"4,19";"16777216";"2122318";"12,65";"1";"188";"166";"45";"14"
"26.11.2015 18:55:00";"4";"0";"268";"3,74";"16777216";"1944479";"11,59";"0";"113";"166";"22";"25"
"26.11.2015 19:00:00";"4";"0";"318";"4,43";"16777216";"1920991";"11,45";"2";"148";"166";"15";"18"
"26.11.2015 19:05:00";"4";"0";"296";"4,12";"16777216";"2570269";"15,32";"0";"158";"166";"12";"14"
"26.11.2015 19:10:00";"4";"0";"279";"3,89";"16777216";"2134062";"12,72";"1";"138";"166";"18";"21"
"26.11.2015 19:15:00";"4";"0";"281";"3,92";"16777216";"2078697";"12,39";"0";"149";"166";"21";"24"
"26.11.2015 19:20:00";"4";"0";"317";"4,42";"16777216";"2145806";"12,79";"0";"143";"166";"30";"35"
"26.11.2015 19:25:00";"4";"0";"263";"3,67";"16777216";"2280024";"13,59";"0";"113";"166";"18";"21"
"26.11.2015 19:30:00";"4";"0";"303";"4,22";"16777216";"1966290";"11,72";"0";"137";"166";"35";"41"
"26.11.2015 19:35:00";"4";"0";"293";"4,08";"16777216";"1910925";"11,39";"1";"155";"166";"11";"12"
"26.11.2015 19:40:00";"4";"0";"262";"3,65";"16777216";"1764963";"10,52";"0";"140";"166";"6";"8"
"26.11.2015 19:45:00";"4";"0";"263";"3,67";"16777216";"2323644";"13,85";"0";"137";"166";"7";"8"
"26.11.2015 19:50:00";"4";"0";"380";"5,29";"16777216";"2301834";"13,72";"2";"194";"166";"45";"26"
"26.11.2015 19:55:00";"4";"0";"282";"3,94";"16777216";"2335388";"13,92";"0";"126";"166";"26";"30"
"26.11.2015 20:00:00";"4";"0";"778";"10,83";"16777216";"3241358";"19,32";"3670";"493";"166";"22";"25"
"26.11.2015 20:05:00";"4";"0";"931";"12,97";"16777216";"5669021";"33,79";"89014";"1692";"166";"39";"7064"
"26.11.2015 20:10:00";"4";"0";"325";"4,53";"16777216";"6205892";"36,99";"2192";"202";"166";"45";"69"
"26.11.2015 20:15:00";"4";"0";"289";"4,02";"16777216";"3464495";"20,65";"154";"160";"166";"13";"14"
"26.11.2015 20:20:00";"4";"0";"313";"4,36";"16777216";"2167616";"12,92";"1142";"161";"166";"11";"12"
"26.11.2015 20:25:00";"4";"0";"244";"3,4";"16777216";"2100508";"12,52";"8";"132";"166";"5";"6"
"26.11.2015 20:30:00";"4";"0";"255";"3,55";"16777216";"1843816";"10,99";"8";"128";"166";"3";"4"
"26.11.2015 20:35:00";"4";"0";"287";"4";"16777216";"2066953";"12,32";"28";"149";"166";"5";"6"
"26.11.2015 20:40:00";"4";"0";"321";"4,48";"16777216";"1988100";"11,85";"38";"129";"166";"3";"4"
"26.11.2015 20:45:00";"4";"0";"342";"4,77";"16777216";"1988100";"11,85";"12";"187";"166";"28";"8"
"26.11.2015 20:50:00";"4";"0";"289";"4,03";"16777216";"1920991";"11,45";"9";"136";"166";"6";"7"
"26.11.2015 20:55:00";"4";"0";"246";"3,42";"16777216";"2335388";"13,92";"6";"111";"166";"2";"3"
"26.11.2015 21:00:00";"4";"0";"260";"3,61";"16777216";"1764963";"10,52";"0";"129";"166";"3";"4"
"26.11.2015 21:05:00";"4";"0";"387";"5,39";"16777216";"3442685";"20,52";"14";"459";"166";"49";"115"
"26.11.2015 21:10:00";"4";"0";"256";"3,57";"16777216";"2323644";"13,85";"0";"128";"166";"13";"15"
"26.11.2015 21:15:00";"4";"0";"268";"3,73";"16777216";"2088763";"12,45";"1";"136";"166";"13";"15"
"26.11.2015 21:20:00";"4";"0";"292";"4,07";"16777216";"2100508";"12,52";"4";"140";"166";"17";"19"
"26.11.2015 21:25:00";"4";"0";"247";"3,45";"16777216";"1865626";"11,12";"3";"111";"166";"7";"8"
"26.11.2015 21:30:00";"4";"0";"263";"3,67";"16777216";"1786773";"10,65";"4";"131";"166";"7";"8"
"26.11.2015 21:35:00";"4";"0";"298";"4,16";"16777216";"2167616";"12,92";"6";"156";"166";"15";"15"
"26.11.2015 21:40:00";"4";"0";"255";"3,55";"16777216";"2066953";"12,32";"2";"118";"166";"5";"6"
"26.11.2015 21:45:00";"4";"0";"332";"4,63";"16777216";"1843816";"10,99";"8";"180";"166";"28";"10"
"26.11.2015 21:50:00";"4";"0";"296";"4,12";"16777216";"2491417";"14,85";"3";"152";"166";"20";"19"
"26.11.2015 21:55:00";"4";"0";"244";"3,41";"16777216";"2447796";"14,59";"2";"114";"166";"6";"7"
"26.11.2015 22:00:00";"4";"0";"336";"4,68";"16777216";"2280024";"13,59";"35";"145";"166";"5";"6"
"26.11.2015 22:05:00";"4";"0";"1384";"19,27";"16777216";"4068475";"24,25";"2763";"409";"166";"41";"40"
"26.11.2015 22:10:00";"4";"0";"276";"3,84";"16777216";"3286657";"19,59";"1";"319";"166";"17";"20"
"26.11.2015 22:15:00";"4";"0";"290";"4,04";"16777216";"2481350";"14,79";"1";"140";"166";"20";"21"
"26.11.2015 22:20:00";"4";"0";"373";"5,2";"16777216";"2481350";"14,79";"10";"159";"166";"21";"23"
"26.11.2015 22:25:00";"4";"0";"272";"3,79";"16777216";"2280024";"13,59";"0";"155";"166";"6";"7"
"26.11.2015 22:30:00";"4";"0";"299";"4,17";"16777216";"2045143";"12,19";"1";"150";"166";"12";"13"
"26.11.2015 22:35:00";"4";"0";"293";"4,09";"16777216";"1853882";"11,05";"0";"156";"166";"9";"10"
"26.11.2015 22:40:00";"4";"0";"310";"4,32";"16777216";"2514905";"14,99";"0";"126";"166";"35";"37"
"26.11.2015 22:45:00";"4";"0";"280";"3,9";"16777216";"2347132";"13,99";"1";"136";"166";"12";"15"
"26.11.2015 22:50:00";"4";"0";"309";"4,31";"16777216";"2045143";"12,19";"2";"142";"166";"15";"17"
"26.11.2015 22:55:00";"4";"0";"260";"3,62";"16777216";"1810262";"10,79";"0";"116";"166";"3";"5"
"26.11.2015 23:00:00";"4";"0";"272";"3,79";"16777216";"2179360";"12,99";"2";"142";"166";"3";"4"
"26.11.2015 23:05:00";"4";"0";"317";"4,41";"16777216";"2872260";"17,12";"16";"169";"166";"7";"8"
"26.11.2015 23:10:00";"4";"0";"426";"5,94";"16777216";"2145806";"12,79";"32";"211";"166";"28";"9"
"26.11.2015 23:15:00";"4";"0";"294";"4,1";"16777216";"1776707";"10,59";"1";"156";"166";"3";"4"
"26.11.2015 23:20:00";"4";"0";"287";"4";"16777216";"2155872";"12,85";"3";"145";"166";"5";"6"
"26.11.2015 23:25:00";"4";"0";"253";"3,52";"16777216";"2582014";"15,39";"3";"118";"166";"2";"4"
"26.11.2015 23:30:00";"4";"0";"279";"3,88";"16777216";"2011588";"11,99";"0";"141";"166";"3";"4"
"26.11.2015 23:35:00";"4";"0";"280";"3,91";"16777216";"1978034";"11,79";"2";"147";"166";"4";"5"
"26.11.2015 23:40:00";"4";"0";"316";"4,4";"16777216";"2582014";"15,39";"4";"128";"166";"3";"4"
"26.11.2015 23:45:00";"4";"0";"290";"4,04";"16777216";"2100508";"12,52";"1";"146";"166";"3";"5"
"26.11.2015 23:50:00";"4";"0";"361";"5,02";"16777216";"2615568";"15,59";"1";"202";"166";"30";"10"
"26.11.2015 23:55:00";"4";"0";"274";"3,81";"16777216";"2100508";"12,52";"1";"130";"166";"2";"3"
"27.11.2015 00:00:00";"4";"0";"352";"4,91";"16777216";"2682677";"15,99";"98";"173";"166";"3";"4"
"27.11.2015 00:05:00";"4";"0";"465";"6,47";"16777216";"3185993";"18,99";"66";"481";"166";"65";"7"
"27.11.2015 00:10:00";"4";"0";"563";"7,85";"16777216";"2280024";"13,59";"76";"538";"166";"57";"6"
"27.11.2015 00:15:00";"4";"0";"713";"9,93";"16777216";"3320211";"19,79";"861";"349";"166";"69";"6"
"27.11.2015 00:20:00";"4";"0";"298";"4,16";"16777216";"2951112";"17,59";"8";"108";"166";"70";"8"
"27.11.2015 00:25:00";"4";"0";"1553";"21,63";"16777216";"4617090";"27,52";"189";"12869";"166";"27";"4"
"27.11.2015 00:30:00";"4";"0";"312";"4,35";"16777216";"5333477";"31,79";"31";"688";"166";"102";"7"
"27.11.2015 00:35:00";"4";"0";"1448";"20,16";"16777216";"3555092";"21,19";"438";"2115";"166";"4";"5"
"27.11.2015 00:40:00";"4";"0";"268";"3,74";"16777216";"3588646";"21,39";"0";"637";"166";"2";"4"
"27.11.2015 00:45:00";"4";"0";"260";"3,63";"16777216";"2212915";"13,19";"0";"88";"166";"2";"4"
"27.11.2015 00:50:00";"4";"0";"288";"4,01";"16777216";"2447796";"14,59";"1";"90";"166";"5";"6"
"27.11.2015 00:55:00";"4";"0";"373";"5,19";"16777216";"2078697";"12,39";"2469";"98";"166";"17";"781"
"27.11.2015 01:00:00";"4";"0";"483";"6,73";"16777216";"4125517";"24,59";"1173";"89";"166";"19";"1648"
"27.11.2015 01:05:00";"4";"0";"1264";"17,6";"16777216";"4830161";"28,79";"7416";"2155";"166";"25";"2223"
"27.11.2015 01:10:00";"4";"0";"301";"4,2";"16777216";"4930824";"29,39";"24";"203";"166";"40";"38"
"27.11.2015 01:15:00";"4";"0";"261";"3,63";"16777216";"2826961";"16,85";"12";"90";"166";"2";"4"
"27.11.2015 01:20:00";"4";"0";"286";"3,98";"16777216";"2347132";"13,99";"95";"89";"166";"5";"6"
"27.11.2015 01:25:00";"4";"0";"245";"3,41";"16777216";"2112252";"12,59";"6";"82";"166";"2";"3"
"27.11.2015 01:30:00";"4";"0";"274";"3,82";"16777216";"2033399";"12,12";"10";"88";"166";"3";"4"
"27.11.2015 01:35:00";"4";"0";"272";"3,79";"16777216";"1764963";"10,52";"21";"92";"166";"4";"5"
"27.11.2015 01:40:00";"4";"0";"277";"3,86";"16777216";"2021655";"12,05";"24";"107";"166";"3";"4"
"27.11.2015 01:45:00";"4";"0";"265";"3,7";"16777216";"1887437";"11,25";"7";"93";"166";"3";"4"
"27.11.2015 01:50:00";"4";"0";"289";"4,02";"16777216";"1843816";"10,99";"8";"89";"166";"5";"6"
"27.11.2015 01:55:00";"4";"0";"305";"4,26";"16777216";"1944479";"11,59";"10";"118";"166";"22";"7"
"27.11.2015 02:00:00";"4";"0";"381";"5,31";"16777216";"1966290";"11,72";"87";"123";"166";"9";"5"
"27.11.2015 02:05:00";"4";"0";"301";"4,19";"16777216";"3387320";"20,19";"64";"117";"166";"4";"5"
"27.11.2015 02:10:00";"4";"0";"246";"3,42";"16777216";"2201171";"13,12";"5";"100";"166";"2";"4"
"27.11.2015 02:15:00";"4";"0";"263";"3,66";"16777216";"1978034";"11,79";"12";"99";"166";"2";"4"
"27.11.2015 02:20:00";"4";"0";"273";"3,81";"16777216";"2122318";"12,65";"9";"98";"166";"5";"6"
"27.11.2015 02:25:00";"4";"0";"225";"3,14";"16777216";"2582014";"15,39";"7";"82";"166";"2";"3"
"27.11.2015 02:30:00";"4";"0";"251";"3,49";"16777216";"1731409";"10,32";"6";"86";"166";"3";"4"
"27.11.2015 02:35:00";"4";"0";"278";"3,87";"16777216";"2704487";"16,12";"28";"101";"166";"5";"6"
"27.11.2015 02:40:00";"4";"0";"313";"4,37";"16777216";"2402497";"14,32";"14";"101";"166";"4";"5"
"27.11.2015 02:45:00";"4";"0";"254";"3,54";"16777216";"1786773";"10,65";"11";"87";"166";"3";"4"
"27.11.2015 02:50:00";"4";"0";"275";"3,84";"16777216";"1899181";"11,32";"8";"91";"166";"5";"6"
"27.11.2015 02:55:00";"4";"0";"230";"3,21";"16777216";"2280024";"13,59";"8";"81";"166";"2";"3"
"27.11.2015 03:00:00";"4";"0";"265";"3,69";"16777216";"1988100";"11,85";"10";"92";"166";"3";"4"
"27.11.2015 03:05:00";"4";"0";"565";"7,87";"16777216";"3375576";"20,12";"80";"368";"166";"4";"5"
"27.11.2015 03:10:00";"4";"0";"267";"3,72";"16777216";"2850449";"16,99";"169";"321";"166";"3";"4"
"27.11.2015 03:15:00";"4";"0";"264";"3,68";"16777216";"2234725";"13,32";"48";"102";"166";"2";"3"
"27.11.2015 03:20:00";"4";"0";"285";"3,97";"16777216";"2234725";"13,32";"9";"110";"166";"5";"6"
"27.11.2015 03:25:00";"4";"0";"230";"3,21";"16777216";"1944479";"11,59";"7";"82";"166";"2";"3"
"27.11.2015 03:30:00";"4";"0";"261";"3,63";"16777216";"1283457";"7,65";"9";"93";"166";"3";"4"
"27.11.2015 03:35:00";"4";"0";"277";"3,87";"16777216";"1932735";"11,52";"11";"107";"166";"5";"6"
"27.11.2015 03:40:00";"4";"0";"259";"3,61";"16777216";"2280024";"13,59";"8";"96";"166";"3";"4"
"27.11.2015 03:45:00";"4";"0";"288";"4,02";"16777216";"2011588";"11,99";"9";"104";"166";"3";"4"
"27.11.2015 03:50:00";"4";"0";"276";"3,85";"16777216";"2033399";"12,12";"6";"109";"166";"5";"6"
"27.11.2015 03:55:00";"4";"0";"299";"4,17";"16777216";"2011588";"11,99";"10";"125";"166";"21";"6"
"27.11.2015 04:00:00";"4";"0";"373";"5,2";"16777216";"2122318";"12,65";"215";"130";"166";"9";"5"
"27.11.2015 04:05:00";"4";"0";"359";"5,01";"16777216";"2457862";"14,65";"229";"186";"166";"4";"5"
"27.11.2015 04:10:00";"4";"0";"249";"3,48";"16777216";"1798518";"10,72";"19";"181";"166";"3";"4"
"27.11.2015 04:15:00";"4";"0";"275";"3,83";"16777216";"2716231";"16,19";"27";"103";"166";"3";"3"
"27.11.2015 04:20:00";"4";"0";"285";"3,98";"16777216";"2134062";"12,72";"24";"122";"166";"5";"6"
"27.11.2015 04:25:00";"4";"0";"296";"4,12";"16777216";"2402497";"14,32";"22";"110";"166";"2";"3"
"27.11.2015 04:30:00";"4";"0";"258";"3,59";"16777216";"2145806";"12,79";"8";"115";"166";"3";"4"
"27.11.2015 04:35:00";"4";"0";"334";"4,66";"16777216";"2021655";"12,05";"15";"171";"166";"36";"13"
"27.11.2015 04:40:00";"4";"0";"398";"5,54";"16777216";"2021655";"12,05";"11";"159";"166";"23";"9"
"27.11.2015 04:45:00";"4";"0";"268";"3,73";"16777216";"1944479";"11,59";"8";"110";"166";"3";"4"
"27.11.2015 04:50:00";"4";"0";"360";"5,02";"16777216";"1776707";"10,59";"11";"149";"166";"27";"9"
"27.11.2015 04:55:00";"4";"0";"256";"3,57";"16777216";"2078697";"12,39";"11";"104";"166";"4";"4"
"27.11.2015 05:00:00";"4";"0";"255";"3,55";"16777216";"2045143";"12,19";"8";"104";"166";"3";"4"
"27.11.2015 05:05:00";"4";"0";"482";"6,72";"16777216";"3509794";"20,92";"15";"1329";"166";"44";"434"
"27.11.2015 05:10:00";"4";"0";"239";"3,33";"16777216";"3051776";"18,19";"5";"108";"166";"3";"4"
"27.11.2015 05:15:00";"4";"0";"253";"3,53";"16777216";"2280024";"13,59";"3";"95";"166";"2";"3"
"27.11.2015 05:20:00";"4";"0";"277";"3,86";"16777216";"1999844";"11,92";"4";"100";"166";"5";"6"
"27.11.2015 05:25:00";"4";"0";"238";"3,31";"16777216";"1978034";"11,79";"1";"88";"166";"2";"3"
"27.11.2015 05:30:00";"4";"0";"262";"3,66";"16777216";"1676044";"9,99";"4";"98";"166";"3";"4"
"27.11.2015 05:35:00";"4";"0";"297";"4,14";"16777216";"1978034";"11,79";"5";"122";"166";"5";"6"
"27.11.2015 05:40:00";"4";"0";"327";"4,55";"16777216";"2246469";"13,39";"7";"128";"166";"3";"4"
"27.11.2015 05:45:00";"4";"0";"338";"4,72";"16777216";"2548459";"15,19";"5";"163";"166";"28";"8"
"27.11.2015 05:50:00";"4";"0";"264";"3,67";"16777216";"2112252";"12,59";"1";"102";"166";"4";"6"
"27.11.2015 05:55:00";"4";"0";"245";"3,42";"16777216";"2045143";"12,19";"0";"91";"166";"2";"3"
"27.11.2015 06:00:00";"4";"0";"522";"7,27";"16777216";"3286657";"19,59";"1542";"879";"166";"3";"4"
"27.11.2015 06:05:00";"4";"0";"742";"10,33";"16777216";"4561725";"27,19";"85942";"1242";"166";"26";"5240"
"27.11.2015 06:10:00";"4";"0";"316";"4,41";"16777216";"5534804";"32,99";"5877";"133";"166";"40";"46"
"27.11.2015 06:15:00";"4";"0";"250";"3,49";"16777216";"2816895";"16,79";"42";"101";"166";"2";"4"
"27.11.2015 06:20:00";"4";"0";"281";"3,92";"16777216";"2280024";"13,59";"1061";"97";"166";"5";"6"
"27.11.2015 06:25:00";"4";"0";"238";"3,32";"16777216";"2011588";"11,99";"1";"90";"166";"2";"3"
"27.11.2015 06:30:00";"4";"0";"253";"3,53";"16777216";"1753219";"10,45";"1";"97";"166";"3";"4"
"27.11.2015 06:35:00";"4";"0";"297";"4,14";"16777216";"3118884";"18,59";"10";"103";"166";"6";"7"
"27.11.2015 06:40:00";"4";"0";"255";"3,56";"16777216";"2112252";"12,59";"1";"90";"166";"3";"4"
"27.11.2015 06:45:00";"4";"0";"275";"3,83";"16777216";"2112252";"12,59";"4";"120";"166";"3";"4"
"27.11.2015 06:50:00";"4";"0";"287";"4";"16777216";"2212915";"13,19";"2";"109";"166";"6";"6"
"27.11.2015 06:55:00";"4";"0";"314";"4,37";"16777216";"2112252";"12,59";"0";"141";"166";"27";"7"
"27.11.2015 07:00:00";"4";"0";"259";"3,61";"16777216";"2447796";"14,59";"0";"100";"166";"3";"4"
"27.11.2015 07:05:00";"4";"0";"277";"3,86";"16777216";"2816895";"16,79";"5";"109";"166";"4";"5"
"27.11.2015 07:10:00";"4";"0";"243";"3,39";"16777216";"2167616";"12,92";"0";"103";"166";"2";"4"
"27.11.2015 07:15:00";"4";"0";"258";"3,6";"16777216";"1575381";"9,39";"2";"103";"166";"2";"3"
"27.11.2015 07:20:00";"4";"0";"277";"3,86";"16777216";"2055209";"12,25";"4";"105";"166";"5";"6"
"27.11.2015 07:25:00";"4";"0";"232";"3,23";"16777216";"2021655";"12,05";"0";"90";"166";"2";"3"
"27.11.2015 07:30:00";"4";"0";"259";"3,61";"16777216";"1810262";"10,79";"2";"101";"166";"3";"4"
"27.11.2015 07:35:00";"4";"0";"281";"3,92";"16777216";"2100508";"12,52";"7";"121";"166";"5";"6"
"27.11.2015 07:40:00";"4";"0";"252";"3,51";"16777216";"1944479";"11,59";"0";"111";"166";"3";"4"
"27.11.2015 07:45:00";"4";"0";"259";"3,61";"16777216";"2088763";"12,45";"2";"107";"166";"3";"4"
"27.11.2015 07:50:00";"4";"0";"349";"4,86";"16777216";"2469606";"14,72";"0";"155";"166";"30";"10"
"27.11.2015 07:55:00";"4";"0";"240";"3,34";"16777216";"1988100";"11,85";"0";"90";"166";"2";"3"
"27.11.2015 08:00:00";"4";"0";"342";"4,77";"16777216";"2816895";"16,79";"7";"128";"166";"3";"4"
"27.11.2015 08:05:00";"4";"0";"284";"3,95";"16777216";"2268280";"13,52";"7";"131";"166";"4";"5"
"27.11.2015 08:10:00";"4";"0";"255";"3,56";"16777216";"1966290";"11,72";"1";"112";"166";"2";"4"
"27.11.2015 08:15:00";"4";"0";"383";"5,33";"16777216";"2491417";"14,85";"396";"605";"166";"2";"4"
"27.11.2015 08:20:00";"4";"0";"282";"3,93";"16777216";"2457862";"14,65";"0";"564";"166";"5";"6"
"27.11.2015 08:25:00";"4";"0";"254";"3,55";"16777216";"2045143";"12,19";"1";"102";"166";"2";"3"
"27.11.2015 08:30:00";"4";"0";"254";"3,54";"16777216";"1853882";"11,05";"0";"116";"166";"3";"4"
"27.11.2015 08:35:00";"4";"0";"275";"3,84";"16777216";"2021655";"12,05";"0";"120";"166";"5";"6"
"27.11.2015 08:40:00";"4";"0";"306";"4,27";"16777216";"1832072";"10,92";"28";"104";"166";"3";"4"
"27.11.2015 08:45:00";"4";"0";"338";"4,71";"16777216";"2390753";"14,25";"1";"154";"166";"24";"7"
"27.11.2015 08:50:00";"4";"0";"282";"3,93";"16777216";"2290090";"13,65";"0";"121";"166";"9";"6"
"27.11.2015 08:55:00";"4";"0";"241";"3,36";"16777216";"2414241";"14,39";"8";"87";"166";"2";"3"
"27.11.2015 09:00:00";"4";"0";"275";"3,83";"16777216";"1743153";"10,39";"4";"114";"166";"3";"4"
"27.11.2015 09:05:00";"4";"0";"469";"6,54";"16777216";"3085330";"18,39";"11";"1298";"166";"44";"387"
"27.11.2015 09:10:00";"4";"0";"241";"3,36";"16777216";"2222981";"13,25";"5";"103";"166";"2";"4"
"27.11.2015 09:15:00";"4";"0";"267";"3,72";"16777216";"2033399";"12,12";"9";"114";"166";"2";"4"
"27.11.2015 09:20:00";"4";"0";"282";"3,93";"16777216";"2134062";"12,72";"5";"128";"166";"5";"6"
"27.11.2015 09:25:00";"4";"0";"240";"3,35";"16777216";"1877370";"11,19";"3";"106";"166";"2";"3"
"27.11.2015 09:30:00";"4";"0";"276";"3,84";"16777216";"1877370";"11,19";"8";"115";"166";"3";"4"
"27.11.2015 09:35:00";"4";"0";"303";"4,22";"16777216";"1999844";"11,92";"15";"149";"166";"5";"6"
"27.11.2015 09:40:00";"4";"0";"257";"3,59";"16777216";"2424308";"14,45";"3";"123";"166";"3";"5"
"27.11.2015 09:45:00";"4";"0";"364";"5,07";"16777216";"1966290";"11,72";"19";"184";"166";"28";"8"
"27.11.2015 09:50:00";"4";"0";"285";"3,97";"16777216";"2424308";"14,45";"9";"138";"166";"5";"6"
"27.11.2015 09:55:00";"4";"0";"237";"3,3";"16777216";"2414241";"14,39";"0";"101";"166";"2";"3"
"27.11.2015 10:00:00";"4";"0";"417";"5,81";"16777216";"2592080";"15,45";"193";"175";"166";"3";"4"
"27.11.2015 10:05:00";"4";"0";"288";"4,01";"16777216";"2524971";"15,05";"0";"163";"166";"4";"5"
"27.11.2015 10:10:00";"4";"0";"301";"4,19";"16777216";"2021655";"12,05";"47";"117";"166";"4";"10"
"27.11.2015 10:15:00";"4";"0";"277";"3,86";"16777216";"2134062";"12,72";"10";"120";"166";"3";"4"
"27.11.2015 10:20:00";"4";"0";"550";"7,66";"16777216";"2491417";"14,85";"48";"124";"166";"5";"6"
"27.11.2015 10:25:00";"4";"0";"325";"4,54";"16777216";"2570269";"15,32";"58";"103";"166";"3";"9"
"27.11.2015 10:30:00";"4";"0";"275";"3,83";"16777216";"2268280";"13,52";"5";"111";"166";"3";"5"
"27.11.2015 10:35:00";"4";"0";"337";"4,7";"16777216";"2514905";"14,99";"5";"119";"166";"74";"12"
"27.11.2015 10:40:00";"4";"0";"261";"3,63";"16777216";"2033399";"12,12";"0";"97";"166";"35";"4"
"27.11.2015 10:45:00";"4";"0";"256";"3,57";"16777216";"2256536";"13,45";"1";"110";"166";"2";"3"
"27.11.2015 10:50:00";"4";"0";"264";"3,67";"16777216";"2212915";"13,19";"0";"109";"166";"5";"6"
"27.11.2015 10:55:00";"4";"0";"239";"3,34";"16777216";"2033399";"12,12";"0";"92";"166";"2";"3"
"27.11.2015 11:00:00";"4";"0";"287";"4,01";"16777216";"1966290";"11,72";"0";"126";"166";"3";"4"
"27.11.2015 11:05:00";"4";"0";"300";"4,19";"16777216";"3420874";"20,39";"7";"143";"166";"4";"5"
"27.11.2015 11:10:00";"4";"0";"288";"4,01";"16777216";"2380687";"14,19";"52";"137";"166";"3";"4"
"27.11.2015 11:15:00";"4";"0";"296";"4,13";"16777216";"2212915";"13,19";"6";"163";"166";"3";"4"
"27.11.2015 11:20:00";"4";"0";"283";"3,95";"16777216";"2088763";"12,45";"1";"142";"166";"5";"6"
"27.11.2015 11:25:00";"4";"0";"299";"4,17";"16777216";"2582014";"15,39";"31";"112";"166";"2";"4"
"27.11.2015 11:30:00";"4";"0";"253";"3,53";"16777216";"1843816";"10,99";"3";"120";"166";"3";"4"
"27.11.2015 11:35:00";"4";"0";"279";"3,88";"16777216";"1944479";"11,59";"0";"121";"166";"4";"6"
"27.11.2015 11:40:00";"4";"0";"322";"4,49";"16777216";"2380687";"14,19";"7";"121";"166";"3";"4"
"27.11.2015 11:45:00";"4";"0";"290";"4,04";"16777216";"2313578";"13,79";"4";"134";"166";"3";"4"
"27.11.2015 11:50:00";"4";"0";"341";"4,75";"16777216";"2347132";"13,99";"11";"160";"166";"27";"10"
"27.11.2015 11:55:00";"4";"0";"381";"5,31";"16777216";"2179360";"12,99";"8";"198";"166";"5";"4"
"27.11.2015 12:00:00";"4";"0";"382";"5,32";"16777216";"3118884";"18,59";"42";"196";"166";"3";"4"
"27.11.2015 12:05:00";"4";"0";"1329";"18,5";"16777216";"3811783";"22,72";"58";"1086";"166";"4";"5"
"27.11.2015 12:10:00";"4";"0";"269";"3,75";"16777216";"3152439";"18,79";"10";"1170";"166";"3";"4"
"27.11.2015 12:15:00";"4";"0";"300";"4,18";"16777216";"2816895";"16,79";"17";"153";"166";"2";"4"
"27.11.2015 12:20:00";"4";"0";"306";"4,26";"16777216";"2179360";"12,99";"17";"174";"166";"5";"6"
"27.11.2015 12:25:00";"4";"0";"273";"3,81";"16777216";"2246469";"13,39";"12";"152";"166";"2";"3"
"27.11.2015 12:30:00";"4";"0";"264";"3,68";"16777216";"1978034";"11,79";"9";"142";"166";"3";"4"
"27.11.2015 12:35:00";"4";"0";"299";"4,17";"16777216";"2514905";"14,99";"12";"158";"166";"5";"6"
"27.11.2015 12:40:00";"4";"0";"273";"3,81";"16777216";"1877370";"11,19";"11";"136";"166";"3";"4"
"27.11.2015 12:45:00";"4";"0";"336";"4,69";"16777216";"1978034";"11,79";"10";"184";"166";"28";"8"
"27.11.2015 12:50:00";"4";"0";"275";"3,84";"16777216";"1978034";"11,79";"11";"135";"166";"5";"6"
"27.11.2015 12:55:00";"4";"0";"240";"3,35";"16777216";"2045143";"12,19";"7";"106";"166";"2";"3"
"27.11.2015 13:00:00";"4";"0";"274";"3,82";"16777216";"2179360";"12,99";"6";"2057";"166";"3";"4"
"27.11.2015 13:05:00";"4";"0";"582";"8,11";"16777216";"4415763";"26,32";"85";"295";"166";"45";"615"
"27.11.2015 13:10:00";"4";"0";"249";"3,48";"16777216";"2805150";"16,72";"7";"127";"166";"3";"4"
"27.11.2015 13:15:00";"4";"0";"276";"3,85";"16777216";"2201171";"13,12";"20";"137";"166";"2";"4"
"27.11.2015 13:20:00";"4";"0";"286";"3,99";"16777216";"2201171";"13,12";"16";"145";"166";"5";"6"
"27.11.2015 13:25:00";"4";"0";"242";"3,37";"16777216";"1944479";"11,59";"7";"109";"166";"2";"3"
"27.11.2015 13:30:00";"4";"0";"319";"4,44";"16777216";"1877370";"11,19";"6";"157";"166";"3";"4"
"27.11.2015 13:35:00";"4";"0";"290";"4,05";"16777216";"2100508";"12,52";"8";"169";"166";"5";"6"
"27.11.2015 13:40:00";"4";"0";"269";"3,75";"16777216";"1865626";"11,12";"5";"136";"166";"3";"4"
"27.11.2015 13:45:00";"4";"0";"344";"4,79";"16777216";"2155872";"12,85";"5";"187";"166";"28";"8"
"27.11.2015 13:50:00";"4";"0";"271";"3,77";"16777216";"2323644";"13,85";"4";"127";"166";"5";"6"
"27.11.2015 13:55:00";"4";"0";"248";"3,45";"16777216";"2134062";"12,72";"45";"105";"166";"2";"4"
"27.11.2015 14:00:00";"4";"0";"434";"6,05";"16777216";"2313578";"13,79";"125";"198";"166";"3";"4"
"27.11.2015 14:05:00";"4";"0";"300";"4,18";"16777216";"3152439";"18,79";"14";"181";"166";"4";"5"
"27.11.2015 14:10:00";"4";"0";"264";"3,68";"16777216";"2414241";"14,39";"3";"123";"166";"3";"4"
"27.11.2015 14:15:00";"4";"0";"262";"3,66";"16777216";"2134062";"12,72";"4";"145";"166";"2";"4"
"27.11.2015 14:20:00";"4";"0";"302";"4,21";"16777216";"1988100";"11,85";"5";"150";"166";"5";"6"
"27.11.2015 14:25:00";"4";"0";"257";"3,58";"16777216";"2335388";"13,92";"7";"135";"166";"2";"3"
"27.11.2015 14:30:00";"4";"0";"312";"4,35";"16777216";"2167616";"12,92";"9";"165";"166";"3";"5"
"27.11.2015 14:35:00";"4";"0";"291";"4,06";"16777216";"2637378";"15,72";"3";"168";"166";"8";"11"
"27.11.2015 14:40:00";"4";"0";"312";"4,35";"16777216";"2155872";"12,85";"6";"122";"166";"3";"4"
"27.11.2015 14:45:00";"4";"0";"307";"4,28";"16777216";"2503161";"14,92";"1";"170";"166";"19";"6"
"27.11.2015 14:50:00";"4";"0";"323";"4,5";"16777216";"2145806";"12,79";"0";"166";"166";"14";"8"
"27.11.2015 14:55:00";"4";"0";"235";"3,28";"16777216";"2290090";"13,65";"0";"100";"166";"2";"3"
"27.11.2015 15:00:00";"4";"0";"263";"3,66";"16777216";"2021655";"12,05";"0";"124";"166";"3";"4"
"27.11.2015 15:05:00";"4";"0";"288";"4,02";"16777216";"2826961";"16,85";"2";"143";"166";"4";"5"
"27.11.2015 15:10:00";"4";"0";"283";"3,94";"16777216";"2155872";"12,85";"4";"152";"166";"3";"4"
"27.11.2015 15:15:00";"4";"0";"254";"3,55";"16777216";"2155872";"12,85";"1";"149";"166";"2";"3"
"27.11.2015 15:20:00";"4";"0";"270";"3,77";"16777216";"1932735";"11,52";"0";"132";"166";"5";"6"
"27.11.2015 15:25:00";"4";"0";"407";"5,67";"16777216";"2313578";"13,79";"316";"161";"166";"2";"3"
"27.11.2015 15:30:00";"4";"0";"293";"4,08";"16777216";"1988100";"11,85";"3";"176";"166";"3";"4"
"27.11.2015 15:35:00";"4";"0";"277";"3,85";"16777216";"1988100";"11,85";"5";"158";"166";"5";"6"
"27.11.2015 15:40:00";"4";"0";"283";"3,95";"16777216";"1642489";"9,79";"5";"135";"166";"3";"4"
"27.11.2015 15:45:00";"4";"0";"341";"4,75";"16777216";"2066953";"12,32";"8";"194";"166";"26";"8"
"27.11.2015 15:50:00";"4";"0";"303";"4,22";"16777216";"2122318";"12,65";"7";"158";"166";"7";"6"
"27.11.2015 15:55:00";"4";"0";"254";"3,54";"16777216";"2280024";"13,59";"5";"135";"166";"2";"3"
"27.11.2015 16:00:00";"4";"0";"397";"5,53";"16777216";"2290090";"13,65";"8";"168";"166";"3";"4"
"27.11.2015 16:05:00";"4";"0";"281";"3,92";"16777216";"2201171";"13,12";"7";"170";"166";"4";"5"
"27.11.2015 16:10:00";"4";"0";"254";"3,53";"16777216";"1642489";"9,79";"5";"121";"166";"3";"4"
"27.11.2015 16:15:00";"4";"0";"271";"3,77";"16777216";"1731409";"10,32";"9";"150";"166";"2";"3"
"27.11.2015 16:20:00";"4";"0";"292";"4,07";"16777216";"2246469";"13,39";"0";"158";"166";"5";"6"
"27.11.2015 16:25:00";"4";"0";"236";"3,29";"16777216";"2021655";"12,05";"1";"109";"166";"2";"3"
"27.11.2015 16:30:00";"4";"0";"257";"3,58";"16777216";"2100508";"12,52";"3";"127";"166";"3";"4"
"27.11.2015 16:35:00";"4";"0";"298";"4,15";"16777216";"2134062";"12,72";"11";"153";"166";"5";"6"
"27.11.2015 16:40:00";"4";"0";"262";"3,65";"16777216";"2155872";"12,85";"4";"134";"166";"3";"4"
"27.11.2015 16:45:00";"4";"0";"348";"4,85";"16777216";"2469606";"14,72";"6";"191";"166";"28";"8"
"27.11.2015 16:50:00";"4";"0";"268";"3,73";"16777216";"2290090";"13,65";"1";"135";"166";"5";"6"
"27.11.2015 16:55:00";"4";"0";"234";"3,26";"16777216";"2100508";"12,52";"3";"99";"166";"2";"3"
"27.11.2015 17:00:00";"4";"0";"288";"4,01";"16777216";"2100508";"12,52";"8";"137";"166";"3";"4"
"27.11.2015 17:05:00";"4";"0";"483";"6,72";"16777216";"3409130";"20,32";"3";"1288";"166";"44";"403"
"27.11.2015 17:10:00";"4";"0";"274";"3,82";"16777216";"2917558";"17,39";"1";"132";"166";"2";"4"
"27.11.2015 17:15:00";"4";"0";"253";"3,53";"16777216";"2212915";"13,19";"1";"143";"166";"2";"3"
"27.11.2015 17:20:00";"4";"0";"290";"4,04";"16777216";"2045143";"12,19";"3";"143";"166";"5";"6"
"27.11.2015 17:25:00";"4";"0";"312";"4,35";"16777216";"2347132";"13,99";"14";"172";"166";"2";"3"
"27.11.2015 17:30:00";"4";"0";"292";"4,06";"16777216";"2246469";"13,39";"4";"178";"166";"3";"4"
"27.11.2015 17:35:00";"4";"0";"284";"3,95";"16777216";"2112252";"12,59";"4";"160";"166";"5";"6"
"27.11.2015 17:40:00";"4";"0";"322";"4,48";"16777216";"1910925";"11,39";"10";"132";"166";"3";"4"
"27.11.2015 17:45:00";"4";"0";"340";"4,74";"16777216";"2212915";"13,19";"1";"189";"166";"28";"8"
"27.11.2015 17:50:00";"4";"0";"273";"3,8";"16777216";"2179360";"12,99";"0";"133";"166";"5";"6"
"27.11.2015 17:55:00";"4";"0";"240";"3,34";"16777216";"2280024";"13,59";"1";"105";"166";"2";"3"
"27.11.2015 18:00:00";"4";"0";"347";"4,83";"16777216";"2313578";"13,79";"4";"145";"166";"3";"4"
"27.11.2015 18:05:00";"4";"0";"282";"3,93";"16777216";"3051776";"18,19";"1";"162";"166";"4";"5"
"27.11.2015 18:10:00";"4";"0";"270";"3,77";"16777216";"2179360";"12,99";"0";"121";"166";"3";"4"
"27.11.2015 18:15:00";"4";"0";"292";"4,07";"16777216";"2212915";"13,19";"17";"148";"166";"2";"4"
"27.11.2015 18:20:00";"4";"0";"278";"3,87";"16777216";"2011588";"11,99";"7";"149";"166";"5";"6"
"27.11.2015 18:25:00";"4";"0";"261";"3,64";"16777216";"2280024";"13,59";"7";"129";"166";"2";"3"
"27.11.2015 18:30:00";"4";"0";"261";"3,64";"16777216";"2447796";"14,59";"1";"141";"166";"3";"4"
"27.11.2015 18:35:00";"4";"0";"348";"4,85";"16777216";"2246469";"13,39";"2";"156";"166";"56";"57"
"27.11.2015 18:40:00";"4";"0";"331";"4,62";"16777216";"2145806";"12,79";"1";"117";"166";"56";"58"
"27.11.2015 18:45:00";"4";"0";"276";"3,85";"16777216";"2078697";"12,39";"3";"143";"166";"13";"14"
"27.11.2015 18:50:00";"4";"0";"298";"4,16";"16777216";"1709598";"10,19";"2";"187";"166";"49";"18"
"27.11.2015 18:55:00";"4";"0";"267";"3,73";"16777216";"1843816";"10,99";"0";"108";"166";"19";"22"
"27.11.2015 19:00:00";"4";"0";"319";"4,44";"16777216";"1910925";"11,39";"3";"146";"166";"17";"20"
"27.11.2015 19:05:00";"4";"0";"296";"4,13";"16777216";"2951112";"17,59";"0";"159";"166";"12";"14"
"27.11.2015 19:10:00";"4";"0";"273";"3,81";"16777216";"2112252";"12,59";"5";"129";"166";"18";"21"
"27.11.2015 19:15:00";"4";"0";"286";"3,98";"16777216";"2280024";"13,59";"0";"144";"166";"20";"23"
"27.11.2015 19:20:00";"4";"0";"312";"4,34";"16777216";"2313578";"13,79";"0";"140";"166";"33";"37"
"27.11.2015 19:25:00";"4";"0";"257";"3,58";"16777216";"2347132";"13,99";"0";"109";"166";"13";"15"
"27.11.2015 19:30:00";"4";"0";"305";"4,25";"16777216";"2055209";"12,25";"1";"130";"166";"38";"44"
"27.11.2015 19:35:00";"4";"0";"298";"4,16";"16777216";"1664300";"9,92";"2";"158";"166";"12";"13"
"27.11.2015 19:40:00";"4";"0";"260";"3,62";"16777216";"2033399";"12,12";"0";"139";"166";"7";"8"
"27.11.2015 19:45:00";"4";"0";"269";"3,75";"16777216";"1810262";"10,79";"0";"139";"166";"7";"8"
"27.11.2015 19:50:00";"4";"0";"369";"5,14";"16777216";"2301834";"13,72";"4";"197";"166";"42";"22"
"27.11.2015 19:55:00";"4";"0";"280";"3,9";"16777216";"2179360";"12,99";"0";"125";"166";"24";"27"
"27.11.2015 20:00:00";"4";"0";"863";"12,02";"16777216";"3867148";"23,05";"5342";"607";"166";"23";"27"
"27.11.2015 20:05:00";"4";"0";"945";"13,16";"16777216";"7267890";"43,32";"91048";"1447";"166";"78";"6649"
"27.11.2015 20:10:00";"4";"0";"254";"3,55";"16777216";"5108662";"30,45";"38";"155";"166";"7";"9"
"27.11.2015 20:15:00";"4";"0";"322";"4,49";"16777216";"3095396";"18,45";"143";"150";"166";"7";"8"
"27.11.2015 20:20:00";"4";"0";"308";"4,29";"16777216";"2256536";"13,45";"770";"156";"166";"12";"13"
"27.11.2015 20:25:00";"4";"0";"260";"3,62";"16777216";"2457862";"14,65";"1";"136";"166";"10";"11"
"27.11.2015 20:30:00";"4";"0";"255";"3,55";"16777216";"2055209";"12,25";"0";"132";"166";"3";"4"
"27.11.2015 20:35:00";"4";"0";"286";"3,99";"16777216";"1978034";"11,79";"7";"147";"166";"5";"6"
"27.11.2015 20:40:00";"4";"0";"326";"4,54";"16777216";"2256536";"13,45";"29";"132";"166";"3";"4"
"27.11.2015 20:45:00";"4";"0";"340";"4,73";"16777216";"2301834";"13,72";"3";"185";"166";"29";"9"
"27.11.2015 20:50:00";"4";"0";"274";"3,82";"16777216";"2033399";"12,12";"1";"136";"166";"5";"6"
"27.11.2015 20:55:00";"4";"0";"249";"3,47";"16777216";"2066953";"12,32";"1";"108";"166";"2";"3"
"27.11.2015 21:00:00";"4";"0";"265";"3,69";"16777216";"2011588";"11,99";"2";"130";"166";"8";"10"
"27.11.2015 21:05:00";"4";"0";"411";"5,72";"16777216";"2447796";"14,59";"41";"467";"166";"61";"128"
"27.11.2015 21:10:00";"4";"0";"258";"3,59";"16777216";"1966290";"11,72";"1";"127";"166";"14";"17"
"27.11.2015 21:15:00";"4";"0";"258";"3,6";"16777216";"1954546";"11,65";"0";"135";"166";"7";"8"
"27.11.2015 21:20:00";"4";"0";"275";"3,83";"16777216";"1954546";"11,65";"0";"142";"166";"9";"10"
"27.11.2015 21:25:00";"4";"0";"245";"3,42";"16777216";"1966290";"11,72";"0";"122";"166";"6";"7"
"27.11.2015 21:30:00";"4";"0";"271";"3,77";"16777216";"2179360";"12,99";"0";"133";"166";"10";"12"
"27.11.2015 21:35:00";"4";"0";"289";"4,03";"16777216";"1676044";"9,99";"7";"155";"166";"10";"10"
"27.11.2015 21:40:00";"4";"0";"276";"3,84";"16777216";"2222981";"13,25";"1";"123";"166";"15";"17"
"27.11.2015 21:45:00";"4";"0";"341";"4,75";"16777216";"1877370";"11,19";"11";"190";"166";"30";"10"
"27.11.2015 21:50:00";"4";"0";"267";"3,72";"16777216";"2536715";"15,12";"0";"137";"166";"7";"8"
"27.11.2015 21:55:00";"4";"0";"242";"3,38";"16777216";"2100508";"12,52";"0";"111";"166";"4";"5"
"27.11.2015 22:00:00";"4";"0";"367";"5,11";"16777216";"1597191";"9,52";"52";"157";"166";"31";"32"
"27.11.2015 22:05:00";"4";"0";"1017";"14,17";"16777216";"4471128";"26,65";"5310";"432";"166";"24";"25"
"27.11.2015 22:10:00";"4";"0";"297";"4,14";"16777216";"4818416";"28,72";"8";"296";"166";"23";"24"
"27.11.2015 22:15:00";"4";"0";"293";"4,09";"16777216";"2860515";"17,05";"6";"144";"166";"19";"22"
"27.11.2015 22:20:00";"4";"0";"365";"5,09";"16777216";"2368943";"14,12";"3";"165";"166";"9";"10"
"27.11.2015 22:25:00";"4";"0";"265";"3,69";"16777216";"2457862";"14,65";"1";"154";"166";"8";"9"
"27.11.2015 22:30:00";"4";"0";"299";"4,16";"16777216";"2201171";"13,12";"1";"150";"166";"11";"13"
"27.11.2015 22:35:00";"4";"0";"310";"4,32";"16777216";"2122318";"12,65";"0";"172";"166";"27";"26"
"27.11.2015 22:40:00";"4";"0";"292";"4,07";"16777216";"2201171";"13,12";"2";"127";"166";"22";"26"
"27.11.2015 22:45:00";"4";"0";"280";"3,91";"16777216";"2088763";"12,45";"0";"131";"166";"9";"11"
"27.11.2015 22:50:00";"4";"0";"301";"4,2";"16777216";"2100508";"12,52";"0";"143";"166";"12";"13"
"27.11.2015 22:55:00";"4";"0";"258";"3,59";"16777216";"2066953";"12,32";"0";"116";"166";"3";"4"
"27.11.2015 23:00:00";"4";"0";"284";"3,96";"16777216";"2088763";"12,45";"1";"133";"166";"3";"5"
"27.11.2015 23:05:00";"4";"0";"381";"5,31";"16777216";"3095396";"18,45";"23";"211";"166";"31";"12"
"27.11.2015 23:10:00";"4";"0";"371";"5,17";"16777216";"2078697";"12,39";"42";"166";"166";"5";"6"
"27.11.2015 23:15:00";"4";"0";"278";"3,88";"16777216";"2045143";"12,19";"2";"144";"166";"3";"4"
"27.11.2015 23:20:00";"4";"0";"292";"4,07";"16777216";"2570269";"15,32";"2";"147";"166";"5";"6"
"27.11.2015 23:25:00";"4";"0";"251";"3,5";"16777216";"2280024";"13,59";"2";"127";"166";"2";"3"
"27.11.2015 23:30:00";"4";"0";"280";"3,9";"16777216";"1843816";"10,99";"5";"140";"166";"3";"4"
"27.11.2015 23:35:00";"4";"0";"281";"3,92";"16777216";"1944479";"11,59";"9";"152";"166";"4";"5"
"27.11.2015 23:40:00";"4";"0";"325";"4,54";"16777216";"2850449";"16,99";"2";"132";"166";"3";"4"
"27.11.2015 23:45:00";"4";"0";"284";"3,96";"16777216";"1978034";"11,79";"20";"149";"166";"3";"4"
"27.11.2015 23:50:00";"4";"0";"375";"5,23";"16777216";"2045143";"12,19";"11";"199";"166";"30";"10"
"27.11.2015 23:55:00";"4";"0";"278";"3,87";"16777216";"1843816";"10,99";"4";"131";"166";"2";"3"
"28.11.2015 00:00:00";"4";"0";"420";"5,86";"16777216";"2884004";"17,19";"268";"639";"166";"3";"4"
"28.11.2015 00:05:00";"4";"0";"459";"6,39";"16777216";"4091963";"24,39";"92";"655";"166";"62";"8"
"28.11.2015 00:10:00";"4";"0";"627";"8,73";"16777216";"2850449";"16,99";"124";"644";"166";"54";"6"
"28.11.2015 00:15:00";"4";"0";"772";"10,75";"16777216";"4159072";"24,79";"837";"2445";"166";"63";"6"
"28.11.2015 00:20:00";"4";"0";"310";"4,33";"16777216";"2816895";"16,79";"15";"152";"166";"69";"8"
"28.11.2015 00:25:00";"4";"0";"1427";"19,87";"16777216";"2649122";"15,79";"564";"7064";"166";"18";"4"
"28.11.2015 00:30:00";"4";"0";"431";"6,01";"16777216";"5254624";"31,32";"210";"4219";"166";"117";"8"
"28.11.2015 00:35:00";"4";"0";"1523";"21,21";"16777216";"4192626";"24,99";"594";"4351";"166";"11";"5"
"28.11.2015 00:40:00";"4";"0";"262";"3,65";"16777216";"3967812";"23,65";"3";"825";"166";"3";"4"
"28.11.2015 00:45:00";"4";"0";"752";"10,47";"16777216";"3789973";"22,59";"4311";"416";"166";"65";"2473"
"28.11.2015 00:50:00";"4";"0";"293";"4,08";"16777216";"4180882";"24,92";"1144";"97";"166";"5";"6"
"28.11.2015 00:55:00";"4";"0";"250";"3,49";"16777216";"2447796";"14,59";"0";"82";"166";"2";"3"
"28.11.2015 01:00:00";"4";"0";"271";"3,78";"16777216";"2021655";"12,05";"1";"85";"166";"3";"4"
"28.11.2015 01:05:00";"4";"0";"1053";"14,66";"16777216";"3766485";"22,45";"6119";"640";"166";"19";"1811"
"28.11.2015 01:10:00";"4";"0";"551";"7,68";"16777216";"4259735";"25,39";"2243";"235";"166";"46";"691"
"28.11.2015 01:15:00";"4";"0";"271";"3,78";"16777216";"2805150";"16,72";"11";"92";"166";"2";"4"
"28.11.2015 01:20:00";"4";"0";"290";"4,05";"16777216";"2212915";"13,19";"1135";"90";"166";"5";"6"
"28.11.2015 01:25:00";"4";"0";"254";"3,54";"16777216";"2246469";"13,39";"7";"82";"166";"2";"3"
"28.11.2015 01:30:00";"4";"0";"275";"3,83";"16777216";"2011588";"11,99";"6";"91";"166";"3";"4"
"28.11.2015 01:35:00";"4";"0";"291";"4,06";"16777216";"1999844";"11,92";"14";"93";"166";"4";"5"
"28.11.2015 01:40:00";"4";"0";"280";"3,9";"16777216";"2055209";"12,25";"22";"109";"166";"3";"4"
"28.11.2015 01:45:00";"4";"0";"268";"3,73";"16777216";"1966290";"11,72";"6";"97";"166";"3";"4"
"28.11.2015 01:50:00";"4";"0";"280";"3,9";"16777216";"1832072";"10,92";"6";"88";"166";"5";"6"
"28.11.2015 01:55:00";"4";"0";"335";"4,67";"16777216";"1832072";"10,92";"7";"126";"166";"24";"7"
"28.11.2015 02:00:00";"4";"0";"394";"5,49";"16777216";"2582014";"15,39";"550";"212";"166";"7";"5"
"28.11.2015 02:05:00";"4";"0";"317";"4,41";"16777216";"3588646";"21,39";"79";"152";"166";"4";"5"
"28.11.2015 02:10:00";"4";"0";"247";"3,44";"16777216";"2592080";"15,45";"2";"106";"166";"3";"4"
"28.11.2015 02:15:00";"4";"0";"269";"3,75";"16777216";"2246469";"13,39";"6";"98";"166";"2";"4"
"28.11.2015 02:20:00";"4";"0";"273";"3,81";"16777216";"2347132";"13,99";"2";"93";"166";"5";"6"
"28.11.2015 02:25:00";"4";"0";"236";"3,3";"16777216";"2045143";"12,19";"2";"86";"166";"2";"3"
"28.11.2015 02:30:00";"4";"0";"250";"3,49";"16777216";"1563636";"9,32";"11";"87";"166";"3";"4"
"28.11.2015 02:35:00";"4";"0";"288";"4,02";"16777216";"2457862";"14,65";"3";"103";"166";"6";"6"
"28.11.2015 02:40:00";"4";"0";"314";"4,38";"16777216";"2045143";"12,19";"27";"108";"166";"4";"5"
"28.11.2015 02:45:00";"4";"0";"251";"3,5";"16777216";"1664300";"9,92";"7";"99";"166";"2";"4"
"28.11.2015 02:50:00";"4";"0";"273";"3,8";"16777216";"1484784";"8,85";"0";"92";"166";"5";"6"
"28.11.2015 02:55:00";"4";"0";"239";"3,33";"16777216";"1676044";"9,99";"0";"78";"166";"2";"3"
"28.11.2015 03:00:00";"4";"0";"263";"3,66";"16777216";"2045143";"12,19";"1";"95";"166";"3";"4"
"28.11.2015 03:05:00";"4";"0";"570";"7,94";"16777216";"2860515";"17,05";"54";"371";"166";"4";"5"
"28.11.2015 03:10:00";"4";"0";"252";"3,52";"16777216";"2447796";"14,59";"2";"276";"166";"3";"4"
"28.11.2015 03:15:00";"4";"0";"261";"3,64";"16777216";"1832072";"10,92";"13";"96";"166";"2";"4"
"28.11.2015 03:20:00";"4";"0";"290";"4,05";"16777216";"2268280";"13,52";"6";"116";"166";"5";"6"
"28.11.2015 03:25:00";"4";"0";"237";"3,3";"16777216";"2234725";"13,32";"11";"90";"166";"2";"3"
"28.11.2015 03:30:00";"4";"0";"278";"3,88";"16777216";"1988100";"11,85";"321";"152";"166";"3";"4"
"28.11.2015 03:35:00";"4";"0";"267";"3,71";"16777216";"2145806";"12,79";"3";"92";"166";"4";"5"
"28.11.2015 03:40:00";"4";"0";"248";"3,46";"16777216";"1910925";"11,39";"2";"86";"166";"3";"4"
"28.11.2015 03:45:00";"4";"0";"297";"4,14";"16777216";"2045143";"12,19";"4";"107";"166";"3";"4"
"28.11.2015 03:50:00";"4";"0";"279";"3,89";"16777216";"1978034";"11,79";"1";"111";"166";"5";"6"
"28.11.2015 03:55:00";"4";"0";"246";"3,43";"16777216";"1843816";"10,99";"0";"90";"166";"3";"4"
"28.11.2015 04:00:00";"4";"0";"334";"4,65";"16777216";"2582014";"15,39";"12";"109";"166";"3";"4"
"28.11.2015 04:05:00";"4";"0";"430";"5,99";"16777216";"3363832";"20,05";"368";"297";"166";"4";"5"
"28.11.2015 04:10:00";"4";"0";"352";"4,9";"16777216";"2759852";"16,45";"17";"423";"166";"26";"7"
"28.11.2015 04:15:00";"4";"0";"293";"4,09";"16777216";"2615568";"15,59";"22";"116";"166";"5";"4"
"28.11.2015 04:20:00";"4";"0";"278";"3,88";"16777216";"2122318";"12,65";"11";"119";"166";"5";"6"
"28.11.2015 04:25:00";"4";"0";"296";"4,13";"16777216";"2783340";"16,59";"9";"116";"166";"2";"3"
"28.11.2015 04:30:00";"4";"0";"256";"3,57";"16777216";"1853882";"11,05";"0";"119";"166";"3";"4"
"28.11.2015 04:35:00";"4";"0";"363";"5,06";"16777216";"2145806";"12,79";"9";"151";"166";"29";"14"
"28.11.2015 04:40:00";"4";"0";"299";"4,16";"16777216";"2280024";"13,59";"0";"137";"166";"18";"15"
"28.11.2015 04:45:00";"4";"0";"348";"4,85";"16777216";"1709598";"10,19";"2";"171";"166";"43";"26"
"28.11.2015 04:50:00";"4";"0";"394";"5,49";"16777216";"1877370";"11,19";"10";"172";"166";"35";"11"
"28.11.2015 04:55:00";"4";"0";"280";"3,91";"16777216";"1676044";"9,99";"3";"97";"166";"4";"5"
"28.11.2015 05:00:00";"4";"0";"264";"3,67";"16777216";"1776707";"10,59";"0";"93";"166";"3";"4"
"28.11.2015 05:05:00";"4";"0";"499";"6,95";"16777216";"3320211";"19,79";"22";"1504";"166";"45";"482"
"28.11.2015 05:10:00";"4";"0";"246";"3,43";"16777216";"2682677";"15,99";"0";"113";"166";"3";"4"
"28.11.2015 05:15:00";"4";"0";"245";"3,42";"16777216";"1944479";"11,59";"0";"95";"166";"2";"3"
"28.11.2015 05:20:00";"4";"0";"278";"3,88";"16777216";"2145806";"12,79";"0";"103";"166";"5";"6"
"28.11.2015 05:25:00";"4";"0";"232";"3,23";"16777216";"1877370";"11,19";"0";"86";"166";"2";"3"
"28.11.2015 05:30:00";"4";"0";"267";"3,72";"16777216";"1407608";"8,39";"0";"96";"166";"3";"4"
"28.11.2015 05:35:00";"4";"0";"295";"4,11";"16777216";"2380687";"14,19";"4";"125";"166";"5";"6"
"28.11.2015 05:40:00";"4";"0";"336";"4,68";"16777216";"2313578";"13,79";"2";"133";"166";"3";"4"
"28.11.2015 05:45:00";"4";"0";"339";"4,72";"16777216";"2536715";"15,12";"0";"166";"166";"28";"8"
"28.11.2015 05:50:00";"4";"0";"273";"3,81";"16777216";"2145806";"12,79";"0";"101";"166";"5";"6"
"28.11.2015 05:55:00";"4";"0";"246";"3,43";"16777216";"2100508";"12,52";"3";"94";"166";"2";"3"
"28.11.2015 06:00:00";"4";"0";"521";"7,25";"16777216";"3006477";"17,92";"1284";"931";"166";"3";"4"
"28.11.2015 06:05:00";"4";"0";"1073";"14,94";"16777216";"6249513";"37,25";"79738";"1742";"166";"29";"5754"
"28.11.2015 06:10:00";"4";"0";"358";"4,98";"16777216";"5846860";"34,85";"13684";"141";"166";"41";"159"
"28.11.2015 06:15:00";"4";"0";"271";"3,77";"16777216";"3253102";"19,39";"51";"103";"166";"2";"3"
"28.11.2015 06:20:00";"4";"0";"292";"4,07";"16777216";"1920991";"11,45";"1155";"111";"166";"5";"6"
"28.11.2015 06:25:00";"4";"0";"250";"3,48";"16777216";"2088763";"12,45";"3";"90";"166";"2";"3"
"28.11.2015 06:30:00";"4";"0";"264";"3,68";"16777216";"1743153";"10,39";"4";"100";"166";"3";"4"
"28.11.2015 06:35:00";"4";"0";"308";"4,29";"16777216";"2682677";"15,99";"14";"111";"166";"7";"8"
"28.11.2015 06:40:00";"4";"0";"280";"3,9";"16777216";"2078697";"12,39";"5";"99";"166";"4";"5"
"28.11.2015 06:45:00";"4";"0";"352";"4,9";"16777216";"1887437";"11,25";"16";"168";"166";"28";"8"
"28.11.2015 06:50:00";"4";"0";"290";"4,04";"16777216";"2045143";"12,19";"9";"115";"166";"5";"6"
"28.11.2015 06:55:00";"4";"0";"250";"3,48";"16777216";"1865626";"11,12";"5";"88";"166";"2";"3"
"28.11.2015 07:00:00";"4";"0";"277";"3,87";"16777216";"1786773";"10,65";"4";"99";"166";"3";"4"
"28.11.2015 07:05:00";"4";"0";"291";"4,06";"16777216";"2805150";"16,72";"42";"110";"166";"4";"5"
"28.11.2015 07:10:00";"4";"0";"256";"3,57";"16777216";"1988100";"11,85";"0";"99";"166";"3";"4"
"28.11.2015 07:15:00";"4";"0";"269";"3,75";"16777216";"2078697";"12,39";"3";"103";"166";"3";"4"
"28.11.2015 07:20:00";"4";"0";"294";"4,1";"16777216";"1944479";"11,59";"1";"109";"166";"5";"6"
"28.11.2015 07:25:00";"4";"0";"244";"3,4";"16777216";"2055209";"12,25";"6";"85";"166";"2";"3"
"28.11.2015 07:30:00";"4";"0";"276";"3,85";"16777216";"2033399";"12,12";"15";"102";"166";"3";"4"
"28.11.2015 07:35:00";"4";"0";"293";"4,08";"16777216";"2078697";"12,39";"20";"117";"166";"5";"6"
"28.11.2015 07:40:00";"4";"0";"265";"3,7";"16777216";"2201171";"13,12";"6";"107";"166";"3";"4"
"28.11.2015 07:45:00";"4";"0";"272";"3,8";"16777216";"1932735";"11,52";"11";"101";"166";"3";"4"
"28.11.2015 07:50:00";"4";"0";"381";"5,31";"16777216";"1786773";"10,65";"9";"153";"166";"30";"10"
"28.11.2015 07:55:00";"4";"0";"249";"3,46";"16777216";"2222981";"13,25";"6";"86";"166";"2";"3"
"28.11.2015 08:00:00";"4";"0";"355";"4,95";"16777216";"2112252";"12,59";"52";"125";"166";"3";"4"
"28.11.2015 08:05:00";"4";"0";"306";"4,26";"16777216";"3353765";"19,99";"10";"136";"166";"4";"5"
"28.11.2015 08:10:00";"4";"0";"269";"3,75";"16777216";"2368943";"14,12";"11";"115";"166";"3";"4"
"28.11.2015 08:15:00";"4";"0";"306";"4,26";"16777216";"2134062";"12,72";"12";"116";"166";"3";"4"
"28.11.2015 08:20:00";"4";"0";"380";"5,3";"16777216";"2491417";"14,85";"379";"600";"166";"5";"6"
"28.11.2015 08:25:00";"4";"0";"268";"3,74";"16777216";"2313578";"13,79";"8";"542";"166";"2";"3"
"28.11.2015 08:30:00";"4";"0";"267";"3,72";"16777216";"1920991";"11,45";"6";"116";"166";"3";"4"
"28.11.2015 08:35:00";"4";"0";"286";"3,98";"16777216";"2088763";"12,45";"8";"116";"166";"5";"6"
"28.11.2015 08:40:00";"4";"0";"334";"4,66";"16777216";"1978034";"11,79";"38";"107";"166";"3";"5"
"28.11.2015 08:45:00";"4";"0";"374";"5,22";"16777216";"2268280";"13,52";"12";"169";"166";"28";"8"
"28.11.2015 08:50:00";"4";"0";"282";"3,93";"16777216";"2212915";"13,19";"5";"112";"166";"5";"6"
"28.11.2015 08:55:00";"4";"0";"247";"3,45";"16777216";"1743153";"10,39";"7";"87";"166";"2";"3"
"28.11.2015 09:00:00";"4";"0";"289";"4,03";"16777216";"2234725";"13,32";"11";"112";"166";"3";"4"
"28.11.2015 09:05:00";"4";"0";"622";"8,66";"16777216";"4281546";"25,52";"130";"1308";"166";"44";"388"
"28.11.2015 09:10:00";"4";"0";"255";"3,55";"16777216";"3051776";"18,19";"1";"105";"166";"3";"4"
"28.11.2015 09:15:00";"4";"0";"274";"3,82";"16777216";"1887437";"11,25";"1";"112";"166";"2";"4"
"28.11.2015 09:20:00";"4";"0";"304";"4,23";"16777216";"2021655";"12,05";"0";"128";"166";"5";"6"
"28.11.2015 09:25:00";"4";"0";"251";"3,5";"16777216";"2011588";"11,99";"0";"100";"166";"2";"3"
"28.11.2015 09:30:00";"4";"0";"291";"4,05";"16777216";"1832072";"10,92";"0";"117";"166";"3";"4"
"28.11.2015 09:35:00";"4";"0";"304";"4,23";"16777216";"2179360";"12,99";"1";"138";"166";"5";"6"
"28.11.2015 09:40:00";"4";"0";"279";"3,9";"16777216";"2078697";"12,39";"0";"110";"166";"3";"5"
"28.11.2015 09:45:00";"4";"0";"385";"5,36";"16777216";"2011588";"11,99";"0";"174";"166";"28";"8"
"28.11.2015 09:50:00";"4";"0";"299";"4,17";"16777216";"2582014";"15,39";"2";"131";"166";"5";"6"
"28.11.2015 09:55:00";"4";"0";"246";"3,43";"16777216";"1978034";"11,79";"0";"97";"166";"2";"3"
"28.11.2015 10:00:00";"4";"0";"437";"6,09";"16777216";"2414241";"14,39";"65";"149";"166";"3";"4"
"28.11.2015 10:05:00";"4";"0";"298";"4,15";"16777216";"3095396";"18,45";"3";"151";"166";"4";"5"
"28.11.2015 10:10:00";"4";"0";"476";"6,64";"16777216";"3185993";"18,99";"302";"229";"166";"3";"4"
"28.11.2015 10:15:00";"4";"0";"285";"3,97";"16777216";"2682677";"15,99";"11";"223";"166";"2";"3"
"28.11.2015 10:20:00";"4";"0";"561";"7,82";"16777216";"2659189";"15,85";"14";"124";"166";"5";"6"
"28.11.2015 10:25:00";"4";"0";"240";"3,34";"16777216";"2749786";"16,39";"1";"93";"166";"2";"3"
"28.11.2015 10:30:00";"4";"0";"277";"3,86";"16777216";"2280024";"13,59";"0";"124";"166";"3";"4"
"28.11.2015 10:35:00";"4";"0";"275";"3,83";"16777216";"1910925";"11,39";"1";"126";"166";"4";"5"
"28.11.2015 10:40:00";"4";"0";"260";"3,62";"16777216";"2212915";"13,19";"0";"92";"166";"3";"4"
"28.11.2015 10:45:00";"4";"0";"268";"3,74";"16777216";"1978034";"11,79";"1";"112";"166";"2";"3"
"28.11.2015 10:50:00";"4";"0";"284";"3,95";"16777216";"2380687";"14,19";"0";"116";"166";"5";"6"
"28.11.2015 10:55:00";"4";"0";"250";"3,48";"16777216";"1944479";"11,59";"0";"92";"166";"2";"3"
"28.11.2015 11:00:00";"4";"0";"306";"4,27";"16777216";"2112252";"12,59";"3";"131";"166";"3";"4"
"28.11.2015 11:05:00";"4";"0";"319";"4,44";"16777216";"3219548";"19,19";"11";"147";"166";"4";"5"
"28.11.2015 11:10:00";"4";"0";"287";"4";"16777216";"2380687";"14,19";"13";"143";"166";"3";"4"
"28.11.2015 11:15:00";"4";"0";"309";"4,31";"16777216";"2179360";"12,99";"13";"165";"166";"2";"3"
"28.11.2015 11:20:00";"4";"0";"308";"4,29";"16777216";"2347132";"13,99";"4";"154";"166";"5";"6"
"28.11.2015 11:25:00";"4";"0";"283";"3,94";"16777216";"2212915";"13,19";"5";"122";"166";"2";"3"
"28.11.2015 11:30:00";"4";"0";"265";"3,69";"16777216";"1832072";"10,92";"0";"123";"166";"3";"4"
"28.11.2015 11:35:00";"4";"0";"288";"4,01";"16777216";"1753219";"10,45";"1";"119";"166";"4";"5"
"28.11.2015 11:40:00";"4";"0";"311";"4,34";"16777216";"1966290";"11,72";"0";"114";"166";"3";"4"
"28.11.2015 11:45:00";"4";"0";"297";"4,14";"16777216";"1697854";"10,12";"1";"133";"166";"3";"4"
"28.11.2015 11:50:00";"4";"0";"364";"5,08";"16777216";"2112252";"12,59";"0";"171";"166";"31";"10"
"28.11.2015 11:55:00";"4";"0";"376";"5,24";"16777216";"2491417";"14,85";"2";"186";"166";"2";"4"
"28.11.2015 12:00:00";"4";"0";"436";"6,07";"16777216";"2670933";"15,92";"228";"342";"166";"3";"4"
"28.11.2015 12:05:00";"4";"0";"1367";"19,04";"16777216";"3833594";"22,85";"60";"1156";"166";"4";"5"
"28.11.2015 12:10:00";"4";"0";"283";"3,95";"16777216";"2994733";"17,85";"12";"1177";"166";"3";"4"
"28.11.2015 12:15:00";"4";"0";"321";"4,48";"16777216";"2447796";"14,59";"42";"2080";"166";"2";"4"
"28.11.2015 12:20:00";"4";"0";"327";"4,55";"16777216";"2917558";"17,39";"38";"166";"166";"5";"6"
"28.11.2015 12:25:00";"4";"0";"284";"3,95";"16777216";"2491417";"14,85";"12";"150";"166";"2";"3"
"28.11.2015 12:30:00";"4";"0";"285";"3,97";"16777216";"2212915";"13,19";"15";"146";"166";"3";"4"
"28.11.2015 12:35:00";"4";"0";"311";"4,33";"16777216";"2045143";"12,19";"11";"155";"166";"5";"6"
"28.11.2015 12:40:00";"4";"0";"289";"4,02";"16777216";"2481350";"14,79";"12";"126";"166";"3";"4"
"28.11.2015 12:45:00";"4";"0";"317";"4,42";"16777216";"1551892";"9,25";"12";"171";"166";"20";"7"
"28.11.2015 12:50:00";"4";"0";"337";"4,69";"16777216";"1910925";"11,39";"13";"153";"166";"13";"8"
"28.11.2015 12:55:00";"4";"0";"259";"3,61";"16777216";"1988100";"11,85";"7";"113";"166";"2";"3"
"28.11.2015 13:00:00";"4";"0";"275";"3,84";"16777216";"1832072";"10,92";"9";"131";"166";"3";"4"
"28.11.2015 13:05:00";"4";"0";"659";"9,18";"16777216";"3878892";"23,12";"35";"493";"166";"46";"667"
"28.11.2015 13:10:00";"4";"0";"255";"3,56";"16777216";"3622201";"21,59";"8";"127";"166";"3";"4"
"28.11.2015 13:15:00";"4";"0";"284";"3,96";"16777216";"2011588";"11,99";"6";"136";"166";"2";"4"
"28.11.2015 13:20:00";"4";"0";"300";"4,19";"16777216";"2335388";"13,92";"5";"147";"166";"5";"6"
"28.11.2015 13:25:00";"4";"0";"250";"3,48";"16777216";"2212915";"13,19";"2";"103";"166";"2";"3"
"28.11.2015 13:30:00";"4";"0";"328";"4,58";"16777216";"1978034";"11,79";"6";"151";"166";"3";"4"
"28.11.2015 13:35:00";"4";"0";"305";"4,25";"16777216";"2189427";"13,05";"9";"169";"166";"5";"6"
"28.11.2015 13:40:00";"4";"0";"277";"3,86";"16777216";"2122318";"12,65";"3";"141";"166";"3";"5"
"28.11.2015 13:45:00";"4";"0";"355";"4,94";"16777216";"1810262";"10,79";"3";"186";"166";"28";"8"
"28.11.2015 13:50:00";"4";"0";"274";"3,83";"16777216";"1954546";"11,65";"8";"126";"166";"5";"6"
"28.11.2015 13:55:00";"4";"0";"257";"3,58";"16777216";"2100508";"12,52";"8";"102";"166";"2";"3"
"28.11.2015 14:00:00";"4";"0";"450";"6,27";"16777216";"2570269";"15,32";"110";"201";"166";"3";"4"
"28.11.2015 14:05:00";"4";"0";"316";"4,4";"16777216";"3286657";"19,59";"16";"187";"166";"4";"5"
"28.11.2015 14:10:00";"4";"0";"483";"6,74";"16777216";"2301834";"13,72";"360";"170";"166";"3";"4"
"28.11.2015 14:15:00";"4";"0";"273";"3,8";"16777216";"2659189";"15,85";"1";"177";"166";"2";"4"
"28.11.2015 14:20:00";"4";"0";"315";"4,39";"16777216";"2033399";"12,12";"4";"151";"166";"5";"6"
"28.11.2015 14:25:00";"4";"0";"269";"3,75";"16777216";"2268280";"13,52";"1";"146";"166";"2";"3"
"28.11.2015 14:30:00";"4";"0";"322";"4,49";"16777216";"1877370";"11,19";"5";"169";"166";"3";"4"
"28.11.2015 14:35:00";"4";"0";"285";"3,98";"16777216";"2234725";"13,32";"0";"156";"166";"5";"6"
"28.11.2015 14:40:00";"4";"0";"308";"4,29";"16777216";"1932735";"11,52";"4";"111";"166";"3";"5"
"28.11.2015 14:45:00";"4";"0";"368";"5,13";"16777216";"2078697";"12,39";"3";"191";"166";"28";"8"
"28.11.2015 14:50:00";"4";"0";"280";"3,9";"16777216";"2212915";"13,19";"0";"138";"166";"5";"6"
"28.11.2015 14:55:00";"4";"0";"251";"3,5";"16777216";"2179360";"12,99";"0";"102";"166";"2";"3"
"28.11.2015 15:00:00";"4";"0";"271";"3,78";"16777216";"1954546";"11,65";"0";"126";"166";"3";"4"
"28.11.2015 15:05:00";"4";"0";"304";"4,24";"16777216";"2783340";"16,59";"8";"147";"166";"4";"5"
"28.11.2015 15:10:00";"4";"0";"287";"4";"16777216";"2088763";"12,45";"1";"149";"166";"3";"4"
"28.11.2015 15:15:00";"4";"0";"271";"3,78";"16777216";"2045143";"12,19";"1";"142";"166";"2";"3"
"28.11.2015 15:20:00";"4";"0";"284";"3,96";"16777216";"2055209";"12,25";"2";"124";"166";"5";"6"
"28.11.2015 15:25:00";"4";"0";"413";"5,75";"16777216";"2716231";"16,19";"319";"143";"166";"2";"3"
"28.11.2015 15:30:00";"4";"0";"300";"4,18";"16777216";"1877370";"11,19";"8";"177";"166";"3";"4"
"28.11.2015 15:35:00";"4";"0";"292";"4,06";"16777216";"2212915";"13,19";"2";"156";"166";"5";"6"
"28.11.2015 15:40:00";"4";"0";"288";"4,02";"16777216";"2313578";"13,79";"2";"122";"166";"3";"4"
"28.11.2015 15:45:00";"4";"0";"372";"5,18";"16777216";"2011588";"11,99";"4";"200";"166";"26";"8"
"28.11.2015 15:50:00";"4";"0";"317";"4,42";"16777216";"2615568";"15,59";"3";"163";"166";"7";"6"
"28.11.2015 15:55:00";"4";"0";"265";"3,7";"16777216";"2582014";"15,39";"1";"139";"166";"2";"3"
"28.11.2015 16:00:00";"4";"0";"412";"5,74";"16777216";"2491417";"14,85";"74";"196";"166";"3";"4"
"28.11.2015 16:05:00";"4";"0";"302";"4,2";"16777216";"3219548";"19,19";"4";"187";"166";"4";"5"
"28.11.2015 16:10:00";"4";"0";"266";"3,71";"16777216";"2011588";"11,99";"0";"129";"166";"3";"4"
"28.11.2015 16:15:00";"4";"0";"282";"3,94";"16777216";"1978034";"11,79";"1";"152";"166";"2";"3"
"28.11.2015 16:20:00";"4";"0";"305";"4,25";"16777216";"1944479";"11,59";"5";"161";"166";"5";"6"
"28.11.2015 16:25:00";"4";"0";"251";"3,49";"16777216";"2145806";"12,79";"2";"122";"166";"2";"3"
"28.11.2015 16:30:00";"4";"0";"265";"3,69";"16777216";"1776707";"10,59";"2";"125";"166";"3";"4"
"28.11.2015 16:35:00";"4";"0";"305";"4,26";"16777216";"1978034";"11,79";"2";"152";"166";"5";"6"
"28.11.2015 16:40:00";"4";"0";"266";"3,7";"16777216";"1910925";"11,39";"2";"135";"166";"3";"5"
"28.11.2015 16:45:00";"4";"0";"379";"5,28";"16777216";"1877370";"11,19";"3";"193";"166";"28";"8"
"28.11.2015 16:50:00";"4";"0";"277";"3,86";"16777216";"2112252";"12,59";"1";"133";"166";"5";"6"
"28.11.2015 16:55:00";"4";"0";"247";"3,45";"16777216";"1877370";"11,19";"1";"102";"166";"2";"3"
"28.11.2015 17:00:00";"4";"0";"291";"4,06";"16777216";"1944479";"11,59";"0";"141";"166";"3";"4"
"28.11.2015 17:05:00";"4";"0";"485";"6,76";"16777216";"3107140";"18,52";"3";"1339";"166";"44";"417"
"28.11.2015 17:10:00";"4";"0";"282";"3,93";"16777216";"2692743";"16,05";"2";"131";"166";"3";"4"
"28.11.2015 17:15:00";"4";"0";"268";"3,73";"16777216";"2357199";"14,05";"0";"151";"166";"2";"3"
"28.11.2015 17:20:00";"4";"0";"301";"4,2";"16777216";"2256536";"13,45";"1";"138";"166";"5";"6"
"28.11.2015 17:25:00";"4";"0";"315";"4,38";"16777216";"2436052";"14,52";"1";"158";"166";"2";"3"
"28.11.2015 17:30:00";"4";"0";"306";"4,27";"16777216";"2246469";"13,39";"2";"167";"166";"3";"4"
"28.11.2015 17:35:00";"4";"0";"301";"4,2";"16777216";"2078697";"12,39";"0";"160";"166";"5";"6"
"28.11.2015 17:40:00";"4";"0";"315";"4,39";"16777216";"1832072";"10,92";"4";"135";"166";"4";"5"
"28.11.2015 17:45:00";"4";"0";"375";"5,22";"16777216";"2234725";"13,32";"1";"192";"166";"28";"8"
"28.11.2015 17:50:00";"4";"0";"280";"3,9";"16777216";"2078697";"12,39";"1";"136";"166";"5";"6"
"28.11.2015 17:55:00";"4";"0";"245";"3,41";"16777216";"1843816";"10,99";"0";"105";"166";"2";"3"
"28.11.2015 18:00:00";"4";"0";"351";"4,88";"16777216";"1988100";"11,85";"1";"144";"166";"3";"4"
"28.11.2015 18:05:00";"4";"0";"295";"4,11";"16777216";"2860515";"17,05";"0";"163";"166";"4";"5"
"28.11.2015 18:10:00";"4";"0";"398";"5,54";"16777216";"3152439";"18,79";"13";"167";"166";"3";"4"
"28.11.2015 18:15:00";"4";"0";"310";"4,33";"16777216";"2704487";"16,12";"9";"191";"166";"2";"4"
"28.11.2015 18:20:00";"4";"0";"296";"4,12";"16777216";"2390753";"14,25";"1";"157";"166";"5";"6"
"28.11.2015 18:25:00";"4";"0";"274";"3,82";"16777216";"2491417";"14,85";"1";"137";"166";"2";"3"
"28.11.2015 18:30:00";"4";"0";"276";"3,85";"16777216";"2078697";"12,39";"0";"150";"166";"3";"4"
"28.11.2015 18:35:00";"4";"0";"361";"5,04";"16777216";"1798518";"10,72";"1";"155";"166";"57";"58"
"28.11.2015 18:40:00";"4";"0";"345";"4,8";"16777216";"1451229";"8,65";"0";"116";"166";"59";"61"
"28.11.2015 18:45:00";"4";"0";"285";"3,98";"16777216";"2256536";"13,45";"3";"145";"166";"9";"10"
"28.11.2015 18:50:00";"4";"0";"316";"4,41";"16777216";"1999844";"11,92";"0";"191";"166";"50";"19"
"28.11.2015 18:55:00";"4";"0";"265";"3,7";"16777216";"2536715";"15,12";"0";"109";"166";"14";"17"
"28.11.2015 19:00:00";"4";"0";"336";"4,68";"16777216";"1753219";"10,45";"2";"151";"166";"20";"23"
"28.11.2015 19:05:00";"4";"0";"306";"4,27";"16777216";"2659189";"15,85";"0";"155";"166";"12";"14"
"28.11.2015 19:10:00";"4";"0";"272";"3,79";"16777216";"2558525";"15,25";"0";"128";"166";"8";"10"
"28.11.2015 19:15:00";"4";"0";"299";"4,17";"16777216";"1865626";"11,12";"0";"147";"166";"24";"28"
"28.11.2015 19:20:00";"4";"0";"306";"4,27";"16777216";"2055209";"12,25";"0";"140";"166";"19";"22"
"28.11.2015 19:25:00";"4";"0";"282";"3,93";"16777216";"2100508";"12,52";"0";"111";"166";"24";"28"
"28.11.2015 19:30:00";"4";"0";"296";"4,12";"16777216";"1764963";"10,52";"0";"135";"166";"22";"25"
"28.11.2015 19:35:00";"4";"0";"342";"4,77";"16777216";"2078697";"12,39";"1";"154";"166";"35";"40"
"28.11.2015 19:40:00";"4";"0";"273";"3,8";"16777216";"1820328";"10,85";"0";"133";"166";"8";"10"
"28.11.2015 19:45:00";"4";"0";"276";"3,85";"16777216";"1966290";"11,72";"0";"139";"166";"7";"8"
"28.11.2015 19:50:00";"4";"0";"386";"5,37";"16777216";"2222981";"13,25";"0";"199";"166";"34";"14"
"28.11.2015 19:55:00";"4";"0";"278";"3,87";"16777216";"2280024";"13,59";"1";"122";"166";"18";"21"
"28.11.2015 20:00:00";"4";"0";"911";"12,69";"16777216";"3811783";"22,72";"4811";"978";"166";"27";"31"
"28.11.2015 20:05:00";"4";"0";"1033";"14,38";"16777216";"5925713";"35,32";"90741";"1820";"166";"54";"7378"
"28.11.2015 20:10:00";"4";"0";"290";"4,04";"16777216";"5276435";"31,45";"46";"196";"166";"42";"38"
"28.11.2015 20:15:00";"4";"0";"280";"3,9";"16777216";"2927624";"17,45";"10";"140";"166";"7";"9"
"28.11.2015 20:20:00";"4";"0";"345";"4,81";"16777216";"2347132";"13,99";"1142";"166";"166";"14";"15"
"28.11.2015 20:25:00";"4";"0";"267";"3,72";"16777216";"2682677";"15,99";"8";"141";"166";"11";"13"
"28.11.2015 20:30:00";"4";"0";"268";"3,73";"16777216";"2179360";"12,99";"6";"131";"166";"3";"4"
"28.11.2015 20:35:00";"4";"0";"294";"4,09";"16777216";"1776707";"10,59";"13";"145";"166";"5";"6"
"28.11.2015 20:40:00";"4";"0";"310";"4,33";"16777216";"1877370";"11,19";"19";"125";"166";"3";"4"
"28.11.2015 20:45:00";"4";"0";"342";"4,77";"16777216";"2347132";"13,99";"9";"173";"166";"21";"7"
"28.11.2015 20:50:00";"4";"0";"339";"4,72";"16777216";"2280024";"13,59";"17";"159";"166";"13";"7"
"28.11.2015 20:55:00";"4";"0";"255";"3,56";"16777216";"1810262";"10,79";"6";"109";"166";"3";"5"
"28.11.2015 21:00:00";"4";"0";"278";"3,87";"16777216";"2280024";"13,59";"5";"129";"166";"3";"4"
"28.11.2015 21:05:00";"4";"0";"390";"5,43";"16777216";"2582014";"15,39";"11";"459";"166";"43";"110"
"28.11.2015 21:10:00";"4";"0";"264";"3,68";"16777216";"2514905";"14,99";"0";"131";"166";"9";"10"
"28.11.2015 21:15:00";"4";"0";"295";"4,11";"16777216";"2212915";"13,19";"0";"143";"166";"22";"24"
"28.11.2015 21:20:00";"4";"0";"312";"4,35";"16777216";"2347132";"13,99";"1";"147";"166";"18";"19"
"28.11.2015 21:25:00";"4";"0";"246";"3,43";"16777216";"2212915";"13,19";"0";"113";"166";"5";"6"
"28.11.2015 21:30:00";"4";"0";"281";"3,92";"16777216";"1743153";"10,39";"0";"136";"166";"9";"11"
"28.11.2015 21:35:00";"4";"0";"295";"4,11";"16777216";"1944479";"11,59";"2";"154";"166";"11";"13"
"28.11.2015 21:40:00";"4";"0";"284";"3,96";"16777216";"2347132";"13,99";"0";"126";"166";"9";"8"
"28.11.2015 21:45:00";"4";"0";"367";"5,11";"16777216";"2011588";"11,99";"4";"188";"166";"29";"9"
"28.11.2015 21:50:00";"4";"0";"285";"3,98";"16777216";"2447796";"14,59";"1";"138";"166";"7";"8"
"28.11.2015 21:55:00";"4";"0";"268";"3,74";"16777216";"2011588";"11,99";"0";"114";"166";"15";"17"
"28.11.2015 22:00:00";"4";"0";"364";"5,08";"16777216";"2447796";"14,59";"49";"152";"166";"7";"8"
"28.11.2015 22:05:00";"4";"0";"301";"4,2";"16777216";"2917558";"17,39";"2";"167";"166";"7";"8"
"28.11.2015 22:10:00";"4";"0";"603";"8,4";"16777216";"2380687";"14,19";"1221";"222";"166";"42";"43"
"28.11.2015 22:15:00";"4";"0";"290";"4,05";"16777216";"3498050";"20,85";"0";"207";"166";"20";"23"
"28.11.2015 22:20:00";"4";"0";"380";"5,3";"16777216";"2088763";"12,45";"7";"166";"166";"20";"21"
"28.11.2015 22:25:00";"4";"0";"269";"3,75";"16777216";"2045143";"12,19";"0";"142";"166";"15";"18"
"28.11.2015 22:30:00";"4";"0";"289";"4,02";"16777216";"2145806";"12,79";"2";"154";"166";"6";"7"
"28.11.2015 22:35:00";"4";"0";"286";"3,99";"16777216";"1988100";"11,85";"1";"156";"166";"14";"15"
"28.11.2015 22:40:00";"4";"0";"265";"3,69";"16777216";"1786773";"10,65";"0";"117";"166";"7";"8"
"28.11.2015 22:45:00";"4";"0";"311";"4,34";"16777216";"1978034";"11,79";"1";"144";"166";"40";"42"
"28.11.2015 22:50:00";"4";"0";"297";"4,14";"16777216";"1776707";"10,59";"0";"141";"166";"10";"12"
"28.11.2015 22:55:00";"4";"0";"259";"3,61";"16777216";"2055209";"12,25";"0";"115";"166";"11";"13"
"28.11.2015 23:00:00";"4";"0";"286";"3,98";"16777216";"1709598";"10,19";"2";"139";"166";"4";"5"
"28.11.2015 23:05:00";"4";"0";"308";"4,29";"16777216";"2984667";"17,79";"24";"161";"166";"5";"6"
"28.11.2015 23:10:00";"4";"0";"344";"4,79";"16777216";"2021655";"12,05";"20";"179";"166";"23";"10"
"28.11.2015 23:15:00";"4";"0";"393";"5,47";"16777216";"1999844";"11,92";"16";"186";"166";"13";"7"
"28.11.2015 23:20:00";"4";"0";"298";"4,16";"16777216";"2347132";"13,99";"8";"156";"166";"5";"6"
"28.11.2015 23:25:00";"4";"0";"246";"3,43";"16777216";"2323644";"13,85";"7";"115";"166";"2";"3"
"28.11.2015 23:30:00";"4";"0";"289";"4,02";"16777216";"1786773";"10,65";"11";"140";"166";"3";"4"
"28.11.2015 23:35:00";"4";"0";"279";"3,88";"16777216";"1932735";"11,52";"10";"152";"166";"4";"5"
"28.11.2015 23:40:00";"4";"0";"310";"4,33";"16777216";"2100508";"12,52";"13";"128";"166";"3";"4"
"28.11.2015 23:45:00";"4";"0";"278";"3,88";"16777216";"1877370";"11,19";"0";"142";"166";"3";"4"
"28.11.2015 23:50:00";"4";"0";"361";"5,03";"16777216";"2021655";"12,05";"6";"192";"166";"28";"10"
"28.11.2015 23:55:00";"4";"0";"283";"3,94";"16777216";"2033399";"12,12";"2";"135";"166";"4";"4"
"29.11.2015 00:00:00";"4";"0";"338";"4,71";"16777216";"1966290";"11,72";"3";"151";"166";"3";"4"
"29.11.2015 00:05:00";"4";"0";"432";"6,01";"16777216";"3253102";"19,39";"45";"448";"166";"13";"6"
"29.11.2015 00:10:00";"4";"0";"294";"4,09";"16777216";"2313578";"13,79";"12";"496";"166";"51";"6"
"29.11.2015 00:15:00";"4";"0";"646";"9";"16777216";"3644011";"21,72";"787";"239";"166";"68";"6"
"29.11.2015 00:20:00";"4";"0";"307";"4,27";"16777216";"3051776";"18,19";"7";"101";"166";"65";"8"
"29.11.2015 00:25:00";"4";"0";"254";"3,54";"16777216";"2414241";"14,39";"6";"76";"166";"4";"3"
"29.11.2015 00:30:00";"4";"0";"265";"3,69";"16777216";"2323644";"13,85";"8";"85";"166";"3";"4"
"29.11.2015 00:35:00";"4";"0";"441";"6,14";"16777216";"2548459";"15,19";"34";"89";"166";"4";"5"
"29.11.2015 00:40:00";"4";"0";"257";"3,58";"16777216";"2122318";"12,65";"7";"81";"166";"3";"4"
"29.11.2015 00:45:00";"4";"0";"264";"3,69";"16777216";"1810262";"10,79";"9";"89";"166";"2";"4"
"29.11.2015 00:50:00";"4";"0";"277";"3,86";"16777216";"1832072";"10,92";"8";"91";"166";"5";"6"
"29.11.2015 00:55:00";"4";"0";"250";"3,49";"16777216";"1776707";"10,59";"11";"77";"166";"2";"3"
"29.11.2015 01:00:00";"4";"0";"265";"3,69";"16777216";"1877370";"11,19";"8";"85";"166";"3";"4"
"29.11.2015 01:05:00";"4";"0";"663";"9,23";"16777216";"2905814";"17,32";"117";"1630";"166";"45";"499"
"29.11.2015 01:10:00";"4";"0";"251";"3,49";"16777216";"2649122";"15,79";"0";"157";"166";"3";"4"
"29.11.2015 01:15:00";"4";"0";"268";"3,73";"16777216";"1786773";"10,65";"6";"88";"166";"2";"3"
"29.11.2015 01:20:00";"4";"0";"280";"3,9";"16777216";"1877370";"11,19";"7";"91";"166";"5";"6"
"29.11.2015 01:25:00";"4";"0";"253";"3,53";"16777216";"2033399";"12,12";"7";"79";"166";"2";"3"
"29.11.2015 01:30:00";"4";"0";"271";"3,77";"16777216";"1810262";"10,79";"8";"87";"166";"3";"4"
"29.11.2015 01:35:00";"4";"0";"282";"3,93";"16777216";"1853882";"11,05";"8";"95";"166";"4";"5"
"29.11.2015 01:40:00";"4";"0";"273";"3,81";"16777216";"2222981";"13,25";"16";"121";"166";"3";"4"
"29.11.2015 01:45:00";"4";"0";"271";"3,77";"16777216";"1697854";"10,12";"7";"97";"166";"3";"4"
"29.11.2015 01:50:00";"4";"0";"286";"3,99";"16777216";"2625634";"15,65";"7";"91";"166";"5";"6"
"29.11.2015 01:55:00";"4";"0";"321";"4,47";"16777216";"1932735";"11,52";"17";"129";"166";"25";"7"
"29.11.2015 02:00:00";"4";"0";"352";"4,9";"16777216";"2335388";"13,92";"18";"129";"166";"5";"4"
"29.11.2015 02:05:00";"4";"0";"305";"4,25";"16777216";"3107140";"18,52";"14";"132";"166";"4";"5"
"29.11.2015 02:10:00";"4";"0";"243";"3,39";"16777216";"2134062";"12,72";"10";"111";"166";"3";"4"
"29.11.2015 02:15:00";"4";"0";"272";"3,79";"16777216";"1853882";"11,05";"15";"104";"166";"2";"4"
"29.11.2015 02:20:00";"4";"0";"273";"3,8";"16777216";"2491417";"14,85";"8";"94";"166";"5";"6"
"29.11.2015 02:25:00";"4";"0";"235";"3,28";"16777216";"1810262";"10,79";"8";"87";"166";"2";"3"
"29.11.2015 02:30:00";"4";"0";"253";"3,53";"16777216";"1676044";"9,99";"8";"88";"166";"3";"4"
"29.11.2015 02:35:00";"4";"0";"288";"4,02";"16777216";"2457862";"14,65";"14";"118";"166";"5";"6"
"29.11.2015 02:40:00";"4";"0";"298";"4,15";"16777216";"2447796";"14,59";"7";"104";"166";"4";"5"
"29.11.2015 02:45:00";"4";"0";"260";"3,62";"16777216";"2112252";"12,59";"7";"87";"166";"2";"4"
"29.11.2015 02:50:00";"4";"0";"266";"3,71";"16777216";"1843816";"10,99";"8";"90";"166";"5";"6"
"29.11.2015 02:55:00";"4";"0";"237";"3,3";"16777216";"2112252";"12,59";"7";"80";"166";"2";"3"
"29.11.2015 03:00:00";"4";"0";"256";"3,57";"16777216";"1743153";"10,39";"8";"90";"166";"3";"4"
"29.11.2015 03:05:00";"4";"0";"566";"7,88";"16777216";"3118884";"18,59";"48";"387";"166";"4";"5"
"29.11.2015 03:10:00";"4";"0";"246";"3,43";"16777216";"2313578";"13,79";"8";"292";"166";"3";"4"
"29.11.2015 03:15:00";"4";"0";"265";"3,7";"16777216";"1776707";"10,59";"10";"107";"166";"2";"4"
"29.11.2015 03:20:00";"4";"0";"279";"3,89";"16777216";"1978034";"11,79";"9";"114";"166";"5";"6"
"29.11.2015 03:25:00";"4";"0";"241";"3,36";"16777216";"1944479";"11,59";"6";"82";"166";"2";"3"
"29.11.2015 03:30:00";"4";"0";"258";"3,6";"16777216";"1743153";"10,39";"7";"91";"166";"3";"4"
"29.11.2015 03:35:00";"4";"0";"310";"4,33";"16777216";"2414241";"14,39";"489";"158";"166";"5";"6"
"29.11.2015 03:40:00";"4";"0";"260";"3,63";"16777216";"2212915";"13,19";"11";"98";"166";"3";"4"
"29.11.2015 03:45:00";"4";"0";"298";"4,15";"16777216";"2045143";"12,19";"9";"113";"166";"7";"5"
"29.11.2015 03:50:00";"4";"0";"355";"4,94";"16777216";"2615568";"15,59";"9";"149";"166";"27";"9"
"29.11.2015 03:55:00";"4";"0";"233";"3,25";"16777216";"1978034";"11,79";"7";"86";"166";"2";"3"
"29.11.2015 04:00:00";"4";"0";"343";"4,78";"16777216";"1877370";"11,19";"14";"127";"166";"3";"4"
"29.11.2015 04:05:00";"4";"0";"345";"4,81";"16777216";"3487983";"20,79";"133";"209";"166";"4";"5"
"29.11.2015 04:10:00";"4";"0";"250";"3,49";"16777216";"2313578";"13,79";"28";"184";"166";"2";"4"
"29.11.2015 04:15:00";"4";"0";"289";"4,03";"16777216";"2234725";"13,32";"25";"131";"166";"3";"4"
"29.11.2015 04:20:00";"4";"0";"281";"3,91";"16777216";"2357199";"14,05";"11";"119";"166";"5";"6"
"29.11.2015 04:25:00";"4";"0";"293";"4,08";"16777216";"2414241";"14,39";"11";"114";"166";"2";"3"
"29.11.2015 04:30:00";"4";"0";"258";"3,6";"16777216";"2246469";"13,39";"8";"137";"166";"3";"4"
"29.11.2015 04:35:00";"4";"0";"359";"5";"16777216";"2256536";"13,45";"9";"143";"166";"20";"10"
"29.11.2015 04:40:00";"4";"0";"302";"4,2";"16777216";"1932735";"11,52";"12";"134";"166";"21";"19"
"29.11.2015 04:45:00";"4";"0";"352";"4,91";"16777216";"2268280";"13,52";"9";"158";"166";"35";"20"
"29.11.2015 04:50:00";"4";"0";"454";"6,32";"16777216";"2290090";"13,65";"12";"185";"166";"38";"12"
"29.11.2015 04:55:00";"4";"0";"261";"3,64";"16777216";"2323644";"13,85";"10";"111";"166";"3";"4"
"29.11.2015 05:00:00";"4";"0";"264";"3,67";"16777216";"1988100";"11,85";"8";"122";"166";"3";"4"
"29.11.2015 05:05:00";"4";"0";"489";"6,81";"16777216";"3185993";"18,99";"35";"1364";"166";"44";"436"
"29.11.2015 05:10:00";"4";"0";"249";"3,47";"16777216";"2514905";"14,99";"0";"107";"166";"3";"4"
"29.11.2015 05:15:00";"4";"0";"251";"3,5";"16777216";"2078697";"12,39";"1";"95";"166";"2";"3"
"29.11.2015 05:20:00";"4";"0";"282";"3,93";"16777216";"2122318";"12,65";"6";"99";"166";"5";"6"
"29.11.2015 05:25:00";"4";"0";"236";"3,3";"16777216";"1832072";"10,92";"0";"86";"166";"2";"3"
"29.11.2015 05:30:00";"4";"0";"267";"3,73";"16777216";"1384120";"8,25";"1";"96";"166";"3";"4"
"29.11.2015 05:35:00";"4";"0";"295";"4,11";"16777216";"2414241";"14,39";"5";"131";"166";"5";"6"
"29.11.2015 05:40:00";"4";"0";"317";"4,42";"16777216";"2066953";"12,32";"3";"136";"166";"4";"5"
"29.11.2015 05:45:00";"4";"0";"331";"4,61";"16777216";"2503161";"14,92";"0";"168";"166";"28";"8"
"29.11.2015 05:50:00";"4";"0";"271";"3,77";"16777216";"2011588";"11,99";"0";"96";"166";"5";"6"
"29.11.2015 05:55:00";"4";"0";"255";"3,55";"16777216";"2045143";"12,19";"1";"105";"166";"2";"3"
"29.11.2015 06:00:00";"4";"0";"378";"5,27";"16777216";"2145806";"12,79";"476";"268";"166";"3";"4"
"29.11.2015 06:05:00";"4";"0";"925";"12,88";"16777216";"5007999";"29,85";"72000";"683";"166";"12";"1485"
"29.11.2015 06:10:00";"4";"0";"393";"5,48";"16777216";"5623723";"33,52";"20463";"147";"166";"41";"155"
"29.11.2015 06:15:00";"4";"0";"272";"3,8";"16777216";"3353765";"19,99";"32";"97";"166";"2";"4"
"29.11.2015 06:20:00";"4";"0";"294";"4,1";"16777216";"2536715";"15,12";"1143";"116";"166";"5";"6"
"29.11.2015 06:25:00";"4";"0";"245";"3,41";"16777216";"3006477";"17,92";"4";"94";"166";"2";"3"
"29.11.2015 06:30:00";"4";"0";"264";"3,68";"16777216";"1865626";"11,12";"3";"100";"166";"3";"4"
"29.11.2015 06:35:00";"4";"0";"322";"4,48";"16777216";"2603824";"15,52";"7";"106";"166";"6";"7"
"29.11.2015 06:40:00";"4";"0";"283";"3,95";"16777216";"2088763";"12,45";"4";"99";"166";"4";"5"
"29.11.2015 06:45:00";"4";"0";"352";"4,9";"16777216";"2447796";"14,59";"19";"178";"166";"28";"8"
"29.11.2015 06:50:00";"4";"0";"287";"3,99";"16777216";"1954546";"11,65";"6";"110";"166";"5";"6"
"29.11.2015 06:55:00";"4";"0";"254";"3,54";"16777216";"1877370";"11,19";"4";"89";"166";"2";"3"
"29.11.2015 07:00:00";"4";"0";"274";"3,82";"16777216";"2066953";"12,32";"3";"103";"166";"3";"4"
"29.11.2015 07:05:00";"4";"0";"291";"4,05";"16777216";"2783340";"16,59";"8";"122";"166";"4";"5"
"29.11.2015 07:10:00";"4";"0";"259";"3,61";"16777216";"2033399";"12,12";"4";"112";"166";"3";"4"
"29.11.2015 07:15:00";"4";"0";"266";"3,7";"16777216";"1832072";"10,92";"6";"120";"166";"2";"3"
"29.11.2015 07:20:00";"4";"0";"296";"4,12";"16777216";"2066953";"12,32";"4";"114";"166";"5";"6"
"29.11.2015 07:25:00";"4";"0";"245";"3,42";"16777216";"2347132";"13,99";"2";"96";"166";"2";"3"
"29.11.2015 07:30:00";"4";"0";"280";"3,9";"16777216";"1686110";"10,05";"4";"108";"166";"3";"4"
"29.11.2015 07:35:00";"4";"0";"293";"4,09";"16777216";"1877370";"11,19";"11";"135";"166";"5";"6"
"29.11.2015 07:40:00";"4";"0";"272";"3,79";"16777216";"1966290";"11,72";"2";"127";"166";"3";"5"
"29.11.2015 07:45:00";"4";"0";"346";"4,82";"16777216";"1978034";"11,79";"6";"166";"166";"28";"8"
"29.11.2015 07:50:00";"4";"0";"282";"3,93";"16777216";"2155872";"12,85";"4";"106";"166";"5";"6"
"29.11.2015 07:55:00";"4";"0";"244";"3,4";"16777216";"1776707";"10,59";"4";"85";"166";"2";"3"
"29.11.2015 08:00:00";"4";"0";"400";"5,57";"16777216";"1988100";"11,85";"577";"255";"166";"3";"4"
"29.11.2015 08:05:00";"4";"0";"340";"4,73";"16777216";"3442685";"20,52";"110";"198";"166";"4";"5"
"29.11.2015 08:10:00";"4";"0";"264";"3,68";"16777216";"2078697";"12,39";"4";"159";"166";"3";"4"
"29.11.2015 08:15:00";"4";"0";"299";"4,17";"16777216";"1652556";"9,85";"3";"137";"166";"2";"3"
"29.11.2015 08:20:00";"4";"0";"379";"5,28";"16777216";"2649122";"15,79";"312";"572";"166";"5";"6"
"29.11.2015 08:25:00";"4";"0";"272";"3,79";"16777216";"2112252";"12,59";"0";"531";"166";"2";"3"
"29.11.2015 08:30:00";"4";"0";"271";"3,77";"16777216";"2078697";"12,39";"0";"135";"166";"3";"4"
"29.11.2015 08:35:00";"4";"0";"303";"4,22";"16777216";"2280024";"13,59";"5";"158";"166";"5";"6"
"29.11.2015 08:40:00";"4";"0";"315";"4,39";"16777216";"1978034";"11,79";"14";"132";"166";"3";"4"
"29.11.2015 08:45:00";"4";"0";"311";"4,33";"16777216";"2145806";"12,79";"1";"158";"166";"19";"6"
"29.11.2015 08:50:00";"4";"0";"339";"4,73";"16777216";"2582014";"15,39";"0";"148";"166";"14";"8"
"29.11.2015 08:55:00";"4";"0";"247";"3,44";"16777216";"2347132";"13,99";"0";"88";"166";"2";"3"
"29.11.2015 09:00:00";"4";"0";"287";"4";"16777216";"1910925";"11,39";"0";"115";"166";"3";"4"
"29.11.2015 09:05:00";"4";"0";"488";"6,79";"16777216";"3073586";"18,32";"8";"1387";"166";"44";"397"
"29.11.2015 09:10:00";"4";"0";"263";"3,67";"16777216";"2649122";"15,79";"0";"114";"166";"3";"4"
"29.11.2015 09:15:00";"4";"0";"282";"3,93";"16777216";"2212915";"13,19";"1";"135";"166";"2";"4"
"29.11.2015 09:20:00";"4";"0";"299";"4,17";"16777216";"2078697";"12,39";"2";"146";"166";"5";"6"
"29.11.2015 09:25:00";"4";"0";"247";"3,44";"16777216";"2380687";"14,19";"0";"117";"166";"2";"3"
"29.11.2015 09:30:00";"4";"0";"286";"3,99";"16777216";"1910925";"11,39";"0";"135";"166";"3";"4"
"29.11.2015 09:35:00";"4";"0";"303";"4,22";"16777216";"1910925";"11,39";"2";"149";"166";"5";"6"
"29.11.2015 09:40:00";"4";"0";"276";"3,84";"16777216";"1910925";"11,39";"0";"119";"166";"3";"5"
"29.11.2015 09:45:00";"4";"0";"383";"5,33";"16777216";"1944479";"11,59";"1";"188";"166";"28";"8"
"29.11.2015 09:50:00";"4";"0";"296";"4,13";"16777216";"2268280";"13,52";"0";"147";"166";"5";"6"
"29.11.2015 09:55:00";"4";"0";"256";"3,58";"16777216";"2088763";"12,45";"0";"109";"166";"2";"3"
"29.11.2015 10:00:00";"4";"0";"500";"6,96";"16777216";"2313578";"13,79";"408";"543";"166";"3";"4"
"29.11.2015 10:05:00";"4";"0";"308";"4,29";"16777216";"3342021";"19,92";"11";"312";"166";"4";"5"
"29.11.2015 10:10:00";"4";"0";"531";"7,4";"16777216";"2704487";"16,12";"806";"212";"166";"3";"4"
"29.11.2015 10:15:00";"4";"0";"564";"7,86";"16777216";"4964378";"29,59";"2456";"318";"166";"2";"4"
"29.11.2015 10:20:00";"4";"0";"574";"7,99";"16777216";"3430941";"20,45";"625";"200";"166";"5";"6"
"29.11.2015 10:25:00";"4";"0";"244";"3,4";"16777216";"2558525";"15,25";"7";"106";"166";"2";"3"
"29.11.2015 10:30:00";"4";"0";"276";"3,84";"16777216";"2514905";"14,99";"9";"121";"166";"3";"4"
"29.11.2015 10:35:00";"4";"0";"281";"3,92";"16777216";"2134062";"12,72";"10";"122";"166";"4";"5"
"29.11.2015 10:40:00";"4";"0";"266";"3,7";"16777216";"2045143";"12,19";"8";"94";"166";"3";"4"
"29.11.2015 10:45:00";"4";"0";"280";"3,9";"16777216";"1899181";"11,32";"13";"127";"166";"2";"4"
"29.11.2015 10:50:00";"4";"0";"281";"3,91";"16777216";"2280024";"13,59";"8";"125";"166";"5";"6"
"29.11.2015 10:55:00";"4";"0";"255";"3,55";"16777216";"2122318";"12,65";"8";"101";"166";"2";"3"
"29.11.2015 11:00:00";"4";"0";"301";"4,2";"16777216";"1944479";"11,59";"13";"144";"166";"3";"4"
"29.11.2015 11:05:00";"4";"0";"330";"4,6";"16777216";"3162505";"18,85";"30";"162";"166";"4";"5"
"29.11.2015 11:10:00";"4";"0";"281";"3,92";"16777216";"2357199";"14,05";"13";"149";"166";"3";"4"
"29.11.2015 11:15:00";"4";"0";"301";"4,19";"16777216";"2033399";"12,12";"16";"165";"166";"2";"4"
"29.11.2015 11:20:00";"4";"0";"295";"4,11";"16777216";"2246469";"13,39";"9";"151";"166";"5";"6"
"29.11.2015 11:25:00";"4";"0";"271";"3,78";"16777216";"2280024";"13,59";"10";"126";"166";"2";"3"
"29.11.2015 11:30:00";"4";"0";"269";"3,76";"16777216";"1843816";"10,99";"8";"132";"166";"3";"4"
"29.11.2015 11:35:00";"4";"0";"302";"4,21";"16777216";"2122318";"12,65";"14";"144";"166";"5";"5"
"29.11.2015 11:40:00";"4";"0";"331";"4,61";"16777216";"1932735";"11,52";"20";"146";"166";"3";"4"
"29.11.2015 11:45:00";"4";"0";"303";"4,23";"16777216";"1932735";"11,52";"16";"157";"166";"3";"5"
"29.11.2015 11:50:00";"4";"0";"373";"5,2";"16777216";"2649122";"15,79";"11";"184";"166";"30";"10"
"29.11.2015 11:55:00";"4";"0";"382";"5,32";"16777216";"2603824";"15,52";"29";"196";"166";"2";"3"
"29.11.2015 12:00:00";"4";"0";"403";"5,61";"16777216";"2872260";"17,12";"164";"222";"166";"3";"4"
"29.11.2015 12:05:00";"4";"0";"1491";"20,76";"16777216";"4751308";"28,32";"294";"3160";"166";"4";"5"
"29.11.2015 12:10:00";"4";"0";"278";"3,87";"16777216";"3185993";"18,99";"12";"1196";"166";"3";"4"
"29.11.2015 12:15:00";"4";"0";"313";"4,36";"16777216";"2201171";"13,12";"15";"164";"166";"3";"4"
"29.11.2015 12:20:00";"4";"0";"326";"4,54";"16777216";"2457862";"14,65";"15";"171";"166";"5";"6"
"29.11.2015 12:25:00";"4";"0";"289";"4,02";"16777216";"2447796";"14,59";"14";"154";"166";"2";"3"
"29.11.2015 12:30:00";"4";"0";"280";"3,9";"16777216";"2055209";"12,25";"10";"145";"166";"3";"4"
"29.11.2015 12:35:00";"4";"0";"318";"4,43";"16777216";"2222981";"13,25";"22";"155";"166";"5";"6"
"29.11.2015 12:40:00";"4";"0";"293";"4,09";"16777216";"1865626";"11,12";"11";"135";"166";"4";"4"
"29.11.2015 12:45:00";"4";"0";"365";"5,09";"16777216";"1877370";"11,19";"24";"190";"166";"28";"8"
"29.11.2015 12:50:00";"4";"0";"294";"4,09";"16777216";"2726298";"16,25";"11";"136";"166";"5";"6"
"29.11.2015 12:55:00";"4";"0";"251";"3,5";"16777216";"2301834";"13,72";"7";"107";"166";"2";"3"
"29.11.2015 13:00:00";"4";"0";"266";"3,71";"16777216";"2246469";"13,39";"11";"124";"166";"3";"4"
"29.11.2015 13:05:00";"4";"0";"643";"8,96";"16777216";"3409130";"20,32";"497";"567";"166";"45";"729"
"29.11.2015 13:10:00";"4";"0";"260";"3,62";"16777216";"2984667";"17,79";"5";"127";"166";"3";"4"
"29.11.2015 13:15:00";"4";"0";"285";"3,97";"16777216";"2414241";"14,39";"12";"138";"166";"3";"4"
"29.11.2015 13:20:00";"4";"0";"295";"4,12";"16777216";"2481350";"14,79";"13";"153";"166";"5";"6"
"29.11.2015 13:25:00";"4";"0";"253";"3,53";"16777216";"1843816";"10,99";"9";"106";"166";"2";"3"
"29.11.2015 13:30:00";"4";"0";"333";"4,64";"16777216";"2011588";"11,99";"11";"155";"166";"3";"4"
"29.11.2015 13:35:00";"4";"0";"310";"4,32";"16777216";"1843816";"10,99";"10";"171";"166";"5";"6"
"29.11.2015 13:40:00";"4";"0";"280";"3,9";"16777216";"1978034";"11,79";"6";"143";"166";"4";"5"
"29.11.2015 13:45:00";"4";"0";"368";"5,13";"16777216";"2212915";"13,19";"4";"187";"166";"28";"8"
"29.11.2015 13:50:00";"4";"0";"276";"3,84";"16777216";"2548459";"15,19";"4";"122";"166";"5";"6"
"29.11.2015 13:55:00";"4";"0";"259";"3,6";"16777216";"2212915";"13,19";"5";"111";"166";"2";"3"
"29.11.2015 14:00:00";"4";"0";"452";"6,3";"16777216";"2112252";"12,59";"30";"200";"166";"3";"4"
"29.11.2015 14:05:00";"4";"0";"309";"4,31";"16777216";"3387320";"20,19";"7";"179";"166";"4";"5"
"29.11.2015 14:10:00";"4";"0";"390";"5,43";"16777216";"2816895";"16,79";"82";"169";"166";"3";"4"
"29.11.2015 14:15:00";"4";"0";"272";"3,8";"16777216";"2984667";"17,79";"0";"174";"166";"2";"4"
"29.11.2015 14:20:00";"4";"0";"315";"4,4";"16777216";"2447796";"14,59";"1";"148";"166";"5";"6"
"29.11.2015 14:25:00";"4";"0";"269";"3,75";"16777216";"2481350";"14,79";"0";"136";"166";"2";"3"
"29.11.2015 14:30:00";"4";"0";"317";"4,42";"16777216";"2112252";"12,59";"5";"169";"166";"3";"4"
"29.11.2015 14:35:00";"4";"0";"290";"4,05";"16777216";"2582014";"15,39";"0";"156";"166";"5";"6"
"29.11.2015 14:40:00";"4";"0";"313";"4,36";"16777216";"1776707";"10,59";"4";"112";"166";"4";"5"
"29.11.2015 14:45:00";"4";"0";"372";"5,19";"16777216";"1978034";"11,79";"0";"195";"166";"28";"8"
"29.11.2015 14:50:00";"4";"0";"280";"3,9";"16777216";"2246469";"13,39";"0";"136";"166";"5";"6"
"29.11.2015 14:55:00";"4";"0";"249";"3,47";"16777216";"2414241";"14,39";"0";"101";"166";"2";"3"
"29.11.2015 15:00:00";"4";"0";"263";"3,67";"16777216";"2011588";"11,99";"0";"125";"166";"3";"4"
"29.11.2015 15:05:00";"4";"0";"307";"4,28";"16777216";"2984667";"17,79";"9";"147";"166";"4";"5"
"29.11.2015 15:10:00";"4";"0";"284";"3,97";"16777216";"1920991";"11,45";"0";"150";"166";"3";"4"
"29.11.2015 15:15:00";"4";"0";"267";"3,72";"16777216";"2122318";"12,65";"0";"141";"166";"2";"4"
"29.11.2015 15:20:00";"4";"0";"282";"3,93";"16777216";"2201171";"13,12";"0";"134";"166";"5";"6"
"29.11.2015 15:25:00";"4";"0";"411";"5,73";"16777216";"2134062";"12,72";"322";"145";"166";"2";"3"
"29.11.2015 15:30:00";"4";"0";"299";"4,17";"16777216";"2088763";"12,45";"0";"172";"166";"3";"4"
"29.11.2015 15:35:00";"4";"0";"293";"4,08";"16777216";"2167616";"12,92";"0";"153";"166";"5";"6"
"29.11.2015 15:40:00";"4";"0";"290";"4,05";"16777216";"1999844";"11,92";"3";"129";"166";"3";"4"
"29.11.2015 15:45:00";"4";"0";"366";"5,09";"16777216";"2280024";"13,59";"1";"197";"166";"24";"8"
"29.11.2015 15:50:00";"4";"0";"322";"4,49";"16777216";"2122318";"12,65";"2";"168";"166";"9";"6"
"29.11.2015 15:55:00";"4";"0";"258";"3,6";"16777216";"2145806";"12,79";"0";"144";"166";"2";"3"
"29.11.2015 16:00:00";"4";"0";"414";"5,77";"16777216";"2055209";"12,25";"2";"174";"166";"3";"4"
"29.11.2015 16:05:00";"4";"0";"294";"4,1";"16777216";"2850449";"16,99";"0";"170";"166";"4";"5"
"29.11.2015 16:10:00";"4";"0";"265";"3,69";"16777216";"2201171";"13,12";"0";"127";"166";"3";"4"
"29.11.2015 16:15:00";"4";"0";"280";"3,91";"16777216";"1731409";"10,32";"2";"152";"166";"2";"4"
"29.11.2015 16:20:00";"4";"0";"313";"4,36";"16777216";"1887437";"11,25";"0";"159";"166";"5";"6"
"29.11.2015 16:25:00";"4";"0";"249";"3,47";"16777216";"2078697";"12,39";"0";"116";"166";"2";"3"
"29.11.2015 16:30:00";"4";"0";"271";"3,78";"16777216";"1843816";"10,99";"0";"135";"166";"3";"4"
"29.11.2015 16:35:00";"4";"0";"304";"4,24";"16777216";"2212915";"13,19";"1";"153";"166";"5";"6"
"29.11.2015 16:40:00";"4";"0";"276";"3,84";"16777216";"1508272";"8,99";"0";"132";"166";"3";"5"
"29.11.2015 16:45:00";"4";"0";"376";"5,24";"16777216";"2201171";"13,12";"5";"189";"166";"28";"8"
"29.11.2015 16:50:00";"4";"0";"283";"3,95";"16777216";"2088763";"12,45";"7";"141";"166";"5";"6"
"29.11.2015 16:55:00";"4";"0";"244";"3,41";"16777216";"2649122";"15,79";"3";"103";"166";"2";"3"
"29.11.2015 17:00:00";"4";"0";"292";"4,08";"16777216";"2179360";"12,99";"7";"140";"166";"3";"4"
"29.11.2015 17:05:00";"4";"0";"485";"6,76";"16777216";"3454429";"20,59";"2";"1297";"166";"44";"403"
"29.11.2015 17:10:00";"4";"0";"286";"3,99";"16777216";"2894070";"17,25";"1";"144";"166";"3";"4"
"29.11.2015 17:15:00";"4";"0";"265";"3,69";"16777216";"1988100";"11,85";"0";"140";"166";"2";"3"
"29.11.2015 17:20:00";"4";"0";"305";"4,25";"16777216";"2155872";"12,85";"0";"143";"166";"5";"6"
"29.11.2015 17:25:00";"4";"0";"305";"4,24";"16777216";"2055209";"12,25";"2";"162";"166";"2";"3"
"29.11.2015 17:30:00";"4";"0";"297";"4,14";"16777216";"2558525";"15,25";"1";"166";"166";"3";"4"
"29.11.2015 17:35:00";"4";"0";"299";"4,17";"16777216";"2189427";"13,05";"0";"158";"166";"5";"6"
"29.11.2015 17:40:00";"4";"0";"319";"4,44";"16777216";"1999844";"11,92";"0";"136";"166";"4";"5"
"29.11.2015 17:45:00";"4";"0";"362";"5,05";"16777216";"2033399";"12,12";"1";"187";"166";"28";"8"
"29.11.2015 17:50:00";"4";"0";"281";"3,92";"16777216";"1932735";"11,52";"0";"133";"166";"5";"6"
"29.11.2015 17:55:00";"4";"0";"253";"3,53";"16777216";"2290090";"13,65";"0";"106";"166";"2";"3"
"29.11.2015 18:00:00";"4";"0";"351";"4,89";"16777216";"2100508";"12,52";"0";"141";"166";"3";"4"
"29.11.2015 18:05:00";"4";"0";"304";"4,24";"16777216";"2592080";"15,45";"0";"162";"166";"4";"5"
"29.11.2015 18:10:00";"4";"0";"382";"5,33";"16777216";"2313578";"13,79";"16";"158";"166";"3";"4"
"29.11.2015 18:15:00";"4";"0";"303";"4,22";"16777216";"2670933";"15,92";"10";"173";"166";"2";"4"
"29.11.2015 18:20:00";"4";"0";"293";"4,08";"16777216";"2189427";"13,05";"3";"145";"166";"5";"6"
"29.11.2015 18:25:00";"4";"0";"276";"3,84";"16777216";"2011588";"11,99";"11";"133";"166";"2";"3"
"29.11.2015 18:30:00";"4";"0";"272";"3,79";"16777216";"1954546";"11,65";"10";"148";"166";"3";"4"
"29.11.2015 18:35:00";"4";"0";"362";"5,05";"16777216";"1999844";"11,92";"9";"154";"166";"57";"58"
"29.11.2015 18:40:00";"4";"0";"342";"4,76";"16777216";"2066953";"12,32";"9";"120";"166";"58";"60"
"29.11.2015 18:45:00";"4";"0";"289";"4,02";"16777216";"2078697";"12,39";"9";"140";"166";"15";"17"
"29.11.2015 18:50:00";"4";"0";"313";"4,36";"16777216";"2100508";"12,52";"10";"185";"166";"50";"20"
"29.11.2015 18:55:00";"4";"0";"285";"3,96";"16777216";"2301834";"13,72";"8";"108";"166";"20";"23"
"29.11.2015 19:00:00";"4";"0";"313";"4,37";"16777216";"2033399";"12,12";"13";"145";"166";"13";"15"
"29.11.2015 19:05:00";"4";"0";"315";"4,39";"16777216";"2927624";"17,45";"13";"152";"166";"12";"14"
"29.11.2015 19:10:00";"4";"0";"294";"4,09";"16777216";"2212915";"13,19";"9";"127";"166";"25";"29"
"29.11.2015 19:15:00";"4";"0";"296";"4,12";"16777216";"1743153";"10,39";"6";"144";"166";"20";"23"
"29.11.2015 19:20:00";"4";"0";"304";"4,23";"16777216";"2189427";"13,05";"4";"135";"166";"22";"26"
"29.11.2015 19:25:00";"4";"0";"305";"4,25";"16777216";"2045143";"12,19";"5";"112";"166";"33";"38"
"29.11.2015 19:30:00";"4";"0";"286";"3,98";"16777216";"2145806";"12,79";"10";"134";"166";"23";"27"
"29.11.2015 19:35:00";"4";"0";"308";"4,29";"16777216";"1810262";"10,79";"17";"148";"166";"10";"11"
"29.11.2015 19:40:00";"4";"0";"277";"3,86";"16777216";"1944479";"11,59";"0";"133";"166";"7";"9"
"29.11.2015 19:45:00";"4";"0";"330";"4,59";"16777216";"2145806";"12,79";"13";"176";"166";"28";"14"
"29.11.2015 19:50:00";"4";"0";"349";"4,87";"16777216";"2313578";"13,79";"0";"165";"166";"32";"30"
"29.11.2015 19:55:00";"4";"0";"295";"4,11";"16777216";"1910925";"11,39";"0";"118";"166";"27";"31"
"29.11.2015 20:00:00";"4";"0";"866";"12,06";"16777216";"3991300";"23,79";"7055";"446";"166";"11";"13"
"29.11.2015 20:05:00";"4";"0";"1094";"15,24";"16777216";"6440773";"38,39";"48080";"1326";"166";"120";"32504"
"29.11.2015 20:10:00";"4";"0";"694";"9,67";"16777216";"5343543";"31,85";"25487";"278";"166";"3700";"15986"
"29.11.2015 20:15:00";"4";"0";"279";"3,89";"16777216";"4169138";"24,85";"48";"143";"166";"8";"9"
"29.11.2015 20:20:00";"4";"0";"326";"4,54";"16777216";"2558525";"15,25";"1126";"158";"166";"11";"12"
"29.11.2015 20:25:00";"4";"0";"260";"3,62";"16777216";"2424308";"14,45";"8";"128";"166";"2";"3"
"29.11.2015 20:30:00";"4";"0";"261";"3,64";"16777216";"1630745";"9,72";"9";"130";"166";"3";"4"
"29.11.2015 20:35:00";"4";"0";"303";"4,22";"16777216";"1944479";"11,59";"17";"148";"166";"6";"7"
"29.11.2015 20:40:00";"4";"0";"318";"4,43";"16777216";"2447796";"14,59";"23";"132";"166";"3";"5"
"29.11.2015 20:45:00";"4";"0";"360";"5,01";"16777216";"1820328";"10,85";"14";"191";"166";"29";"8"
"29.11.2015 20:50:00";"4";"0";"302";"4,22";"16777216";"2390753";"14,25";"8";"146";"166";"12";"12"
"29.11.2015 20:55:00";"4";"0";"282";"3,93";"16777216";"2536715";"15,12";"8";"117";"166";"16";"17"
"29.11.2015 21:00:00";"4";"0";"287";"4";"16777216";"2469606";"14,72";"8";"136";"166";"10";"12"
"29.11.2015 21:05:00";"4";"0";"406";"5,66";"16777216";"2759852";"16,45";"11";"456";"166";"56";"121"
"29.11.2015 21:10:00";"4";"0";"267";"3,72";"16777216";"1988100";"11,85";"3";"135";"166";"10";"11"
"29.11.2015 21:15:00";"4";"0";"264";"3,67";"16777216";"1954546";"11,65";"3";"132";"166";"6";"8"
"29.11.2015 21:20:00";"4";"0";"309";"4,31";"16777216";"2055209";"12,25";"3";"143";"166";"13";"13"
"29.11.2015 21:25:00";"4";"0";"251";"3,5";"16777216";"2088763";"12,45";"3";"113";"166";"4";"6"
"29.11.2015 21:30:00";"4";"0";"294";"4,09";"16777216";"2055209";"12,25";"3";"135";"166";"16";"17"
"29.11.2015 21:35:00";"4";"0";"297";"4,14";"16777216";"1932735";"11,52";"6";"149";"166";"9";"10"
"29.11.2015 21:40:00";"4";"0";"276";"3,84";"16777216";"2021655";"12,05";"5";"120";"166";"6";"7"
"29.11.2015 21:45:00";"4";"0";"391";"5,45";"16777216";"1853882";"11,05";"14";"196";"166";"63";"41"
"29.11.2015 21:50:00";"4";"0";"306";"4,26";"16777216";"2055209";"12,25";"4";"141";"166";"20";"23"
"29.11.2015 21:55:00";"4";"0";"269";"3,75";"16777216";"2246469";"13,39";"3";"116";"166";"20";"20"
"29.11.2015 22:00:00";"4";"0";"398";"5,54";"16777216";"2134062";"12,72";"375";"186";"166";"20";"23"
"29.11.2015 22:05:00";"4";"0";"306";"4,26";"16777216";"2884004";"17,19";"7";"171";"166";"9";"10"
"29.11.2015 22:10:00";"4";"0";"455";"6,34";"16777216";"2145806";"12,79";"110";"174";"166";"8";"9"
"29.11.2015 22:15:00";"4";"0";"277";"3,86";"16777216";"2994733";"17,85";"8";"178";"166";"10";"11"
"29.11.2015 22:20:00";"4";"0";"411";"5,72";"16777216";"2347132";"13,99";"8";"173";"166";"37";"38"
"29.11.2015 22:25:00";"4";"0";"268";"3,73";"16777216";"2548459";"15,19";"3";"140";"166";"13";"16"
"29.11.2015 22:30:00";"4";"0";"305";"4,25";"16777216";"1999844";"11,92";"8";"149";"166";"13";"16"
"29.11.2015 22:35:00";"4";"0";"281";"3,92";"16777216";"2301834";"13,72";"4";"161";"166";"6";"7"
"29.11.2015 22:40:00";"4";"0";"262";"3,65";"16777216";"2021655";"12,05";"3";"119";"166";"3";"5"
"29.11.2015 22:45:00";"4";"0";"262";"3,65";"16777216";"1978034";"11,79";"3";"129";"166";"5";"5"
"29.11.2015 22:50:00";"4";"0";"382";"5,33";"16777216";"2457862";"14,65";"17";"201";"166";"32";"12"
"29.11.2015 22:55:00";"4";"0";"295";"4,11";"16777216";"2222981";"13,25";"4";"142";"166";"4";"5"
"29.11.2015 23:00:00";"4";"0";"280";"3,9";"16777216";"2100508";"12,52";"4";"134";"166";"3";"4"
"29.11.2015 23:05:00";"4";"0";"300";"4,18";"16777216";"3588646";"21,39";"15";"157";"166";"4";"5"
"29.11.2015 23:10:00";"4";"0";"309";"4,31";"16777216";"2145806";"12,79";"23";"137";"166";"3";"4"
"29.11.2015 23:15:00";"4";"0";"268";"3,74";"16777216";"1877370";"11,19";"24";"142";"166";"2";"3"
"29.11.2015 23:20:00";"4";"0";"292";"4,07";"16777216";"2167616";"12,92";"2";"146";"166";"5";"6"
"29.11.2015 23:25:00";"4";"0";"245";"3,42";"16777216";"1853882";"11,05";"5";"114";"166";"2";"3"
"29.11.2015 23:30:00";"4";"0";"284";"3,95";"16777216";"1843816";"10,99";"4";"139";"166";"3";"4"
"29.11.2015 23:35:00";"4";"0";"280";"3,9";"16777216";"1988100";"11,85";"6";"147";"166";"4";"5"
"29.11.2015 23:40:00";"4";"0";"311";"4,33";"16777216";"1978034";"11,79";"18";"128";"166";"3";"4"
"29.11.2015 23:45:00";"4";"0";"289";"4,02";"16777216";"1753219";"10,45";"7";"141";"166";"3";"4"
"29.11.2015 23:50:00";"4";"0";"383";"5,33";"16777216";"2424308";"14,45";"10";"201";"166";"30";"10"
"29.11.2015 23:55:00";"4";"0";"389";"5,43";"16777216";"3464495";"20,65";"129";"126";"166";"2";"3"
"30.11.2015 00:00:00";"4";"0";"347";"4,84";"16777216";"2481350";"14,79";"11";"152";"166";"3";"4"
"30.11.2015 00:05:00";"4";"0";"462";"6,43";"16777216";"3732931";"22,25";"51";"460";"166";"59";"7"
"30.11.2015 00:10:00";"4";"0";"562";"7,83";"16777216";"2682677";"15,99";"81";"525";"166";"51";"6"
"30.11.2015 00:15:00";"4";"0";"639";"8,9";"16777216";"2649122";"15,79";"794";"350";"166";"60";"6"
"30.11.2015 00:20:00";"4";"0";"314";"4,37";"16777216";"2682677";"15,99";"7";"100";"166";"63";"8"
"30.11.2015 00:25:00";"4";"0";"1238";"17,24";"16777216";"2984667";"17,79";"886";"5238";"166";"33";"4"
"30.11.2015 00:30:00";"4";"0";"575";"8,01";"16777216";"4863715";"28,99";"91";"5950";"166";"3";"4"
"30.11.2015 00:35:00";"4";"0";"445";"6,2";"16777216";"3219548";"19,19";"98";"575";"166";"4";"5"
"30.11.2015 00:40:00";"4";"0";"263";"3,66";"16777216";"2112252";"12,59";"8";"81";"166";"3";"4"
"30.11.2015 00:45:00";"4";"0";"259";"3,61";"16777216";"1508272";"8,99";"8";"86";"166";"3";"3"
"30.11.2015 00:50:00";"4";"0";"289";"4,03";"16777216";"1877370";"11,19";"27";"94";"166";"5";"6"
"30.11.2015 00:55:00";"4";"0";"262";"3,65";"16777216";"2503161";"14,92";"5";"2009";"166";"2";"3"
"30.11.2015 01:00:00";"4";"0";"275";"3,84";"16777216";"2582014";"15,39";"5";"87";"166";"3";"4"
"30.11.2015 01:05:00";"4";"0";"1126";"15,69";"16777216";"3588646";"21,39";"5757";"304";"166";"62";"1890"
"30.11.2015 01:10:00";"4";"0";"276";"3,85";"16777216";"3689310";"21,99";"36";"163";"166";"3";"4"
"30.11.2015 01:15:00";"4";"0";"256";"3,57";"16777216";"2179360";"12,99";"23";"84";"166";"2";"4"
"30.11.2015 01:20:00";"4";"0";"295";"4,11";"16777216";"1743153";"10,39";"949";"90";"166";"5";"6"
"30.11.2015 01:25:00";"4";"0";"385";"5,36";"16777216";"1978034";"11,79";"3037";"197";"166";"18";"817"
"30.11.2015 01:30:00";"4";"0";"694";"9,67";"16777216";"4504683";"26,85";"3349";"288";"166";"25";"1730"
"30.11.2015 01:35:00";"4";"0";"285";"3,97";"16777216";"2469606";"14,72";"41";"94";"166";"5";"5"
"30.11.2015 01:40:00";"4";"0";"275";"3,83";"16777216";"1776707";"10,59";"26";"114";"166";"3";"4"
"30.11.2015 01:45:00";"4";"0";"264";"3,68";"16777216";"2290090";"13,65";"2";"98";"166";"3";"4"
"30.11.2015 01:50:00";"4";"0";"282";"3,93";"16777216";"1810262";"10,79";"69";"91";"166";"5";"6"
"30.11.2015 01:55:00";"4";"0";"341";"4,76";"16777216";"1999844";"11,92";"2";"134";"166";"28";"8"
"30.11.2015 02:00:00";"4";"0";"379";"5,28";"16777216";"1988100";"11,85";"491";"198";"166";"3";"4"
"30.11.2015 02:05:00";"4";"0";"306";"4,26";"16777216";"2984667";"17,79";"35";"151";"166";"4";"5"
"30.11.2015 02:10:00";"4";"0";"245";"3,42";"16777216";"1910925";"11,39";"0";"103";"166";"3";"4"
"30.11.2015 02:15:00";"4";"0";"265";"3,69";"16777216";"1910925";"11,39";"2";"97";"166";"2";"4"
"30.11.2015 02:20:00";"4";"0";"277";"3,86";"16777216";"2155872";"12,85";"7";"99";"166";"5";"6"
"30.11.2015 02:25:00";"4";"0";"231";"3,22";"16777216";"2201171";"13,12";"1";"83";"166";"2";"3"
"30.11.2015 02:30:00";"4";"0";"252";"3,51";"16777216";"1697854";"10,12";"0";"87";"166";"3";"4"
"30.11.2015 02:35:00";"4";"0";"283";"3,95";"16777216";"2759852";"16,45";"1";"105";"166";"6";"6"
"30.11.2015 02:40:00";"4";"0";"296";"4,13";"16777216";"2088763";"12,45";"3";"99";"166";"4";"5"
"30.11.2015 02:45:00";"4";"0";"247";"3,44";"16777216";"2122318";"12,65";"7";"91";"166";"2";"4"
"30.11.2015 02:50:00";"4";"0";"275";"3,84";"16777216";"1719665";"10,25";"0";"97";"166";"5";"6"
"30.11.2015 02:55:00";"4";"0";"237";"3,31";"16777216";"2011588";"11,99";"0";"82";"166";"2";"3"
"30.11.2015 03:00:00";"4";"0";"263";"3,66";"16777216";"1832072";"10,92";"2";"90";"166";"3";"4"
"30.11.2015 03:05:00";"4";"0";"577";"8,03";"16777216";"3028287";"18,05";"54";"375";"166";"4";"5"
"30.11.2015 03:10:00";"4";"0";"248";"3,46";"16777216";"2212915";"13,19";"8";"282";"166";"3";"4"
"30.11.2015 03:15:00";"4";"0";"267";"3,72";"16777216";"1810262";"10,79";"12";"95";"166";"2";"4"
"30.11.2015 03:20:00";"4";"0";"284";"3,96";"16777216";"2313578";"13,79";"9";"105";"166";"5";"6"
"30.11.2015 03:25:00";"4";"0";"234";"3,26";"16777216";"2066953";"12,32";"7";"87";"166";"2";"3"
"30.11.2015 03:30:00";"4";"0";"255";"3,55";"16777216";"1642489";"9,79";"8";"89";"166";"3";"4"
"30.11.2015 03:35:00";"4";"0";"278";"3,87";"16777216";"2234725";"13,32";"8";"102";"166";"5";"6"
"30.11.2015 03:40:00";"4";"0";"252";"3,51";"16777216";"1843816";"10,99";"8";"90";"166";"3";"4"
"30.11.2015 03:45:00";"4";"0";"295";"4,11";"16777216";"1899181";"11,32";"11";"104";"166";"3";"4"
"30.11.2015 03:50:00";"4";"0";"283";"3,95";"16777216";"2011588";"11,99";"25";"153";"166";"5";"6"
"30.11.2015 03:55:00";"4";"0";"236";"3,29";"16777216";"2659189";"15,85";"8";"83";"166";"2";"3"
"30.11.2015 04:00:00";"4";"0";"504";"7,02";"16777216";"3028287";"18,05";"563";"547";"166";"28";"8"
"30.11.2015 04:05:00";"4";"0";"358";"4,98";"16777216";"3454429";"20,59";"106";"334";"166";"4";"5"
"30.11.2015 04:10:00";"4";"0";"245";"3,41";"16777216";"2447796";"14,59";"19";"174";"166";"3";"4"
"30.11.2015 04:15:00";"4";"0";"289";"4,03";"16777216";"2268280";"13,52";"20";"115";"166";"3";"4"
"30.11.2015 04:20:00";"4";"0";"283";"3,94";"16777216";"2055209";"12,25";"20";"117";"166";"5";"6"
"30.11.2015 04:25:00";"4";"0";"294";"4,1";"16777216";"1944479";"11,59";"17";"107";"166";"2";"3"
"30.11.2015 04:30:00";"4";"0";"257";"3,59";"16777216";"1877370";"11,19";"8";"115";"166";"3";"4"
"30.11.2015 04:35:00";"4";"0";"333";"4,65";"16777216";"1865626";"11,12";"10";"163";"166";"29";"12"
"30.11.2015 04:40:00";"4";"0";"418";"5,83";"16777216";"2347132";"13,99";"18";"176";"166";"30";"10"
"30.11.2015 04:45:00";"4";"0";"339";"4,72";"16777216";"2055209";"12,25";"9";"168";"166";"26";"8"
"30.11.2015 04:50:00";"4";"0";"285";"3,98";"16777216";"2011588";"11,99";"8";"105";"166";"7";"6"
"30.11.2015 04:55:00";"4";"0";"248";"3,45";"16777216";"1944479";"11,59";"11";"100";"166";"2";"4"
"30.11.2015 05:00:00";"4";"0";"260";"3,63";"16777216";"1664300";"9,92";"8";"105";"166";"3";"4"
"30.11.2015 05:05:00";"4";"0";"526";"7,32";"16777216";"3387320";"20,19";"54";"1689";"166";"45";"525"
"30.11.2015 05:10:00";"4";"0";"247";"3,45";"16777216";"3185993";"18,99";"9";"113";"166";"3";"4"
"30.11.2015 05:15:00";"4";"0";"248";"3,45";"16777216";"2246469";"13,39";"9";"92";"166";"3";"4"
"30.11.2015 05:20:00";"4";"0";"281";"3,91";"16777216";"2347132";"13,99";"24";"96";"166";"5";"6"
"30.11.2015 05:25:00";"4";"0";"239";"3,34";"16777216";"1843816";"10,99";"7";"88";"166";"2";"3"
"30.11.2015 05:30:00";"4";"0";"261";"3,64";"16777216";"1944479";"11,59";"8";"96";"166";"3";"4"
"30.11.2015 05:35:00";"4";"0";"300";"4,18";"16777216";"2424308";"14,45";"11";"122";"166";"5";"6"
"30.11.2015 05:40:00";"4";"0";"324";"4,52";"16777216";"2313578";"13,79";"16";"130";"166";"4";"5"
"30.11.2015 05:45:00";"4";"0";"334";"4,66";"16777216";"2212915";"13,19";"10";"163";"166";"28";"8"
"30.11.2015 05:50:00";"4";"0";"277";"3,86";"16777216";"2011588";"11,99";"18";"102";"166";"5";"6"
"30.11.2015 05:55:00";"4";"0";"245";"3,41";"16777216";"2066953";"12,32";"8";"88";"166";"2";"3"
"30.11.2015 06:00:00";"4";"0";"381";"5,31";"16777216";"2469606";"14,72";"518";"265";"166";"3";"4"
"30.11.2015 06:05:00";"4";"0";"816";"11,37";"16777216";"4326844";"25,79";"83543";"913";"166";"20";"3596"
"30.11.2015 06:10:00";"4";"0";"328";"4,58";"16777216";"5165705";"30,79";"8433";"140";"166";"41";"74"
"30.11.2015 06:15:00";"4";"0";"252";"3,52";"16777216";"2850449";"16,99";"56";"98";"166";"2";"4"
"30.11.2015 06:20:00";"4";"0";"281";"3,92";"16777216";"2212915";"13,19";"104";"97";"166";"5";"6"
"30.11.2015 06:25:00";"4";"0";"236";"3,29";"16777216";"2011588";"11,99";"7";"84";"166";"2";"3"
"30.11.2015 06:30:00";"4";"0";"261";"3,64";"16777216";"1608935";"9,59";"8";"99";"166";"3";"4"
"30.11.2015 06:35:00";"4";"0";"314";"4,38";"16777216";"2100508";"12,52";"289";"113";"166";"7";"8"
"30.11.2015 06:40:00";"4";"0";"274";"3,82";"16777216";"2222981";"13,25";"9";"105";"166";"4";"5"
"30.11.2015 06:45:00";"4";"0";"331";"4,62";"16777216";"1966290";"11,72";"17";"153";"166";"26";"7"
"30.11.2015 06:50:00";"4";"0";"298";"4,15";"16777216";"2011588";"11,99";"530";"115";"166";"7";"6"
"30.11.2015 06:55:00";"4";"0";"235";"3,27";"16777216";"2155872";"12,85";"8";"88";"166";"2";"3"
"30.11.2015 07:00:00";"4";"0";"263";"3,66";"16777216";"1608935";"9,59";"9";"101";"166";"3";"4"
"30.11.2015 07:05:00";"4";"0";"281";"3,92";"16777216";"3028287";"18,05";"12";"111";"166";"4";"5"
"30.11.2015 07:10:00";"4";"0";"243";"3,39";"16777216";"2033399";"12,12";"8";"103";"166";"3";"4"
"30.11.2015 07:15:00";"4";"0";"254";"3,54";"16777216";"1451229";"8,65";"11";"102";"166";"2";"4"
"30.11.2015 07:20:00";"4";"0";"282";"3,93";"16777216";"1810262";"10,79";"13";"106";"166";"5";"6"
"30.11.2015 07:25:00";"4";"0";"237";"3,3";"16777216";"2011588";"11,99";"7";"87";"166";"2";"3"
"30.11.2015 07:30:00";"4";"0";"261";"3,63";"16777216";"2055209";"12,25";"10";"101";"166";"3";"4"
"30.11.2015 07:35:00";"4";"0";"290";"4,04";"16777216";"2268280";"13,52";"14";"125";"166";"5";"6"
"30.11.2015 07:40:00";"4";"0";"255";"3,56";"16777216";"2145806";"12,79";"7";"112";"166";"3";"4"
"30.11.2015 07:45:00";"4";"0";"333";"4,65";"16777216";"1877370";"11,19";"18";"150";"166";"26";"8"
"30.11.2015 07:50:00";"4";"0";"279";"3,89";"16777216";"1899181";"11,32";"3";"108";"166";"7";"6"
"30.11.2015 07:55:00";"4";"0";"239";"3,33";"16777216";"2212915";"13,19";"0";"88";"166";"2";"3"
"30.11.2015 08:00:00";"4";"0";"334";"4,66";"16777216";"2078697";"12,39";"47";"124";"166";"3";"4"
"30.11.2015 08:05:00";"4";"0";"303";"4,22";"16777216";"2692743";"16,05";"2";"136";"166";"4";"5"
"30.11.2015 08:10:00";"4";"0";"251";"3,51";"16777216";"2592080";"15,45";"1";"116";"166";"3";"4"
"30.11.2015 08:15:00";"4";"0";"273";"3,8";"16777216";"2167616";"12,92";"4";"118";"166";"2";"4"
"30.11.2015 08:20:00";"4";"0";"383";"5,33";"16777216";"2390753";"14,25";"329";"565";"166";"5";"6"
"30.11.2015 08:25:00";"4";"0";"263";"3,66";"16777216";"2424308";"14,45";"8";"524";"166";"2";"4"
"30.11.2015 08:30:00";"4";"0";"255";"3,55";"16777216";"2155872";"12,85";"9";"119";"166";"3";"4"
"30.11.2015 08:35:00";"4";"0";"281";"3,92";"16777216";"1899181";"11,32";"3";"119";"166";"5";"6"
"30.11.2015 08:40:00";"4";"0";"300";"4,18";"16777216";"1676044";"9,99";"6";"109";"166";"3";"4"
"30.11.2015 08:45:00";"4";"0";"341";"4,75";"16777216";"1676044";"9,99";"2";"163";"166";"26";"8"
"30.11.2015 08:50:00";"4";"0";"278";"3,87";"16777216";"2749786";"16,39";"5";"115";"166";"7";"6"
"30.11.2015 08:55:00";"4";"0";"240";"3,35";"16777216";"2524971";"15,05";"5";"88";"166";"2";"3"
"30.11.2015 09:00:00";"4";"0";"272";"3,78";"16777216";"1877370";"11,19";"2";"109";"166";"3";"4"
"30.11.2015 09:05:00";"4";"0";"470";"6,55";"16777216";"3107140";"18,52";"10";"1258";"166";"44";"375"
"30.11.2015 09:10:00";"4";"0";"240";"3,34";"16777216";"2826961";"16,85";"0";"103";"166";"3";"4"
"30.11.2015 09:15:00";"4";"0";"262";"3,66";"16777216";"1944479";"11,59";"3";"110";"166";"2";"3"
"30.11.2015 09:20:00";"4";"0";"286";"3,99";"16777216";"2368943";"14,12";"0";"122";"166";"5";"6"
"30.11.2015 09:25:00";"4";"0";"241";"3,36";"16777216";"1731409";"10,32";"0";"97";"166";"2";"3"
"30.11.2015 09:30:00";"4";"0";"271";"3,78";"16777216";"1608935";"9,59";"0";"113";"166";"3";"4"
"30.11.2015 09:35:00";"4";"0";"298";"4,16";"16777216";"1978034";"11,79";"0";"139";"166";"5";"6"
"30.11.2015 09:40:00";"4";"0";"267";"3,72";"16777216";"1709598";"10,19";"0";"111";"166";"3";"4"
"30.11.2015 09:45:00";"4";"0";"370";"5,15";"16777216";"2112252";"12,59";"14";"182";"166";"28";"8"
"30.11.2015 09:50:00";"4";"0";"286";"3,99";"16777216";"2481350";"14,79";"1";"140";"166";"5";"6"
"30.11.2015 09:55:00";"4";"0";"245";"3,41";"16777216";"2201171";"13,12";"0";"113";"166";"2";"3"
"30.11.2015 10:00:00";"4";"0";"415";"5,78";"16777216";"1920991";"11,45";"185";"178";"166";"3";"4"
"30.11.2015 10:05:00";"4";"0";"304";"4,24";"16777216";"3196060";"19,05";"0";"159";"166";"4";"5"
"30.11.2015 10:10:00";"4";"0";"240";"3,34";"16777216";"2155872";"12,85";"0";"118";"166";"2";"4"
"30.11.2015 10:15:00";"4";"0";"271";"3,78";"16777216";"2021655";"12,05";"14";"116";"166";"2";"3"
"30.11.2015 10:20:00";"4";"0";"544";"7,58";"16777216";"2436052";"14,52";"30";"123";"166";"5";"6"
"30.11.2015 10:25:00";"4";"0";"231";"3,21";"16777216";"2155872";"12,85";"7";"98";"166";"2";"3"
"30.11.2015 10:30:00";"4";"0";"263";"3,66";"16777216";"2179360";"12,99";"10";"108";"166";"3";"4"
"30.11.2015 10:35:00";"4";"0";"262";"3,65";"16777216";"1642489";"9,79";"9";"115";"166";"4";"5"
"30.11.2015 10:40:00";"4";"0";"246";"3,42";"16777216";"1776707";"10,59";"8";"92";"166";"3";"4"
"30.11.2015 10:45:00";"4";"0";"255";"3,56";"16777216";"1776707";"10,59";"9";"110";"166";"2";"3"
"30.11.2015 10:50:00";"4";"0";"270";"3,77";"16777216";"1853882";"11,05";"8";"108";"166";"5";"6"
"30.11.2015 10:55:00";"4";"0";"234";"3,26";"16777216";"1978034";"11,79";"7";"92";"166";"2";"3"
"30.11.2015 11:00:00";"4";"0";"283";"3,94";"16777216";"2122318";"12,65";"12";"123";"166";"3";"4"
"30.11.2015 11:05:00";"4";"0";"304";"4,24";"16777216";"2805150";"16,72";"16";"145";"166";"4";"5"
"30.11.2015 11:10:00";"4";"0";"268";"3,73";"16777216";"2189427";"13,05";"13";"134";"166";"2";"4"
"30.11.2015 11:15:00";"4";"0";"275";"3,83";"16777216";"2088763";"12,45";"13";"144";"166";"2";"4"
"30.11.2015 11:20:00";"4";"0";"290";"4,04";"16777216";"1988100";"11,85";"8";"129";"166";"5";"6"
"30.11.2015 11:25:00";"4";"0";"249";"3,47";"16777216";"2234725";"13,32";"8";"107";"166";"2";"3"
"30.11.2015 11:30:00";"4";"0";"251";"3,5";"16777216";"1978034";"11,79";"7";"111";"166";"3";"4"
"30.11.2015 11:35:00";"4";"0";"288";"4,02";"16777216";"1999844";"11,92";"10";"126";"166";"5";"6"
"30.11.2015 11:40:00";"4";"0";"300";"4,19";"16777216";"1652556";"9,85";"8";"119";"166";"3";"4"
"30.11.2015 11:45:00";"4";"0";"278";"3,88";"16777216";"1776707";"10,59";"11";"139";"166";"3";"4"
"30.11.2015 11:50:00";"4";"0";"361";"5,04";"16777216";"2347132";"13,99";"11";"166";"166";"30";"10"
"30.11.2015 11:55:00";"4";"0";"366";"5,1";"16777216";"2201171";"13,12";"26";"181";"166";"2";"3"
"30.11.2015 12:00:00";"4";"0";"383";"5,34";"16777216";"1978034";"11,79";"12";"172";"166";"3";"4"
"30.11.2015 12:05:00";"4";"0";"1406";"19,57";"16777216";"3744675";"22,32";"85";"1069";"166";"4";"5"
"30.11.2015 12:10:00";"4";"0";"274";"3,82";"16777216";"3152439";"18,79";"9";"1166";"166";"3";"4"
"30.11.2015 12:15:00";"4";"0";"291";"4,05";"16777216";"2088763";"12,45";"17";"149";"166";"2";"4"
"30.11.2015 12:20:00";"4";"0";"312";"4,35";"16777216";"2503161";"14,92";"160";"150";"166";"5";"5"
"30.11.2015 12:25:00";"4";"0";"270";"3,76";"16777216";"2570269";"15,32";"12";"134";"166";"2";"3"
"30.11.2015 12:30:00";"4";"0";"275";"3,83";"16777216";"1910925";"11,39";"19";"129";"166";"3";"4"
"30.11.2015 12:35:00";"4";"0";"284";"3,96";"16777216";"2155872";"12,85";"14";"134";"166";"5";"5"
"30.11.2015 12:40:00";"4";"0";"281";"3,91";"16777216";"2256536";"13,45";"11";"126";"166";"3";"4"
"30.11.2015 12:45:00";"4";"0";"240";"3,34";"16777216";"1832072";"10,92";"7";"116";"166";"2";"3"
"30.11.2015 12:50:00";"4";"0";"360";"5,01";"16777216";"2066953";"12,32";"10";"156";"166";"25";"10"
"30.11.2015 12:55:00";"4";"0";"271";"3,78";"16777216";"2390753";"14,25";"8";"118";"166";"8";"4"
"30.11.2015 13:00:00";"4";"0";"259";"3,61";"16777216";"1887437";"11,25";"7";"109";"166";"3";"4"
"30.11.2015 13:05:00";"4";"0";"590";"8,22";"16777216";"3867148";"23,05";"55";"2183";"166";"45";"602"
"30.11.2015 13:10:00";"4";"0";"250";"3,49";"16777216";"3207804";"19,12";"7";"114";"166";"3";"4"
"30.11.2015 13:15:00";"4";"0";"266";"3,7";"16777216";"2167616";"12,92";"16";"117";"166";"2";"3"
"30.11.2015 13:20:00";"4";"0";"289";"4,03";"16777216";"2424308";"14,45";"18";"125";"166";"5";"6"
"30.11.2015 13:25:00";"4";"0";"239";"3,34";"16777216";"1843816";"10,99";"7";"104";"166";"2";"3"
"30.11.2015 13:30:00";"4";"0";"318";"4,43";"16777216";"1686110";"10,05";"16";"134";"166";"3";"4"
"30.11.2015 13:35:00";"4";"0";"293";"4,09";"16777216";"1988100";"11,85";"15";"151";"166";"5";"6"
"30.11.2015 13:40:00";"4";"0";"280";"3,9";"16777216";"1786773";"10,65";"8";"124";"166";"3";"4"
"30.11.2015 13:45:00";"4";"0";"340";"4,75";"16777216";"1966290";"11,72";"10";"175";"166";"28";"8"
"30.11.2015 13:50:00";"4";"0";"276";"3,85";"16777216";"2011588";"11,99";"7";"107";"166";"5";"6"
"30.11.2015 13:55:00";"4";"0";"245";"3,42";"16777216";"1910925";"11,39";"15";"100";"166";"2";"3"
"30.11.2015 14:00:00";"4";"0";"440";"6,12";"16777216";"2134062";"12,72";"23";"171";"166";"3";"4"
"30.11.2015 14:05:00";"4";"0";"288";"4,01";"16777216";"2805150";"16,72";"9";"155";"166";"4";"5"
"30.11.2015 14:10:00";"4";"0";"262";"3,65";"16777216";"2100508";"12,52";"11";"121";"166";"2";"4"
"30.11.2015 14:15:00";"4";"0";"253";"3,52";"16777216";"1978034";"11,79";"10";"120";"166";"2";"3"
"30.11.2015 14:20:00";"4";"0";"305";"4,25";"16777216";"1731409";"10,32";"13";"129";"166";"5";"6"
"30.11.2015 14:25:00";"4";"0";"256";"3,56";"16777216";"2011588";"11,99";"15";"121";"166";"2";"3"
"30.11.2015 14:30:00";"4";"0";"276";"3,84";"16777216";"1978034";"11,79";"12";"129";"166";"3";"4"
"30.11.2015 14:35:00";"4";"0";"281";"3,92";"16777216";"1753219";"10,45";"8";"148";"166";"5";"6"
"30.11.2015 14:40:00";"4";"0";"304";"4,24";"16777216";"2201171";"13,12";"10";"120";"166";"3";"4"
"30.11.2015 14:45:00";"4";"0";"356";"4,96";"16777216";"2380687";"14,19";"13";"194";"166";"28";"8"
"30.11.2015 14:50:00";"4";"0";"270";"3,76";"16777216";"2167616";"12,92";"8";"134";"166";"5";"5"
"30.11.2015 14:55:00";"4";"0";"233";"3,25";"16777216";"2201171";"13,12";"7";"101";"166";"2";"3"
"30.11.2015 15:00:00";"4";"0";"258";"3,59";"16777216";"1518338";"9,05";"8";"125";"166";"3";"4"
"30.11.2015 15:05:00";"4";"0";"293";"4,08";"16777216";"2436052";"14,52";"12";"140";"166";"4";"5"
"30.11.2015 15:10:00";"4";"0";"280";"3,9";"16777216";"1978034";"11,79";"13";"153";"166";"3";"4"
"30.11.2015 15:15:00";"4";"0";"247";"3,45";"16777216";"2155872";"12,85";"9";"143";"166";"2";"3"
"30.11.2015 15:20:00";"4";"0";"274";"3,81";"16777216";"2134062";"12,72";"7";"126";"166";"5";"5"
"30.11.2015 15:25:00";"4";"0";"398";"5,54";"16777216";"2212915";"13,19";"325";"143";"166";"2";"3"
"30.11.2015 15:30:00";"4";"0";"288";"4,01";"16777216";"2078697";"12,39";"13";"162";"166";"3";"4"
"30.11.2015 15:35:00";"4";"0";"277";"3,86";"16777216";"2122318";"12,65";"8";"163";"166";"5";"6"
"30.11.2015 15:40:00";"4";"0";"283";"3,94";"16777216";"2055209";"12,25";"10";"133";"166";"3";"4"
"30.11.2015 15:45:00";"4";"0";"323";"4,51";"16777216";"2189427";"13,05";"9";"185";"166";"26";"7"
"30.11.2015 15:50:00";"4";"0";"305";"4,26";"16777216";"2280024";"13,59";"11";"146";"166";"7";"6"
"30.11.2015 15:55:00";"4";"0";"255";"3,56";"16777216";"2011588";"11,99";"11";"139";"166";"2";"3"
"30.11.2015 16:00:00";"4";"0";"398";"5,55";"16777216";"2055209";"12,25";"15";"166";"166";"3";"4"
"30.11.2015 16:05:00";"4";"0";"287";"4";"16777216";"2783340";"16,59";"25";"168";"166";"4";"5"
"30.11.2015 16:10:00";"4";"0";"258";"3,6";"16777216";"2112252";"12,59";"9";"120";"166";"2";"4"
"30.11.2015 16:15:00";"4";"0";"268";"3,73";"16777216";"2045143";"12,19";"36";"151";"166";"2";"3"
"30.11.2015 16:20:00";"4";"0";"295";"4,11";"16777216";"2145806";"12,79";"11";"153";"166";"5";"5"
"30.11.2015 16:25:00";"4";"0";"236";"3,29";"16777216";"2145806";"12,79";"7";"118";"166";"2";"3"
"30.11.2015 16:30:00";"4";"0";"255";"3,55";"16777216";"2402497";"14,32";"8";"123";"166";"3";"4"
"30.11.2015 16:35:00";"4";"0";"298";"4,15";"16777216";"2558525";"15,25";"18";"151";"166";"5";"6"
"30.11.2015 16:40:00";"4";"0";"265";"3,69";"16777216";"2246469";"13,39";"7";"132";"166";"3";"4"
"30.11.2015 16:45:00";"4";"0";"353";"4,92";"16777216";"2066953";"12,32";"14";"190";"166";"29";"9"
"30.11.2015 16:50:00";"4";"0";"333";"4,64";"16777216";"2603824";"15,52";"227";"146";"166";"6";"7"
"30.11.2015 16:55:00";"4";"0";"244";"3,4";"16777216";"3342021";"19,92";"7";"114";"166";"3";"4"
"30.11.2015 17:00:00";"4";"0";"285";"3,97";"16777216";"2280024";"13,59";"12";"148";"166";"3";"5"
"30.11.2015 17:05:00";"4";"0";"483";"6,73";"16777216";"3622201";"21,59";"17";"1272";"166";"44";"383"
"30.11.2015 17:10:00";"4";"0";"271";"3,77";"16777216";"2716231";"16,19";"25";"138";"166";"3";"4"
"30.11.2015 17:15:00";"4";"0";"261";"3,64";"16777216";"1978034";"11,79";"2";"147";"166";"3";"5"
"30.11.2015 17:20:00";"4";"0";"285";"3,98";"16777216";"2122318";"12,65";"0";"141";"166";"5";"6"
"30.11.2015 17:25:00";"4";"0";"304";"4,23";"16777216";"2347132";"13,99";"4";"158";"166";"2";"3"
"30.11.2015 17:30:00";"4";"0";"283";"3,95";"16777216";"1944479";"11,59";"1";"164";"166";"3";"4"
"30.11.2015 17:35:00";"4";"0";"294";"4,1";"16777216";"1988100";"11,85";"2";"154";"166";"5";"6"
"30.11.2015 17:40:00";"4";"0";"293";"4,09";"16777216";"2179360";"12,99";"4";"126";"166";"3";"4"
"30.11.2015 17:45:00";"4";"0";"274";"3,81";"16777216";"2313578";"13,79";"6";"140";"166";"3";"4"
"30.11.2015 17:50:00";"4";"0";"349";"4,87";"16777216";"2347132";"13,99";"1";"183";"166";"30";"10"
"30.11.2015 17:55:00";"4";"0";"237";"3,31";"16777216";"2179360";"12,99";"0";"107";"166";"2";"3"
"30.11.2015 18:00:00";"4";"0";"337";"4,7";"16777216";"2078697";"12,39";"55";"150";"166";"3";"4"
"30.11.2015 18:05:00";"4";"0";"295";"4,11";"16777216";"2884004";"17,19";"2";"162";"166";"4";"5"
"30.11.2015 18:10:00";"4";"0";"266";"3,71";"16777216";"1944479";"11,59";"1";"121";"166";"2";"4"
"30.11.2015 18:15:00";"4";"0";"294";"4,1";"16777216";"1910925";"11,39";"14";"151";"166";"2";"3"
"30.11.2015 18:20:00";"4";"0";"285";"3,97";"16777216";"1743153";"10,39";"17";"148";"166";"5";"5"
"30.11.2015 18:25:00";"4";"0";"258";"3,59";"16777216";"2112252";"12,59";"4";"129";"166";"2";"3"
"30.11.2015 18:30:00";"4";"0";"264";"3,67";"16777216";"1910925";"11,39";"9";"144";"166";"3";"4"
"30.11.2015 18:35:00";"4";"0";"349";"4,86";"16777216";"2179360";"12,99";"8";"153";"166";"56";"57"
"30.11.2015 18:40:00";"4";"0";"330";"4,6";"16777216";"1877370";"11,19";"9";"121";"166";"55";"57"
"30.11.2015 18:45:00";"4";"0";"274";"3,82";"16777216";"2246469";"13,39";"9";"137";"166";"15";"16"
"30.11.2015 18:50:00";"4";"0";"300";"4,18";"16777216";"2212915";"13,19";"8";"184";"166";"49";"18"
"30.11.2015 18:55:00";"4";"0";"265";"3,7";"16777216";"2179360";"12,99";"8";"105";"166";"22";"26"
"30.11.2015 19:00:00";"4";"0";"317";"4,42";"16777216";"1597191";"9,52";"13";"146";"166";"15";"18"
"30.11.2015 19:05:00";"4";"0";"292";"4,07";"16777216";"2536715";"15,12";"7";"144";"166";"12";"13"
"30.11.2015 19:10:00";"4";"0";"286";"3,98";"16777216";"1843816";"10,99";"9";"135";"166";"21";"25"
"30.11.2015 19:15:00";"4";"0";"278";"3,87";"16777216";"2222981";"13,25";"1";"139";"166";"21";"23"
"30.11.2015 19:20:00";"4";"0";"308";"4,29";"16777216";"2347132";"13,99";"0";"136";"166";"27";"31"
"30.11.2015 19:25:00";"4";"0";"272";"3,79";"16777216";"2100508";"12,52";"0";"108";"166";"24";"27"
"30.11.2015 19:30:00";"4";"0";"303";"4,22";"16777216";"1887437";"11,25";"2";"136";"166";"31";"37"
"30.11.2015 19:35:00";"4";"0";"292";"4,07";"16777216";"1966290";"11,72";"6";"148";"166";"10";"11"
"30.11.2015 19:40:00";"4";"0";"269";"3,74";"16777216";"1731409";"10,32";"7";"139";"166";"7";"8"
"30.11.2015 19:45:00";"4";"0";"262";"3,65";"16777216";"1820328";"10,85";"7";"137";"166";"6";"8"
"30.11.2015 19:50:00";"4";"0";"395";"5,5";"16777216";"2021655";"12,05";"12";"198";"166";"51";"32"
"30.11.2015 19:55:00";"4";"0";"279";"3,88";"16777216";"2335388";"13,92";"7";"124";"166";"28";"32"
"30.11.2015 20:00:00";"4";"0";"886";"12,34";"16777216";"3085330";"18,39";"5025";"1025";"166";"14";"17"
"30.11.2015 20:05:00";"4";"0";"877";"12,22";"16777216";"6440773";"38,39";"89891";"1844";"166";"70";"5767"
"30.11.2015 20:10:00";"4";"0";"280";"3,9";"16777216";"5187515";"30,92";"61";"132";"166";"6";"7"
"30.11.2015 20:15:00";"4";"0";"332";"4,63";"16777216";"2872260";"17,12";"155";"153";"166";"13";"13"
"30.11.2015 20:20:00";"4";"0";"314";"4,38";"16777216";"2189427";"13,05";"138";"159";"166";"12";"14"
"30.11.2015 20:25:00";"4";"0";"242";"3,38";"16777216";"2134062";"12,72";"8";"131";"166";"3";"4"
"30.11.2015 20:30:00";"4";"0";"262";"3,65";"16777216";"1664300";"9,92";"8";"129";"166";"3";"4"
"30.11.2015 20:35:00";"4";"0";"286";"3,99";"16777216";"1853882";"11,05";"10";"143";"166";"5";"6"
"30.11.2015 20:40:00";"4";"0";"318";"4,43";"16777216";"1899181";"11,32";"25";"130";"166";"4";"6"
"30.11.2015 20:45:00";"4";"0";"336";"4,68";"16777216";"2189427";"13,05";"10";"185";"166";"28";"8"
"30.11.2015 20:50:00";"4";"0";"289";"4,03";"16777216";"2301834";"13,72";"9";"132";"166";"9";"10"
"30.11.2015 20:55:00";"4";"0";"255";"3,55";"16777216";"2122318";"12,65";"8";"117";"166";"9";"10"
"30.11.2015 21:00:00";"4";"0";"283";"3,94";"16777216";"2212915";"13,19";"8";"133";"166";"17";"20"
"30.11.2015 21:05:00";"4";"0";"397";"5,53";"16777216";"2805150";"16,72";"25";"458";"166";"56";"123"
"30.11.2015 21:10:00";"4";"0";"246";"3,42";"16777216";"2402497";"14,32";"1";"126";"166";"6";"7"
"30.11.2015 21:15:00";"4";"0";"252";"3,52";"16777216";"1954546";"11,65";"2";"131";"166";"7";"8"
"30.11.2015 21:20:00";"4";"0";"294";"4,1";"16777216";"2033399";"12,12";"2";"139";"166";"13";"15"
"30.11.2015 21:25:00";"4";"0";"247";"3,44";"16777216";"2268280";"13,52";"1";"120";"166";"8";"8"
"30.11.2015 21:30:00";"4";"0";"283";"3,95";"16777216";"1932735";"11,52";"2";"134";"166";"16";"17"
"30.11.2015 21:35:00";"4";"0";"287";"4";"16777216";"1944479";"11,59";"3";"145";"166";"8";"8"
"30.11.2015 21:40:00";"4";"0";"267";"3,72";"16777216";"2134062";"12,72";"2";"127";"166";"6";"7"
"30.11.2015 21:45:00";"4";"0";"385";"5,37";"16777216";"1910925";"11,39";"3";"198";"166";"63";"41"
"30.11.2015 21:50:00";"4";"0";"292";"4,06";"16777216";"2256536";"13,45";"1";"136";"166";"18";"21"
"30.11.2015 21:55:00";"4";"0";"263";"3,67";"16777216";"1843816";"10,99";"1";"114";"166";"20";"21"
"30.11.2015 22:00:00";"4";"0";"370";"5,16";"16777216";"2045143";"12,19";"52";"151";"166";"21";"23"
"30.11.2015 22:05:00";"4";"0";"836";"11,64";"16777216";"4662388";"27,79";"2741";"384";"166";"7";"8"
"30.11.2015 22:10:00";"4";"0";"259";"3,61";"16777216";"3722864";"22,19";"3";"301";"166";"3";"4"
"30.11.2015 22:15:00";"4";"0";"266";"3,71";"16777216";"2268280";"13,52";"5";"133";"166";"7";"8"
"30.11.2015 22:20:00";"4";"0";"380";"5,29";"16777216";"2670933";"15,92";"17";"170";"166";"14";"15"
"30.11.2015 22:25:00";"4";"0";"300";"4,18";"16777216";"2816895";"16,79";"5";"156";"166";"29";"29"
"30.11.2015 22:30:00";"4";"0";"315";"4,39";"16777216";"2011588";"11,99";"8";"147";"166";"19";"22"
"30.11.2015 22:35:00";"4";"0";"292";"4,07";"16777216";"2280024";"13,59";"3";"151";"166";"12";"14"
"30.11.2015 22:40:00";"4";"0";"273";"3,8";"16777216";"2347132";"13,99";"4";"131";"166";"8";"9"
"30.11.2015 22:45:00";"4";"0";"265";"3,7";"16777216";"2112252";"12,59";"4";"131";"166";"3";"4"
"30.11.2015 22:50:00";"4";"0";"300";"4,18";"16777216";"2246469";"13,39";"4";"139";"166";"6";"7"
"30.11.2015 22:55:00";"4";"0";"322";"4,49";"16777216";"1988100";"11,85";"4";"164";"166";"28";"10"
"30.11.2015 23:00:00";"4";"0";"368";"5,13";"16777216";"2380687";"14,19";"20";"160";"166";"7";"6"
"30.11.2015 23:05:00";"4";"0";"306";"4,26";"16777216";"2816895";"16,79";"39";"159";"166";"4";"5"
"30.11.2015 23:10:00";"4";"0";"308";"4,29";"16777216";"2179360";"12,99";"23";"143";"166";"3";"4"
"30.11.2015 23:15:00";"4";"0";"273";"3,8";"16777216";"1910925";"11,39";"4";"141";"166";"2";"3"
"30.11.2015 23:20:00";"4";"0";"301";"4,2";"16777216";"2582014";"15,39";"8";"143";"166";"5";"5"
"30.11.2015 23:25:00";"4";"0";"252";"3,51";"16777216";"2246469";"13,39";"10";"123";"166";"2";"3"
"30.11.2015 23:30:00";"4";"0";"284";"3,96";"16777216";"1877370";"11,19";"10";"142";"166";"3";"4"
"30.11.2015 23:35:00";"4";"0";"279";"3,88";"16777216";"1910925";"11,39";"2";"148";"166";"5";"5"
"30.11.2015 23:40:00";"4";"0";"308";"4,3";"16777216";"1877370";"11,19";"1";"127";"166";"3";"4"
"30.11.2015 23:45:00";"4";"0";"272";"3,79";"16777216";"1843816";"10,99";"0";"148";"166";"3";"4"
"30.11.2015 23:50:00";"4";"0";"368";"5,13";"16777216";"2290090";"13,65";"1";"192";"166";"30";"10"
"30.11.2015 23:55:00";"4";"0";"267";"3,72";"16777216";"2380687";"14,19";"1";"132";"166";"2";"3"
"01.12.2015 00:00:00";"4";"0";"350";"4,88";"16777216";"2280024";"13,59";"7";"154";"166";"3";"4"
"01.12.2015 00:05:00";"4";"0";"469";"6,53";"16777216";"4169138";"24,85";"40";"474";"166";"63";"7"
"01.12.2015 00:10:00";"4";"0";"569";"7,93";"16777216";"2726298";"16,25";"73";"533";"166";"52";"5"
"01.12.2015 00:15:00";"4";"0";"825";"11,5";"16777216";"4404019";"26,25";"827";"563";"166";"63";"5"
"01.12.2015 00:20:00";"4";"0";"325";"4,52";"16777216";"2860515";"17,05";"9";"209";"166";"70";"8"
"01.12.2015 00:25:00";"4";"0";"656";"9,14";"16777216";"3331955";"19,86";"70";"3882";"166";"58";"5"
"01.12.2015 00:30:00";"4";"0";"814";"11,33";"16777216";"3498050";"20,85";"7479";"812";"166";"127";"2442"
"01.12.2015 00:35:00";"4";"0";"1529";"21,29";"16777216";"5544870";"33,05";"715";"3895";"166";"22";"6"
"01.12.2015 00:40:00";"4";"0";"286";"3,98";"16777216";"4202692";"25,05";"15";"834";"166";"3";"4"
"01.12.2015 00:45:00";"4";"0";"259";"3,61";"16777216";"2524971";"15,05";"9";"91";"166";"2";"3"
"01.12.2015 00:50:00";"4";"0";"297";"4,13";"16777216";"2222981";"13,25";"942";"86";"166";"5";"5"
"01.12.2015 00:55:00";"4";"0";"244";"3,41";"16777216";"2078697";"12,39";"29";"83";"166";"2";"3"
"01.12.2015 01:00:00";"4";"0";"269";"3,75";"16777216";"2055209";"12,25";"9";"86";"166";"3";"4"
"01.12.2015 01:05:00";"4";"0";"992";"13,82";"16777216";"3979556";"23,72";"4272";"1157";"166";"53";"1312"
"01.12.2015 01:10:00";"4";"0";"269";"3,76";"16777216";"4147328";"24,72";"29";"211";"166";"2";"4"
"01.12.2015 01:15:00";"4";"0";"257";"3,58";"16777216";"2222981";"13,25";"22";"90";"166";"2";"3"
"01.12.2015 01:20:00";"4";"0";"305";"4,25";"16777216";"1899181";"11,32";"910";"102";"166";"5";"6"
"01.12.2015 01:25:00";"4";"0";"258";"3,59";"16777216";"2514905";"14,99";"10";"80";"166";"2";"3"
"01.12.2015 01:30:00";"4";"0";"280";"3,91";"16777216";"1753219";"10,45";"9";"87";"166";"3";"4"
"01.12.2015 01:35:00";"4";"0";"292";"4,06";"16777216";"1676044";"9,99";"15";"94";"166";"4";"5"
"01.12.2015 01:40:00";"4";"0";"277";"3,85";"16777216";"1731409";"10,32";"30";"104";"166";"3";"4"
"01.12.2015 01:45:00";"4";"0";"264";"3,68";"16777216";"1978034";"11,79";"9";"97";"166";"3";"4"
"01.12.2015 01:50:00";"4";"0";"295";"4,11";"16777216";"1932735";"11,52";"9";"89";"166";"5";"6"
"01.12.2015 01:55:00";"4";"0";"333";"4,64";"16777216";"1978034";"11,79";"11";"123";"166";"24";"7"
"01.12.2015 02:00:00";"4";"0";"603";"8,4";"16777216";"3241358";"19,32";"1765";"822";"166";"7";"5"
"01.12.2015 02:05:00";"4";"0";"305";"4,25";"16777216";"3498050";"20,85";"110";"403";"166";"4";"5"
"01.12.2015 02:10:00";"4";"0";"244";"3,4";"16777216";"2290090";"13,65";"8";"101";"166";"2";"4"
"01.12.2015 02:15:00";"4";"0";"262";"3,66";"16777216";"1966290";"11,72";"11";"93";"166";"2";"3"
"01.12.2015 02:20:00";"4";"0";"276";"3,85";"16777216";"2167616";"12,92";"9";"101";"166";"5";"5"
"01.12.2015 02:25:00";"4";"0";"233";"3,24";"16777216";"1585447";"9,45";"7";"81";"166";"2";"3"
"01.12.2015 02:30:00";"4";"0";"250";"3,49";"16777216";"1753219";"10,45";"8";"84";"166";"3";"4"
"01.12.2015 02:35:00";"4";"0";"287";"4,01";"16777216";"2637378";"15,72";"30";"98";"166";"5";"6"
"01.12.2015 02:40:00";"4";"0";"297";"4,13";"16777216";"1877370";"11,19";"37";"97";"166";"4";"5"
"01.12.2015 02:45:00";"4";"0";"257";"3,58";"16777216";"1887437";"11,25";"9";"88";"166";"2";"4"
"01.12.2015 02:50:00";"4";"0";"269";"3,76";"16777216";"1753219";"10,45";"9";"94";"166";"5";"5"
"01.12.2015 02:55:00";"4";"0";"239";"3,33";"16777216";"1978034";"11,79";"10";"80";"166";"2";"3"
"01.12.2015 03:00:00";"4";"0";"256";"3,57";"16777216";"1709598";"10,19";"10";"87";"166";"3";"4"
"01.12.2015 03:05:00";"4";"0";"636";"8,85";"16777216";"3018221";"17,99";"777";"376";"166";"4";"5"
"01.12.2015 03:10:00";"4";"0";"264";"3,68";"16777216";"2481350";"14,79";"222";"329";"166";"3";"4"
"01.12.2015 03:15:00";"4";"0";"265";"3,7";"16777216";"2212915";"13,19";"32";"101";"166";"2";"3"
"01.12.2015 03:20:00";"4";"0";"291";"4,05";"16777216";"2011588";"11,99";"9";"109";"166";"5";"6"
"01.12.2015 03:25:00";"4";"0";"238";"3,31";"16777216";"2246469";"13,39";"7";"89";"166";"2";"3"
"01.12.2015 03:30:00";"4";"0";"247";"3,45";"16777216";"1743153";"10,39";"8";"90";"166";"3";"4"
"01.12.2015 03:35:00";"4";"0";"280";"3,9";"16777216";"2045143";"12,19";"18";"101";"166";"5";"6"
"01.12.2015 03:40:00";"4";"0";"251";"3,49";"16777216";"1676044";"9,99";"8";"89";"166";"3";"4"
"01.12.2015 03:45:00";"4";"0";"286";"3,99";"16777216";"1810262";"10,79";"12";"99";"166";"2";"4"
"01.12.2015 03:50:00";"4";"0";"274";"3,82";"16777216";"1910925";"11,39";"8";"105";"166";"5";"6"
"01.12.2015 03:55:00";"4";"0";"241";"3,36";"16777216";"2011588";"11,99";"7";"85";"166";"2";"3"
"01.12.2015 04:00:00";"4";"0";"462";"6,43";"16777216";"3051776";"18,19";"108";"578";"166";"3";"4"
"01.12.2015 04:05:00";"4";"0";"469";"6,53";"16777216";"3644011";"21,72";"182";"500";"166";"28";"9"
"01.12.2015 04:10:00";"4";"0";"242";"3,38";"16777216";"2280024";"13,59";"20";"155";"166";"2";"4"
"01.12.2015 04:15:00";"4";"0";"297";"4,14";"16777216";"2078697";"12,39";"35";"106";"166";"2";"3"
"01.12.2015 04:20:00";"4";"0";"277";"3,86";"16777216";"2390753";"14,25";"22";"122";"166";"5";"6"
"01.12.2015 04:25:00";"4";"0";"305";"4,24";"16777216";"2816895";"16,79";"25";"109";"166";"2";"3"
"01.12.2015 04:30:00";"4";"0";"250";"3,48";"16777216";"2145806";"12,79";"9";"117";"166";"3";"4"
"01.12.2015 04:35:00";"4";"0";"367";"5,11";"16777216";"2414241";"14,39";"34";"164";"166";"28";"11"
"01.12.2015 04:40:00";"4";"0";"274";"3,82";"16777216";"2280024";"13,59";"9";"125";"166";"5";"5"
"01.12.2015 04:45:00";"4";"0";"279";"3,9";"16777216";"2481350";"14,79";"6";"110";"166";"19";"20"
"01.12.2015 04:50:00";"4";"0";"466";"6,5";"16777216";"2682677";"15,99";"300";"2140";"166";"62";"23"
"01.12.2015 04:55:00";"4";"0";"306";"4,27";"16777216";"2951112";"17,59";"16";"110";"166";"8";"5"
"01.12.2015 05:00:00";"4";"0";"272";"3,79";"16777216";"1810262";"10,79";"3";"103";"166";"3";"4"
"01.12.2015 05:05:00";"4";"0";"571";"7,95";"16777216";"3028287";"18,05";"63";"288";"166";"46";"661"
"01.12.2015 05:10:00";"4";"0";"240";"3,34";"16777216";"2649122";"15,79";"27";"106";"166";"3";"4"
"01.12.2015 05:15:00";"4";"0";"252";"3,52";"16777216";"2414241";"14,39";"10";"94";"166";"2";"3"
"01.12.2015 05:20:00";"4";"0";"275";"3,84";"16777216";"2033399";"12,12";"117";"95";"166";"5";"6"
"01.12.2015 05:25:00";"4";"0";"243";"3,39";"16777216";"1820328";"10,85";"8";"96";"166";"2";"3"
"01.12.2015 05:30:00";"4";"0";"252";"3,51";"16777216";"1843816";"10,99";"10";"95";"166";"3";"4"
"01.12.2015 05:35:00";"4";"0";"305";"4,25";"16777216";"2280024";"13,59";"14";"119";"166";"5";"6"
"01.12.2015 05:40:00";"4";"0";"313";"4,36";"16777216";"2179360";"12,99";"24";"121";"166";"3";"4"
"01.12.2015 05:45:00";"4";"0";"335";"4,67";"16777216";"2033399";"12,12";"13";"161";"166";"28";"8"
"01.12.2015 05:50:00";"4";"0";"265";"3,69";"16777216";"2134062";"12,72";"9";"96";"166";"5";"6"
"01.12.2015 05:55:00";"4";"0";"254";"3,54";"16777216";"2088763";"12,45";"9";"94";"166";"2";"3"
"01.12.2015 06:00:00";"4";"0";"464";"6,46";"16777216";"2625634";"15,65";"137";"572";"166";"3";"4"
"01.12.2015 06:05:00";"4";"0";"765";"10,66";"16777216";"4293290";"25,59";"82532";"1011";"166";"21";"3710"
"01.12.2015 06:10:00";"4";"0";"320";"4,45";"16777216";"5343543";"31,85";"8822";"140";"166";"41";"78"
"01.12.2015 06:15:00";"4";"0";"261";"3,64";"16777216";"3274913";"19,52";"52";"95";"166";"2";"3"
"01.12.2015 06:20:00";"4";"0";"269";"3,76";"16777216";"2167616";"12,92";"36";"101";"166";"5";"6"
"01.12.2015 06:25:00";"4";"0";"243";"3,39";"16777216";"1820328";"10,85";"7";"88";"166";"2";"3"
"01.12.2015 06:30:00";"4";"0";"246";"3,43";"16777216";"1843816";"10,99";"7";"103";"166";"3";"4"
"01.12.2015 06:35:00";"4";"0";"311";"4,33";"16777216";"2659189";"15,85";"21";"131";"166";"6";"7"
"01.12.2015 06:40:00";"4";"0";"273";"3,8";"16777216";"1988100";"11,85";"8";"109";"166";"4";"5"
"01.12.2015 06:45:00";"4";"0";"341";"4,75";"16777216";"1832072";"10,92";"16";"165";"166";"26";"7"
"01.12.2015 06:50:00";"4";"0";"281";"3,92";"16777216";"2179360";"12,99";"9";"112";"166";"7";"6"
"01.12.2015 06:55:00";"4";"0";"239";"3,33";"16777216";"2055209";"12,25";"8";"86";"166";"2";"3"
"01.12.2015 07:00:00";"4";"0";"256";"3,57";"16777216";"1999844";"11,92";"16";"104";"166";"3";"4"
"01.12.2015 07:05:00";"4";"0";"275";"3,83";"16777216";"2592080";"15,45";"16";"119";"166";"4";"5"
"01.12.2015 07:10:00";"4";"0";"242";"3,38";"16777216";"2167616";"12,92";"7";"105";"166";"3";"4"
"01.12.2015 07:15:00";"4";"0";"248";"3,46";"16777216";"1642489";"9,79";"10";"107";"166";"2";"3"
"01.12.2015 07:20:00";"4";"0";"276";"3,85";"16777216";"1877370";"11,19";"9";"114";"166";"5";"6"
"01.12.2015 07:25:00";"4";"0";"227";"3,17";"16777216";"2011588";"11,99";"7";"87";"166";"2";"3"
"01.12.2015 07:30:00";"4";"0";"257";"3,58";"16777216";"1686110";"10,05";"9";"107";"166";"3";"4"
"01.12.2015 07:35:00";"4";"0";"277";"3,85";"16777216";"1709598";"10,19";"16";"136";"166";"5";"6"
"01.12.2015 07:40:00";"4";"0";"257";"3,57";"16777216";"1753219";"10,45";"8";"125";"166";"3";"4"
"01.12.2015 07:45:00";"4";"0";"317";"4,42";"16777216";"2201171";"13,12";"19";"150";"166";"26";"7"
"01.12.2015 07:50:00";"4";"0";"279";"3,89";"16777216";"2100508";"12,52";"8";"110";"166";"5";"6"
"01.12.2015 07:55:00";"4";"0";"229";"3,19";"16777216";"2021655";"12,05";"7";"87";"166";"2";"3"
"01.12.2015 08:00:00";"4";"0";"444";"6,18";"16777216";"2615568";"15,59";"198";"542";"166";"3";"4"
"01.12.2015 08:05:00";"4";"0";"289";"4,03";"16777216";"3219548";"19,19";"23";"372";"166";"4";"5"
"01.12.2015 08:10:00";"4";"0";"262";"3,65";"16777216";"2011588";"11,99";"10";"119";"166";"3";"4"
"01.12.2015 08:15:00";"4";"0";"283";"3,95";"16777216";"1988100";"11,85";"13";"129";"166";"2";"3"
"01.12.2015 08:20:00";"4";"0";"363";"5,06";"16777216";"2189427";"13,05";"319";"527";"166";"4";"6"
"01.12.2015 08:25:00";"4";"0";"272";"3,8";"16777216";"2951112";"17,59";"111";"503";"166";"2";"3"
"01.12.2015 08:30:00";"4";"0";"255";"3,55";"16777216";"2212915";"13,19";"8";"168";"166";"3";"4"
"01.12.2015 08:35:00";"4";"0";"278";"3,88";"16777216";"2066953";"12,32";"8";"134";"166";"5";"6"
"01.12.2015 08:40:00";"4";"0";"306";"4,26";"16777216";"2055209";"12,25";"24";"116";"166";"3";"4"
"01.12.2015 08:45:00";"4";"0";"341";"4,76";"16777216";"2122318";"12,65";"12";"170";"166";"28";"8"
"01.12.2015 08:50:00";"4";"0";"274";"3,81";"16777216";"2066953";"12,32";"8";"121";"166";"5";"6"
"01.12.2015 08:55:00";"4";"0";"239";"3,34";"16777216";"2112252";"12,59";"7";"89";"166";"2";"3"
"01.12.2015 09:00:00";"4";"0";"257";"3,58";"16777216";"1932735";"11,52";"8";"110";"166";"3";"4"
"01.12.2015 09:05:00";"4";"0";"510";"7,11";"16777216";"3006477";"17,92";"21";"1562";"166";"45";"448"
"01.12.2015 09:10:00";"4";"0";"249";"3,47";"16777216";"3107140";"18,52";"0";"116";"166";"2";"4"
"01.12.2015 09:15:00";"4";"0";"261";"3,64";"16777216";"2212915";"13,19";"1";"128";"166";"2";"3"
"01.12.2015 09:20:00";"4";"0";"292";"4,07";"16777216";"2234725";"13,32";"0";"136";"166";"5";"6"
"01.12.2015 09:25:00";"4";"0";"242";"3,37";"16777216";"2256536";"13,45";"0";"116";"166";"2";"3"
"01.12.2015 09:30:00";"4";"0";"263";"3,67";"16777216";"1832072";"10,92";"0";"122";"166";"3";"4"
"01.12.2015 09:35:00";"4";"0";"300";"4,18";"16777216";"1887437";"11,25";"1";"157";"166";"5";"6"
"01.12.2015 09:40:00";"4";"0";"265";"3,69";"16777216";"2021655";"12,05";"0";"125";"166";"3";"4"
"01.12.2015 09:45:00";"4";"0";"336";"4,69";"16777216";"2021655";"12,05";"0";"183";"166";"26";"7"
"01.12.2015 09:50:00";"4";"0";"305";"4,26";"16777216";"2582014";"15,39";"2";"151";"166";"7";"6"
"01.12.2015 09:55:00";"4";"0";"241";"3,36";"16777216";"2011588";"11,99";"0";"107";"166";"2";"3"
"01.12.2015 10:00:00";"4";"0";"526";"7,33";"16777216";"2637378";"15,72";"259";"568";"166";"3";"4"
"01.12.2015 10:05:00";"4";"0";"291";"4,06";"16777216";"2682677";"15,99";"1";"392";"166";"4";"5"
"01.12.2015 10:10:00";"4";"0";"252";"3,51";"16777216";"2357199";"14,05";"11";"121";"166";"3";"5"
"01.12.2015 10:15:00";"4";"0";"264";"3,67";"16777216";"1954546";"11,65";"44";"135";"166";"3";"4"
"01.12.2015 10:20:00";"4";"0";"537";"7,49";"16777216";"2625634";"15,65";"26";"134";"166";"5";"6"
"01.12.2015 10:25:00";"4";"0";"233";"3,25";"16777216";"2481350";"14,79";"8";"106";"166";"2";"3"
"01.12.2015 10:30:00";"4";"0";"256";"3,57";"16777216";"1832072";"10,92";"11";"119";"166";"3";"4"
"01.12.2015 10:35:00";"4";"0";"263";"3,67";"16777216";"1920991";"11,45";"9";"122";"166";"4";"5"
"01.12.2015 10:40:00";"4";"0";"249";"3,47";"16777216";"1999844";"11,92";"7";"91";"166";"3";"4"
"01.12.2015 10:45:00";"4";"0";"252";"3,52";"16777216";"1853882";"11,05";"10";"122";"166";"2";"3"
"01.12.2015 10:50:00";"4";"0";"271";"3,78";"16777216";"1954546";"11,65";"8";"124";"166";"5";"6"
"01.12.2015 10:55:00";"4";"0";"240";"3,34";"16777216";"2155872";"12,85";"8";"103";"166";"2";"3"
"01.12.2015 11:00:00";"4";"0";"285";"3,97";"16777216";"1932735";"11,52";"12";"141";"166";"3";"4"
"01.12.2015 11:05:00";"4";"0";"304";"4,24";"16777216";"2860515";"17,05";"17";"158";"166";"4";"5"
"01.12.2015 11:10:00";"4";"0";"271";"3,77";"16777216";"2222981";"13,25";"12";"149";"166";"3";"4"
"01.12.2015 11:15:00";"4";"0";"278";"3,87";"16777216";"2234725";"13,32";"14";"161";"166";"2";"3"
"01.12.2015 11:20:00";"4";"0";"288";"4,01";"16777216";"1999844";"11,92";"9";"146";"166";"5";"6"
"01.12.2015 11:25:00";"4";"0";"255";"3,55";"16777216";"2402497";"14,32";"18";"116";"166";"2";"3"
"01.12.2015 11:30:00";"4";"0";"253";"3,53";"16777216";"1843816";"10,99";"7";"133";"166";"3";"4"
"01.12.2015 11:35:00";"4";"0";"279";"3,89";"16777216";"2280024";"13,59";"12";"131";"166";"4";"5"
"01.12.2015 11:40:00";"4";"0";"305";"4,25";"16777216";"1865626";"11,12";"9";"128";"166";"3";"4"
"01.12.2015 11:45:00";"4";"0";"278";"3,88";"16777216";"2134062";"12,72";"12";"150";"166";"3";"4"
"01.12.2015 11:50:00";"4";"0";"277";"3,87";"16777216";"1776707";"10,59";"8";"129";"166";"5";"6"
"01.12.2015 11:55:00";"4";"0";"461";"6,43";"16777216";"2402497";"14,32";"43";"261";"166";"28";"8"
"01.12.2015 12:00:00";"4";"0";"391";"5,44";"16777216";"2637378";"15,72";"16";"200";"166";"3";"4"
"01.12.2015 12:05:00";"4";"0";"1405";"19,57";"16777216";"4159072";"24,79";"122";"3038";"166";"4";"5"
"01.12.2015 12:10:00";"4";"0";"276";"3,85";"16777216";"3253102";"19,39";"12";"1184";"166";"3";"4"
"01.12.2015 12:15:00";"4";"0";"287";"4";"16777216";"2268280";"13,52";"16";"166";"166";"2";"4"
"01.12.2015 12:20:00";"4";"0";"313";"4,37";"16777216";"2145806";"12,79";"16";"168";"166";"5";"5"
"01.12.2015 12:25:00";"4";"0";"284";"3,95";"16777216";"2078697";"12,39";"12";"148";"166";"2";"3"
"01.12.2015 12:30:00";"4";"0";"269";"3,75";"16777216";"1877370";"11,19";"9";"144";"166";"3";"4"
"01.12.2015 12:35:00";"4";"0";"301";"4,19";"16777216";"1944479";"11,59";"12";"149";"166";"5";"6"
"01.12.2015 12:40:00";"4";"0";"278";"3,87";"16777216";"1743153";"10,39";"10";"131";"166";"3";"4"
"01.12.2015 12:45:00";"4";"0";"270";"3,77";"16777216";"2481350";"14,79";"8";"146";"166";"10";"5"
"01.12.2015 12:50:00";"4";"0";"315";"4,39";"16777216";"1865626";"11,12";"11";"146";"166";"11";"7"
"01.12.2015 12:55:00";"4";"0";"237";"3,3";"16777216";"2301834";"13,72";"7";"110";"166";"2";"3"
"01.12.2015 13:00:00";"4";"0";"281";"3,91";"16777216";"1820328";"10,85";"49";"125";"166";"5";"6"
"01.12.2015 13:05:00";"4";"0";"619";"8,62";"16777216";"3622201";"21,59";"39";"595";"166";"46";"685"
"01.12.2015 13:10:00";"4";"0";"250";"3,49";"16777216";"3241358";"19,32";"0";"124";"166";"2";"4"
"01.12.2015 13:15:00";"4";"0";"267";"3,73";"16777216";"2380687";"14,19";"0";"135";"166";"2";"3"
"01.12.2015 13:20:00";"4";"0";"288";"4,01";"16777216";"2112252";"12,59";"5";"147";"166";"5";"5"
"01.12.2015 13:25:00";"4";"0";"239";"3,33";"16777216";"2112252";"12,59";"0";"107";"166";"2";"3"
"01.12.2015 13:30:00";"4";"0";"309";"4,31";"16777216";"2011588";"11,99";"1";"150";"166";"3";"4"
"01.12.2015 13:35:00";"4";"0";"290";"4,04";"16777216";"1743153";"10,39";"3";"163";"166";"5";"6"
"01.12.2015 13:40:00";"4";"0";"270";"3,76";"16777216";"2045143";"12,19";"6";"137";"166";"3";"4"
"01.12.2015 13:45:00";"4";"0";"253";"3,52";"16777216";"1966290";"11,72";"0";"133";"166";"3";"4"
"01.12.2015 13:50:00";"4";"0";"354";"4,93";"16777216";"2078697";"12,39";"2";"174";"166";"30";"10"
"01.12.2015 13:55:00";"4";"0";"240";"3,35";"16777216";"1944479";"11,59";"0";"114";"166";"2";"3"
"01.12.2015 14:00:00";"4";"0";"550";"7,66";"16777216";"2759852";"16,45";"15";"597";"166";"3";"4"
"01.12.2015 14:05:00";"4";"0";"291";"4,06";"16777216";"3320211";"19,79";"1";"412";"166";"4";"5"
"01.12.2015 14:10:00";"4";"0";"263";"3,66";"16777216";"2280024";"13,59";"0";"124";"166";"3";"4"
"01.12.2015 14:15:00";"4";"0";"250";"3,49";"16777216";"2313578";"13,79";"0";"142";"166";"2";"3"
"01.12.2015 14:20:00";"4";"0";"305";"4,24";"16777216";"2179360";"12,99";"0";"142";"166";"5";"5"
"01.12.2015 14:25:00";"4";"0";"259";"3,6";"16777216";"1966290";"11,72";"0";"132";"166";"2";"3"
"01.12.2015 14:30:00";"4";"0";"273";"3,8";"16777216";"1753219";"10,45";"1";"145";"166";"3";"4"
"01.12.2015 14:35:00";"4";"0";"281";"3,92";"16777216";"1719665";"10,25";"0";"148";"166";"5";"6"
"01.12.2015 14:40:00";"4";"0";"300";"4,18";"16777216";"2112252";"12,59";"2";"119";"166";"3";"4"
"01.12.2015 14:45:00";"4";"0";"349";"4,86";"16777216";"2100508";"12,52";"1";"189";"166";"26";"8"
"01.12.2015 14:50:00";"4";"0";"285";"3,97";"16777216";"2436052";"14,52";"0";"146";"166";"7";"6"
"01.12.2015 14:55:00";"4";"0";"241";"3,36";"16777216";"2368943";"14,12";"8";"106";"166";"2";"3"
"01.12.2015 15:00:00";"4";"0";"258";"3,6";"16777216";"1642489";"9,79";"0";"122";"166";"3";"4"
"01.12.2015 15:05:00";"4";"0";"295";"4,11";"16777216";"3061842";"18,25";"2";"143";"166";"4";"5"
"01.12.2015 15:10:00";"4";"0";"281";"3,91";"16777216";"2201171";"13,12";"3";"150";"166";"3";"4"
"01.12.2015 15:15:00";"4";"0";"247";"3,44";"16777216";"1597191";"9,52";"0";"138";"166";"2";"3"
"01.12.2015 15:20:00";"4";"0";"277";"3,86";"16777216";"2179360";"12,99";"0";"128";"166";"5";"5"
"01.12.2015 15:25:00";"4";"0";"391";"5,45";"16777216";"2323644";"13,85";"313";"146";"166";"2";"3"
"01.12.2015 15:30:00";"4";"0";"303";"4,23";"16777216";"2313578";"13,79";"3";"171";"166";"3";"4"
"01.12.2015 15:35:00";"4";"0";"280";"3,9";"16777216";"2290090";"13,65";"1";"157";"166";"5";"6"
"01.12.2015 15:40:00";"4";"0";"286";"3,98";"16777216";"1954546";"11,65";"2";"135";"166";"3";"4"
"01.12.2015 15:45:00";"4";"0";"328";"4,57";"16777216";"2167616";"12,92";"0";"195";"166";"28";"8"
"01.12.2015 15:50:00";"4";"0";"279";"3,89";"16777216";"2222981";"13,25";"1";"135";"166";"5";"6"
"01.12.2015 15:55:00";"4";"0";"275";"3,84";"16777216";"1932735";"11,52";"2";"139";"166";"2";"3"
"01.12.2015 16:00:00";"4";"0";"405";"5,65";"16777216";"2201171";"13,12";"3";"194";"166";"3";"4"
"01.12.2015 16:05:00";"4";"0";"286";"3,98";"16777216";"2659189";"15,85";"4";"178";"166";"4";"5"
"01.12.2015 16:10:00";"4";"0";"250";"3,48";"16777216";"2268280";"13,52";"0";"128";"166";"3";"4"
"01.12.2015 16:15:00";"4";"0";"269";"3,75";"16777216";"1697854";"10,12";"2";"150";"166";"2";"3"
"01.12.2015 16:20:00";"4";"0";"290";"4,04";"16777216";"1932735";"11,52";"0";"153";"166";"5";"5"
"01.12.2015 16:25:00";"4";"0";"244";"3,4";"16777216";"2347132";"13,99";"0";"120";"166";"2";"3"
"01.12.2015 16:30:00";"4";"0";"251";"3,49";"16777216";"1652556";"9,85";"0";"129";"166";"3";"4"
"01.12.2015 16:35:00";"4";"0";"300";"4,18";"16777216";"1899181";"11,32";"4";"152";"166";"5";"6"
"01.12.2015 16:40:00";"4";"0";"254";"3,55";"16777216";"1853882";"11,05";"0";"131";"166";"3";"4"
"01.12.2015 16:45:00";"4";"0";"346";"4,82";"16777216";"2122318";"12,65";"2";"185";"166";"27";"8"
"01.12.2015 16:50:00";"4";"0";"271";"3,77";"16777216";"2145806";"12,79";"0";"143";"166";"6";"6"
"01.12.2015 16:55:00";"4";"0";"244";"3,39";"16777216";"2145806";"12,79";"0";"106";"166";"2";"3"
"01.12.2015 17:00:00";"4";"0";"274";"3,82";"16777216";"1910925";"11,39";"0";"139";"166";"3";"4"
"01.12.2015 17:05:00";"4";"0";"726";"10,12";"16777216";"3375576";"20,12";"70";"2725";"166";"338";"574"
"01.12.2015 17:10:00";"4";"0";"283";"3,94";"16777216";"3185993";"18,99";"50";"132";"166";"46";"13"
"01.12.2015 17:15:00";"4";"0";"252";"3,51";"16777216";"2234725";"13,32";"15";"140";"166";"2";"3"
"01.12.2015 17:20:00";"4";"0";"285";"3,96";"16777216";"1853882";"11,05";"55";"134";"166";"5";"5"
"01.12.2015 17:25:00";"4";"0";"306";"4,26";"16777216";"2323644";"13,85";"19";"156";"166";"2";"3"
"01.12.2015 17:30:00";"4";"0";"281";"3,91";"16777216";"2323644";"13,85";"15";"163";"166";"3";"4"
"01.12.2015 17:35:00";"4";"0";"300";"4,18";"16777216";"2112252";"12,59";"15";"153";"166";"5";"6"
"01.12.2015 17:40:00";"4";"0";"303";"4,23";"16777216";"2088763";"12,45";"27";"127";"166";"3";"4"
"01.12.2015 17:45:00";"4";"0";"347";"4,83";"16777216";"2145806";"12,79";"14";"186";"166";"26";"7"
"01.12.2015 17:50:00";"4";"0";"281";"3,91";"16777216";"2335388";"13,92";"15";"132";"166";"7";"6"
"01.12.2015 17:55:00";"4";"0";"244";"3,4";"16777216";"1920991";"11,45";"7";"103";"166";"2";"3"
"01.12.2015 18:00:00";"4";"0";"421";"5,87";"16777216";"3018221";"17,99";"153";"549";"166";"2";"4"
"01.12.2015 18:05:00";"4";"0";"323";"4,5";"16777216";"3073586";"18,32";"17";"380";"166";"4";"5"
"01.12.2015 18:10:00";"4";"0";"266";"3,7";"16777216";"2380687";"14,19";"11";"121";"166";"3";"4"
"01.12.2015 18:15:00";"4";"0";"275";"3,83";"16777216";"1743153";"10,39";"22";"135";"166";"2";"3"
"01.12.2015 18:20:00";"4";"0";"297";"4,15";"16777216";"2179360";"12,99";"34";"144";"166";"5";"5"
"01.12.2015 18:25:00";"4";"0";"268";"3,74";"16777216";"2212915";"13,19";"18";"142";"166";"2";"3"
"01.12.2015 18:30:00";"4";"0";"259";"3,62";"16777216";"1853882";"11,05";"10";"142";"166";"3";"4"
"01.12.2015 18:35:00";"4";"0";"352";"4,9";"16777216";"2280024";"13,59";"11";"147";"166";"53";"54"
"01.12.2015 18:40:00";"4";"0";"330";"4,6";"16777216";"2078697";"12,39";"15";"113";"166";"55";"57"
"01.12.2015 18:45:00";"4";"0";"284";"3,96";"16777216";"2011588";"11,99";"12";"135";"166";"19";"21"
"01.12.2015 18:50:00";"4";"0";"295";"4,11";"16777216";"1832072";"10,92";"9";"178";"166";"45";"14"
"01.12.2015 18:55:00";"4";"0";"281";"3,91";"16777216";"2280024";"13,59";"9";"107";"166";"24";"28"
"01.12.2015 19:00:00";"4";"0";"304";"4,23";"16777216";"2078697";"12,39";"17";"148";"166";"14";"16"
"01.12.2015 19:05:00";"4";"0";"301";"4,2";"16777216";"3185993";"18,99";"11";"152";"166";"12";"14"
"01.12.2015 19:10:00";"4";"0";"282";"3,93";"16777216";"2246469";"13,39";"10";"125";"166";"24";"28"
"01.12.2015 19:15:00";"4";"0";"282";"3,94";"16777216";"2055209";"12,25";"11";"145";"166";"19";"22"
"01.12.2015 19:20:00";"4";"0";"328";"4,57";"16777216";"2414241";"14,39";"8";"129";"166";"40";"45"
"01.12.2015 19:25:00";"4";"0";"297";"4,13";"16777216";"2045143";"12,19";"8";"111";"166";"35";"41"
"01.12.2015 19:30:00";"4";"0";"259";"3,62";"16777216";"2078697";"12,39";"10";"136";"166";"9";"10"
"01.12.2015 19:35:00";"4";"0";"300";"4,18";"16777216";"1944479";"11,59";"13";"154";"166";"8";"10"
"01.12.2015 19:40:00";"4";"0";"265";"3,7";"16777216";"2313578";"13,79";"9";"138";"166";"7";"8"
"01.12.2015 19:45:00";"4";"0";"289";"4,03";"16777216";"2011588";"11,99";"10";"141";"166";"20";"22"
"01.12.2015 19:50:00";"4";"0";"400";"5,58";"16777216";"2783340";"16,59";"21";"195";"166";"55";"37"
"01.12.2015 19:55:00";"4";"0";"272";"3,79";"16777216";"2045143";"12,19";"9";"124";"166";"19";"22"
"01.12.2015 20:00:00";"4";"0";"983";"13,69";"16777216";"3085330";"18,39";"5693";"724";"166";"4";"4"
"01.12.2015 20:05:00";"4";"0";"900";"12,54";"16777216";"6059930";"36,12";"90130";"1772";"166";"33";"5644"
"01.12.2015 20:10:00";"4";"0";"368";"5,13";"16777216";"6283068";"37,45";"2090";"236";"166";"51";"75"
"01.12.2015 20:15:00";"4";"0";"268";"3,74";"16777216";"3543348";"21,12";"15";"147";"166";"8";"10"
"01.12.2015 20:20:00";"4";"0";"302";"4,2";"16777216";"2134062";"12,72";"244";"145";"166";"8";"9"
"01.12.2015 20:25:00";"4";"0";"253";"3,53";"16777216";"2368943";"14,12";"9";"132";"166";"2";"3"
"01.12.2015 20:30:00";"4";"0";"253";"3,53";"16777216";"1899181";"11,32";"13";"132";"166";"3";"4"
"01.12.2015 20:35:00";"4";"0";"292";"4,08";"16777216";"2045143";"12,19";"11";"145";"166";"6";"7"
"01.12.2015 20:40:00";"4";"0";"302";"4,2";"16777216";"2078697";"12,39";"30";"129";"166";"3";"4"
"01.12.2015 20:45:00";"4";"0";"352";"4,91";"16777216";"1877370";"11,19";"19";"193";"166";"32";"12"
"01.12.2015 20:50:00";"4";"0";"295";"4,12";"16777216";"2122318";"12,65";"15";"140";"166";"17";"18"
"01.12.2015 20:55:00";"4";"0";"260";"3,63";"16777216";"1843816";"10,99";"9";"120";"166";"12";"14"
"01.12.2015 21:00:00";"4";"0";"279";"3,88";"16777216";"2122318";"12,65";"9";"134";"166";"15";"17"
"01.12.2015 21:05:00";"4";"0";"388";"5,4";"16777216";"2917558";"17,39";"18";"457";"166";"46";"113"
"01.12.2015 21:10:00";"4";"0";"250";"3,49";"16777216";"2167616";"12,92";"8";"123";"166";"8";"9"
"01.12.2015 21:15:00";"4";"0";"268";"3,74";"16777216";"2045143";"12,19";"6";"139";"166";"13";"13"
"01.12.2015 21:20:00";"4";"0";"283";"3,94";"16777216";"1676044";"9,99";"5";"134";"166";"9";"10"
"01.12.2015 21:25:00";"4";"0";"260";"3,63";"16777216";"1731409";"10,32";"4";"117";"166";"15";"16"
"01.12.2015 21:30:00";"4";"0";"254";"3,54";"16777216";"1944479";"11,59";"4";"129";"166";"5";"6"
"01.12.2015 21:35:00";"4";"0";"280";"3,9";"16777216";"1910925";"11,39";"11";"137";"166";"6";"7"
"01.12.2015 21:40:00";"4";"0";"281";"3,92";"16777216";"2100508";"12,52";"4";"111";"166";"26";"27"
"01.12.2015 21:45:00";"4";"0";"285";"3,97";"16777216";"1786773";"10,65";"6";"137";"166";"26";"27"
"01.12.2015 21:50:00";"4";"0";"308";"4,29";"16777216";"1999844";"11,92";"5";"144";"166";"23";"24"
"01.12.2015 21:55:00";"4";"0";"277";"3,86";"16777216";"1877370";"11,19";"3";"122";"166";"20";"23"
"01.12.2015 22:00:00";"4";"0";"532";"7,41";"16777216";"2793406";"16,65";"162";"610";"166";"33";"13"
"01.12.2015 22:05:00";"4";"0";"1665";"23,19";"16777216";"4583535";"27,32";"5775";"699";"166";"8";"10"
"01.12.2015 22:10:00";"4";"0";"270";"3,77";"16777216";"4595279";"27,39";"15";"287";"166";"12";"13"
"01.12.2015 22:15:00";"4";"0";"305";"4,25";"16777216";"2649122";"15,79";"4";"140";"166";"31";"32"
"01.12.2015 22:20:00";"4";"0";"389";"5,42";"16777216";"2222981";"13,25";"20";"161";"166";"19";"22"
"01.12.2015 22:25:00";"4";"0";"273";"3,8";"16777216";"2222981";"13,25";"5";"149";"166";"12";"15"
"01.12.2015 22:30:00";"4";"0";"287";"4";"16777216";"2055209";"12,25";"10";"138";"166";"5";"6"
"01.12.2015 22:35:00";"4";"0";"285";"3,97";"16777216";"1999844";"11,92";"5";"150";"166";"5";"6"
"01.12.2015 22:40:00";"4";"0";"265";"3,7";"16777216";"1832072";"10,92";"5";"117";"166";"5";"6"
"01.12.2015 22:45:00";"4";"0";"375";"5,23";"16777216";"1853882";"11,05";"26";"190";"166";"29";"9"
"01.12.2015 22:50:00";"4";"0";"330";"4,59";"16777216";"2481350";"14,79";"7";"144";"166";"6";"6"
"01.12.2015 22:55:00";"4";"0";"259";"3,61";"16777216";"1966290";"11,72";"5";"113";"166";"2";"3"
"01.12.2015 23:00:00";"4";"0";"291";"4,05";"16777216";"2290090";"13,65";"4";"131";"166";"3";"4"
"01.12.2015 23:05:00";"4";"0";"310";"4,32";"16777216";"3476239";"20,72";"10";"158";"166";"4";"5"
"01.12.2015 23:10:00";"4";"0";"311";"4,34";"16777216";"2503161";"14,92";"28";"145";"166";"3";"4"
"01.12.2015 23:15:00";"4";"0";"273";"3,8";"16777216";"2301834";"13,72";"11";"139";"166";"2";"3"
"01.12.2015 23:20:00";"4";"0";"289";"4,02";"16777216";"1910925";"11,39";"15";"142";"166";"5";"5"
"01.12.2015 23:25:00";"4";"0";"250";"3,48";"16777216";"2011588";"11,99";"9";"113";"166";"2";"3"
"01.12.2015 23:30:00";"4";"0";"281";"3,91";"16777216";"2011588";"11,99";"14";"137";"166";"3";"4"
"01.12.2015 23:35:00";"4";"0";"278";"3,88";"16777216";"1877370";"11,19";"9";"144";"166";"4";"5"
"01.12.2015 23:40:00";"4";"0";"303";"4,22";"16777216";"2145806";"12,79";"20";"122";"166";"3";"4"
"01.12.2015 23:45:00";"4";"0";"283";"3,95";"16777216";"1810262";"10,79";"8";"140";"166";"3";"4"
"01.12.2015 23:50:00";"4";"0";"364";"5,07";"16777216";"2436052";"14,52";"5";"191";"166";"28";"10"
"01.12.2015 23:55:00";"4";"0";"282";"3,92";"16777216";"2280024";"13,59";"4";"135";"166";"4";"4"
"02.12.2015 00:00:00";"4";"0";"462";"6,43";"16777216";"2301834";"13,72";"17";"561";"166";"3";"4"
"02.12.2015 00:05:00";"4";"0";"487";"6,79";"16777216";"3811783";"22,72";"261";"696";"166";"60";"7"
"02.12.2015 00:10:00";"4";"0";"585";"8,15";"16777216";"3207804";"19,12";"77";"2479";"166";"56";"5"
"02.12.2015 00:15:00";"4";"0";"868";"12,09";"16777216";"4271479";"25,46";"1407";"568";"166";"57";"5"
"02.12.2015 00:20:00";"4";"0";"317";"4,42";"16777216";"2850449";"16,99";"18";"205";"166";"64";"8"
"02.12.2015 00:25:00";"4";"0";"1267";"17,64";"16777216";"2793406";"16,65";"585";"5230";"166";"29";"4"
"02.12.2015 00:30:00";"4";"0";"748";"10,41";"16777216";"4986188";"29,72";"102";"6079";"166";"101";"7"
"02.12.2015 00:35:00";"4";"0";"1505";"20,96";"16777216";"3924191";"23,39";"649";"4092";"166";"26";"6"
"02.12.2015 00:40:00";"4";"0";"259";"3,61";"16777216";"3857082";"22,99";"5";"1039";"166";"2";"4"
"02.12.2015 00:45:00";"4";"0";"261";"3,64";"16777216";"2380687";"14,19";"3";"87";"166";"2";"3"
"02.12.2015 00:50:00";"4";"0";"289";"4,03";"16777216";"2155872";"12,85";"1117";"85";"166";"5";"6"
"02.12.2015 00:55:00";"4";"0";"251";"3,51";"16777216";"2179360";"12,99";"0";"81";"166";"2";"3"
"02.12.2015 01:00:00";"4";"0";"268";"3,74";"16777216";"1608935";"9,59";"2";"85";"166";"3";"4"
"02.12.2015 01:05:00";"4";"0";"1260";"17,55";"16777216";"3253102";"19,39";"7556";"870";"166";"20";"2362"
"02.12.2015 01:10:00";"4";"0";"378";"5,26";"16777216";"3890636";"23,19";"815";"218";"166";"41";"277"
"02.12.2015 01:15:00";"4";"0";"266";"3,71";"16777216";"2212915";"13,19";"28";"83";"166";"2";"3"
"02.12.2015 01:20:00";"4";"0";"288";"4,02";"16777216";"2078697";"12,39";"1199";"88";"166";"5";"5"
"02.12.2015 01:25:00";"4";"0";"259";"3,61";"16777216";"2112252";"12,59";"10";"84";"166";"2";"3"
"02.12.2015 01:30:00";"4";"0";"259";"3,6";"16777216";"2145806";"12,79";"8";"89";"166";"3";"4"
"02.12.2015 01:35:00";"4";"0";"291";"4,06";"16777216";"2481350";"14,79";"19";"100";"166";"4";"5"
"02.12.2015 01:40:00";"4";"0";"272";"3,79";"16777216";"2112252";"12,59";"20";"106";"166";"3";"4"
"02.12.2015 01:45:00";"4";"0";"263";"3,67";"16777216";"2582014";"15,39";"7";"91";"166";"3";"4"
"02.12.2015 01:50:00";"4";"0";"286";"3,99";"16777216";"2246469";"13,39";"8";"88";"166";"5";"6"
"02.12.2015 01:55:00";"4";"0";"346";"4,83";"16777216";"2011588";"11,99";"11";"133";"166";"28";"8"
"02.12.2015 02:00:00";"4";"0";"391";"5,45";"16777216";"2011588";"11,99";"253";"154";"166";"3";"4"
"02.12.2015 02:05:00";"4";"0";"307";"4,27";"16777216";"2826961";"16,85";"65";"157";"166";"4";"5"
"02.12.2015 02:10:00";"4";"0";"240";"3,34";"16777216";"1954546";"11,65";"7";"101";"166";"3";"4"
"02.12.2015 02:15:00";"4";"0";"262";"3,65";"16777216";"1652556";"9,85";"12";"95";"166";"2";"3"
"02.12.2015 02:20:00";"4";"0";"271";"3,78";"16777216";"1709598";"10,19";"7";"92";"166";"4";"5"
"02.12.2015 02:25:00";"4";"0";"227";"3,17";"16777216";"1944479";"11,59";"7";"76";"166";"2";"3"
"02.12.2015 02:30:00";"4";"0";"249";"3,47";"16777216";"2122318";"12,65";"7";"84";"166";"3";"4"
"02.12.2015 02:35:00";"4";"0";"286";"3,99";"16777216";"2548459";"15,19";"25";"95";"166";"5";"6"
"02.12.2015 02:40:00";"4";"0";"294";"4,09";"16777216";"1988100";"11,85";"29";"99";"166";"4";"5"
"02.12.2015 02:45:00";"4";"0";"249";"3,47";"16777216";"2313578";"13,79";"13";"90";"166";"2";"3"
"02.12.2015 02:50:00";"4";"0";"276";"3,85";"16777216";"2280024";"13,59";"8";"92";"166";"5";"5"
"02.12.2015 02:55:00";"4";"0";"234";"3,26";"16777216";"2189427";"13,05";"9";"82";"166";"2";"3"
"02.12.2015 03:00:00";"4";"0";"257";"3,58";"16777216";"1652556";"9,85";"2";"88";"166";"3";"4"
"02.12.2015 03:05:00";"4";"0";"563";"7,84";"16777216";"3128951";"18,65";"61";"366";"166";"4";"5"
"02.12.2015 03:10:00";"4";"0";"246";"3,44";"16777216";"1988100";"11,85";"8";"271";"166";"3";"4"
"02.12.2015 03:15:00";"4";"0";"257";"3,57";"16777216";"1764963";"10,52";"14";"97";"166";"2";"3"
"02.12.2015 03:20:00";"4";"0";"283";"3,95";"16777216";"1887437";"11,25";"9";"106";"166";"5";"5"
"02.12.2015 03:25:00";"4";"0";"234";"3,26";"16777216";"2078697";"12,39";"7";"92";"166";"2";"3"
"02.12.2015 03:30:00";"4";"0";"250";"3,48";"16777216";"1563636";"9,32";"7";"93";"166";"3";"4"
"02.12.2015 03:35:00";"4";"0";"270";"3,77";"16777216";"2436052";"14,52";"9";"98";"166";"5";"6"
"02.12.2015 03:40:00";"4";"0";"257";"3,59";"16777216";"1932735";"11,52";"30";"100";"166";"3";"4"
"02.12.2015 03:45:00";"4";"0";"285";"3,97";"16777216";"1954546";"11,65";"11";"114";"166";"3";"4"
"02.12.2015 03:50:00";"4";"0";"277";"3,87";"16777216";"1776707";"10,59";"5";"117";"166";"5";"6"
"02.12.2015 03:55:00";"4";"0";"232";"3,24";"16777216";"2066953";"12,32";"6";"89";"166";"2";"3"
"02.12.2015 04:00:00";"4";"0";"567";"7,9";"16777216";"2793406";"16,65";"1435";"652";"166";"28";"8"
"02.12.2015 04:05:00";"4";"0";"362";"5,05";"16777216";"3409130";"20,32";"218";"379";"166";"4";"5"
"02.12.2015 04:10:00";"4";"0";"248";"3,46";"16777216";"2201171";"13,12";"18";"174";"166";"3";"4"
"02.12.2015 04:15:00";"4";"0";"283";"3,94";"16777216";"2066953";"12,32";"24";"112";"166";"2";"3"
"02.12.2015 04:20:00";"4";"0";"281";"3,91";"16777216";"2078697";"12,39";"22";"117";"166";"5";"6"
"02.12.2015 04:25:00";"4";"0";"295";"4,11";"16777216";"2179360";"12,99";"12";"111";"166";"2";"3"
"02.12.2015 04:30:00";"4";"0";"248";"3,46";"16777216";"1664300";"9,92";"0";"111";"166";"3";"4"
"02.12.2015 04:35:00";"4";"0";"304";"4,24";"16777216";"1697854";"10,12";"4";"144";"166";"25";"11"
"02.12.2015 04:40:00";"4";"0";"310";"4,31";"16777216";"2347132";"13,99";"1";"132";"166";"10";"8"
"02.12.2015 04:45:00";"4";"0";"374";"5,22";"16777216";"2112252";"12,59";"498";"201";"166";"39";"24"
"02.12.2015 04:50:00";"4";"0";"391";"5,44";"16777216";"2357199";"14,05";"0";"172";"166";"45";"19"
"02.12.2015 04:55:00";"4";"0";"321";"4,48";"16777216";"2436052";"14,52";"10";"111";"166";"6";"5"
"02.12.2015 05:00:00";"4";"0";"269";"3,75";"16777216";"1810262";"10,79";"0";"110";"166";"3";"4"
"02.12.2015 05:05:00";"4";"0";"519";"7,23";"16777216";"3375576";"20,12";"179";"1723";"166";"46";"535"
"02.12.2015 05:10:00";"4";"0";"248";"3,46";"16777216";"2659189";"15,85";"3";"108";"166";"3";"4"
"02.12.2015 05:15:00";"4";"0";"247";"3,44";"16777216";"1877370";"11,19";"3";"92";"166";"2";"3"
"02.12.2015 05:20:00";"4";"0";"271";"3,78";"16777216";"1932735";"11,52";"8";"94";"166";"5";"6"
"02.12.2015 05:25:00";"4";"0";"235";"3,28";"16777216";"1853882";"11,05";"1";"87";"166";"2";"3"
"02.12.2015 05:30:00";"4";"0";"253";"3,53";"16777216";"1462973";"8,72";"4";"100";"166";"3";"4"
"02.12.2015 05:35:00";"4";"0";"299";"4,17";"16777216";"2055209";"12,25";"5";"121";"166";"5";"6"
"02.12.2015 05:40:00";"4";"0";"316";"4,4";"16777216";"1664300";"9,92";"9";"128";"166";"3";"4"
"02.12.2015 05:45:00";"4";"0";"330";"4,6";"16777216";"2033399";"12,12";"0";"158";"166";"26";"7"
"02.12.2015 05:50:00";"4";"0";"285";"3,97";"16777216";"2749786";"16,39";"1";"100";"166";"7";"6"
"02.12.2015 05:55:00";"4";"0";"252";"3,51";"16777216";"2536715";"15,12";"1";"99";"166";"2";"3"
"02.12.2015 06:00:00";"4";"0";"454";"6,32";"16777216";"2301834";"13,72";"135";"632";"166";"3";"4"
"02.12.2015 06:05:00";"4";"0";"776";"10,81";"16777216";"4370465";"26,05";"81649";"1025";"166";"27";"5426"
"02.12.2015 06:10:00";"4";"0";"320";"4,46";"16777216";"4461062";"26,59";"9976";"135";"166";"41";"77"
"02.12.2015 06:15:00";"4";"0";"263";"3,66";"16777216";"2615568";"15,59";"23";"98";"166";"2";"3"
"02.12.2015 06:20:00";"4";"0";"268";"3,73";"16777216";"1920991";"11,45";"1120";"99";"166";"5";"5"
"02.12.2015 06:25:00";"4";"0";"246";"3,43";"16777216";"2145806";"12,79";"5";"94";"166";"2";"3"
"02.12.2015 06:30:00";"4";"0";"247";"3,44";"16777216";"1843816";"10,99";"2";"98";"166";"3";"4"
"02.12.2015 06:35:00";"4";"0";"324";"4,52";"16777216";"1776707";"10,59";"13";"114";"166";"7";"8"
"02.12.2015 06:40:00";"4";"0";"272";"3,79";"16777216";"2145806";"12,79";"3";"103";"166";"4";"5"
"02.12.2015 06:45:00";"4";"0";"330";"4,6";"16777216";"1810262";"10,79";"7";"149";"166";"23";"7"
"02.12.2015 06:50:00";"4";"0";"321";"4,47";"16777216";"1932735";"11,52";"4";"123";"166";"14";"8"
"02.12.2015 06:55:00";"4";"0";"244";"3,41";"16777216";"1865626";"11,12";"4";"88";"166";"2";"3"
"02.12.2015 07:00:00";"4";"0";"254";"3,54";"16777216";"1810262";"10,79";"5";"92";"166";"3";"4"
"02.12.2015 07:05:00";"4";"0";"285";"3,97";"16777216";"2503161";"14,92";"41";"115";"166";"4";"5"
"02.12.2015 07:10:00";"4";"0";"241";"3,36";"16777216";"1988100";"11,85";"0";"103";"166";"3";"4"
"02.12.2015 07:15:00";"4";"0";"254";"3,54";"16777216";"1966290";"11,72";"1";"103";"166";"2";"3"
"02.12.2015 07:20:00";"4";"0";"275";"3,84";"16777216";"1776707";"10,59";"4";"111";"166";"5";"5"
"02.12.2015 07:25:00";"4";"0";"248";"3,46";"16777216";"2011588";"11,99";"3";"96";"166";"2";"3"
"02.12.2015 07:30:00";"4";"0";"259";"3,6";"16777216";"2145806";"12,79";"5";"104";"166";"3";"4"
"02.12.2015 07:35:00";"4";"0";"292";"4,07";"16777216";"1664300";"9,92";"9";"132";"166";"5";"6"
"02.12.2015 07:40:00";"4";"0";"263";"3,66";"16777216";"1920991";"11,45";"3";"114";"166";"3";"4"
"02.12.2015 07:45:00";"4";"0";"328";"4,57";"16777216";"1920991";"11,45";"12";"154";"166";"26";"7"
"02.12.2015 07:50:00";"4";"0";"278";"3,88";"16777216";"1932735";"11,52";"3";"107";"166";"7";"6"
"02.12.2015 07:55:00";"4";"0";"240";"3,34";"16777216";"1719665";"10,25";"3";"90";"166";"2";"3"
"02.12.2015 08:00:00";"4";"0";"329";"4,58";"16777216";"2536715";"15,12";"136";"120";"166";"3";"4"
"02.12.2015 08:05:00";"4";"0";"305";"4,26";"16777216";"2649122";"15,79";"8";"138";"166";"4";"5"
"02.12.2015 08:10:00";"4";"0";"251";"3,51";"16777216";"2290090";"13,65";"6";"109";"166";"2";"4"
"02.12.2015 08:15:00";"4";"0";"275";"3,83";"16777216";"2088763";"12,45";"11";"113";"166";"2";"3"
"02.12.2015 08:20:00";"4";"0";"286";"3,98";"16777216";"2481350";"14,79";"0";"119";"166";"5";"6"
"02.12.2015 08:25:00";"4";"0";"364";"5,07";"16777216";"2939368";"17,52";"363";"609";"166";"2";"3"
"02.12.2015 08:30:00";"4";"0";"257";"3,58";"16777216";"2524971";"15,05";"4";"578";"166";"3";"4"
"02.12.2015 08:35:00";"4";"0";"286";"3,98";"16777216";"1899181";"11,32";"1";"122";"166";"5";"6"
"02.12.2015 08:40:00";"4";"0";"300";"4,18";"16777216";"2347132";"13,99";"6";"111";"166";"3";"4"
"02.12.2015 08:45:00";"4";"0";"338";"4,71";"16777216";"1843816";"10,99";"6";"155";"166";"26";"8"
"02.12.2015 08:50:00";"4";"0";"282";"3,93";"16777216";"2323644";"13,85";"6";"115";"166";"7";"6"
"02.12.2015 08:55:00";"4";"0";"240";"3,35";"16777216";"2357199";"14,05";"4";"91";"166";"2";"3"
"02.12.2015 09:00:00";"4";"0";"253";"3,52";"16777216";"1597191";"9,52";"0";"95";"166";"2";"4"
"02.12.2015 09:05:00";"4";"0";"489";"6,81";"16777216";"2380687";"14,19";"6";"1327";"166";"45";"391"
"02.12.2015 09:10:00";"4";"0";"250";"3,48";"16777216";"2402497";"14,32";"0";"117";"166";"3";"4"
"02.12.2015 09:15:00";"4";"0";"263";"3,67";"16777216";"1865626";"11,12";"0";"110";"166";"2";"3"
"02.12.2015 09:20:00";"4";"0";"285";"3,97";"16777216";"1999844";"11,92";"0";"123";"166";"5";"5"
"02.12.2015 09:25:00";"4";"0";"251";"3,49";"16777216";"2313578";"13,79";"0";"105";"166";"2";"3"
"02.12.2015 09:30:00";"4";"0";"261";"3,64";"16777216";"2201171";"13,12";"0";"105";"166";"3";"4"
"02.12.2015 09:35:00";"4";"0";"307";"4,27";"16777216";"2256536";"13,45";"1";"137";"166";"5";"6"
"02.12.2015 09:40:00";"4";"0";"251";"3,5";"16777216";"2313578";"13,79";"0";"111";"166";"3";"4"
"02.12.2015 09:45:00";"4";"0";"278";"3,88";"16777216";"2055209";"12,25";"0";"119";"166";"3";"4"
"02.12.2015 09:50:00";"4";"0";"367";"5,12";"16777216";"2436052";"14,52";"1";"181";"166";"30";"10"
"02.12.2015 09:55:00";"4";"0";"238";"3,32";"16777216";"2088763";"12,45";"0";"101";"166";"2";"3"
"02.12.2015 10:00:00";"4";"0";"504";"7,02";"16777216";"2783340";"16,59";"133";"611";"166";"3";"4"
"02.12.2015 10:05:00";"4";"0";"303";"4,22";"16777216";"3430941";"20,45";"2";"351";"166";"4";"5"
"02.12.2015 10:10:00";"4";"0";"240";"3,35";"16777216";"2368943";"14,12";"5";"122";"166";"3";"4"
"02.12.2015 10:15:00";"4";"0";"270";"3,77";"16777216";"1686110";"10,05";"37";"134";"166";"2";"3"
"02.12.2015 10:20:00";"4";"0";"528";"7,36";"16777216";"2313578";"13,79";"46";"133";"166";"5";"6"
"02.12.2015 10:25:00";"4";"0";"241";"3,36";"16777216";"2380687";"14,19";"7";"107";"166";"2";"3"
"02.12.2015 10:30:00";"4";"0";"257";"3,58";"16777216";"1877370";"11,19";"9";"121";"166";"3";"4"
"02.12.2015 10:35:00";"4";"0";"268";"3,74";"16777216";"2145806";"12,79";"8";"127";"166";"4";"5"
"02.12.2015 10:40:00";"4";"0";"248";"3,46";"16777216";"1676044";"9,99";"8";"94";"166";"3";"4"
"02.12.2015 10:45:00";"4";"0";"254";"3,54";"16777216";"1575381";"9,39";"9";"130";"166";"2";"3"
"02.12.2015 10:50:00";"4";"0";"267";"3,73";"16777216";"2112252";"12,59";"8";"119";"166";"5";"5"
"02.12.2015 10:55:00";"4";"0";"252";"3,51";"16777216";"2078697";"12,39";"9";"102";"166";"2";"3"
"02.12.2015 11:00:00";"4";"0";"288";"4,01";"16777216";"2704487";"16,12";"14";"151";"166";"3";"4"
"02.12.2015 11:05:00";"4";"0";"307";"4,28";"16777216";"3018221";"17,99";"19";"163";"166";"4";"5"
"02.12.2015 11:10:00";"4";"0";"264";"3,67";"16777216";"2313578";"13,79";"13";"147";"166";"3";"4"
"02.12.2015 11:15:00";"4";"0";"285";"3,97";"16777216";"2045143";"12,19";"17";"159";"166";"2";"4"
"02.12.2015 11:20:00";"4";"0";"327";"4,56";"16777216";"2112252";"12,59";"13";"150";"166";"9";"10"
"02.12.2015 11:25:00";"4";"0";"282";"3,92";"16777216";"2447796";"14,59";"12";"123";"166";"4";"5"
"02.12.2015 11:30:00";"4";"0";"290";"4,04";"16777216";"2347132";"13,99";"7";"131";"166";"6";"7"
"02.12.2015 11:35:00";"4";"0";"303";"4,22";"16777216";"2112252";"12,59";"10";"132";"166";"6";"7"
"02.12.2015 11:40:00";"4";"0";"331";"4,61";"16777216";"1810262";"10,79";"13";"130";"166";"5";"6"
"02.12.2015 11:45:00";"4";"0";"324";"4,52";"16777216";"2347132";"13,99";"13";"151";"166";"6";"7"
"02.12.2015 11:50:00";"4";"0";"276";"3,84";"16777216";"2582014";"15,39";"8";"128";"166";"5";"6"
"02.12.2015 11:55:00";"4";"0";"441";"6,14";"16777216";"2481350";"14,79";"31";"240";"166";"22";"7"
"02.12.2015 12:00:00";"4";"0";"422";"5,88";"16777216";"2548459";"15,19";"14";"217";"166";"11";"7"
"02.12.2015 12:05:00";"4";"0";"1414";"19,69";"16777216";"4695943";"27,99";"101";"3034";"166";"4";"5"
"02.12.2015 12:10:00";"4";"0";"270";"3,76";"16777216";"3588646";"21,39";"10";"1185";"166";"3";"4"
"02.12.2015 12:15:00";"4";"0";"293";"4,09";"16777216";"2368943";"14,12";"14";"161";"166";"2";"3"
"02.12.2015 12:20:00";"4";"0";"303";"4,23";"16777216";"2414241";"14,39";"60";"169";"166";"5";"6"
"02.12.2015 12:25:00";"4";"0";"279";"3,9";"16777216";"2380687";"14,19";"11";"151";"166";"2";"3"
"02.12.2015 12:30:00";"4";"0";"265";"3,69";"16777216";"2088763";"12,45";"8";"136";"166";"3";"4"
"02.12.2015 12:35:00";"4";"0";"317";"4,42";"16777216";"2100508";"12,52";"11";"150";"166";"5";"6"
"02.12.2015 12:40:00";"4";"0";"281";"3,91";"16777216";"1988100";"11,85";"10";"138";"166";"3";"4"
"02.12.2015 12:45:00";"4";"0";"342";"4,76";"16777216";"1944479";"11,59";"10";"189";"166";"28";"8"
"02.12.2015 12:50:00";"4";"0";"284";"3,96";"16777216";"2100508";"12,52";"10";"137";"166";"5";"5"
"02.12.2015 12:55:00";"4";"0";"246";"3,44";"16777216";"2380687";"14,19";"14";"108";"166";"2";"3"
"02.12.2015 13:00:00";"4";"0";"254";"3,54";"16777216";"1743153";"10,39";"18";"117";"166";"3";"4"
"02.12.2015 13:05:00";"4";"0";"624";"8,69";"16777216";"3196060";"19,05";"427";"582";"166";"46";"685"
"02.12.2015 13:10:00";"4";"0";"243";"3,39";"16777216";"2850449";"16,99";"0";"131";"166";"3";"4"
"02.12.2015 13:15:00";"4";"0";"266";"3,71";"16777216";"2246469";"13,39";"1";"135";"166";"2";"3"
"02.12.2015 13:20:00";"4";"0";"283";"3,94";"16777216";"2088763";"12,45";"0";"136";"166";"5";"6"
"02.12.2015 13:25:00";"4";"0";"248";"3,45";"16777216";"2179360";"12,99";"16";"110";"166";"2";"3"
"02.12.2015 13:30:00";"4";"0";"309";"4,3";"16777216";"1920991";"11,45";"1";"153";"166";"3";"4"
"02.12.2015 13:35:00";"4";"0";"873";"12,17";"16777216";"3162505";"18,85";"91010";"166";"166";"6";"7"
"02.12.2015 13:40:00";"4";"0";"307";"4,27";"16777216";"4784862";"28,52";"1906";"146";"166";"4";"5"
"02.12.2015 13:45:00";"4";"0";"319";"4,45";"16777216";"3006477";"17,92";"11";"145";"166";"7";"8"
"02.12.2015 13:50:00";"4";"0";"435";"6,06";"16777216";"2222981";"13,25";"14";"179";"166";"37";"17"
"02.12.2015 13:55:00";"4";"0";"254";"3,55";"16777216";"1966290";"11,72";"9";"107";"166";"2";"3"
"02.12.2015 14:00:00";"4";"0";"510";"7,11";"16777216";"2222981";"13,25";"654";"583";"166";"3";"4"
"02.12.2015 14:05:00";"4";"0";"305";"4,26";"16777216";"3219548";"19,19";"46";"332";"166";"4";"5"
"02.12.2015 14:10:00";"4";"0";"261";"3,64";"16777216";"2469606";"14,72";"9";"129";"166";"3";"4"
"02.12.2015 14:15:00";"4";"0";"261";"3,64";"16777216";"1865626";"11,12";"11";"141";"166";"2";"3"
"02.12.2015 14:20:00";"4";"0";"298";"4,15";"16777216";"2021655";"12,05";"13";"148";"166";"5";"6"
"02.12.2015 14:25:00";"4";"0";"268";"3,74";"16777216";"2189427";"13,05";"11";"135";"166";"2";"3"
"02.12.2015 14:30:00";"4";"0";"275";"3,83";"16777216";"2469606";"14,72";"12";"143";"166";"3";"4"
"02.12.2015 14:35:00";"4";"0";"292";"4,06";"16777216";"2212915";"13,19";"18";"156";"166";"5";"6"
"02.12.2015 14:40:00";"4";"0";"295";"4,11";"16777216";"1731409";"10,32";"19";"123";"166";"3";"4"
"02.12.2015 14:45:00";"4";"0";"351";"4,89";"16777216";"2021655";"12,05";"15";"192";"166";"26";"8"
"02.12.2015 14:50:00";"4";"0";"379";"5,29";"16777216";"1954546";"11,65";"11";"144";"166";"45";"43"
"02.12.2015 14:55:00";"4";"0";"289";"4,02";"16777216";"2112252";"12,59";"9";"113";"166";"6";"7"
"02.12.2015 15:00:00";"4";"0";"257";"3,58";"16777216";"2045143";"12,19";"8";"125";"166";"3";"4"
"02.12.2015 15:05:00";"4";"0";"297";"4,14";"16777216";"2917558";"17,39";"13";"146";"166";"4";"5"
"02.12.2015 15:10:00";"4";"0";"277";"3,87";"16777216";"2582014";"15,39";"14";"154";"166";"3";"4"
"02.12.2015 15:15:00";"4";"0";"246";"3,43";"16777216";"2066953";"12,32";"8";"142";"166";"2";"3"
"02.12.2015 15:20:00";"4";"0";"272";"3,79";"16777216";"2323644";"13,85";"8";"126";"166";"5";"5"
"02.12.2015 15:25:00";"4";"0";"396";"5,51";"16777216";"2491417";"14,85";"338";"153";"166";"2";"3"
"02.12.2015 15:30:00";"4";"0";"300";"4,18";"16777216";"2078697";"12,39";"13";"174";"166";"3";"4"
"02.12.2015 15:35:00";"4";"0";"279";"3,88";"16777216";"2066953";"12,32";"9";"158";"166";"5";"6"
"02.12.2015 15:40:00";"4";"0";"272";"3,78";"16777216";"2436052";"14,52";"10";"138";"166";"3";"4"
"02.12.2015 15:45:00";"4";"0";"259";"3,61";"16777216";"2380687";"14,19";"7";"144";"166";"3";"4"
"02.12.2015 15:50:00";"4";"0";"358";"4,99";"16777216";"2112252";"12,59";"13";"171";"166";"15";"8"
"02.12.2015 15:55:00";"4";"0";"251";"3,49";"16777216";"2167616";"12,92";"11";"139";"166";"2";"3"
"02.12.2015 16:00:00";"4";"0";"472";"6,58";"16777216";"2122318";"12,65";"566";"355";"166";"3";"4"
"02.12.2015 16:05:00";"4";"0";"290";"4,04";"16777216";"3320211";"19,79";"11";"244";"166";"4";"5"
"02.12.2015 16:10:00";"4";"0";"258";"3,59";"16777216";"2357199";"14,05";"9";"127";"166";"3";"4"
"02.12.2015 16:15:00";"4";"0";"276";"3,85";"16777216";"2380687";"14,19";"17";"153";"166";"2";"3"
"02.12.2015 16:20:00";"4";"0";"295";"4,12";"16777216";"2045143";"12,19";"12";"167";"166";"5";"6"
"02.12.2015 16:25:00";"4";"0";"284";"3,97";"16777216";"2045143";"12,19";"8";"117";"166";"10";"13"
"02.12.2015 16:30:00";"4";"0";"290";"4,04";"16777216";"2167616";"12,92";"8";"122";"166";"10";"11"
"02.12.2015 16:35:00";"4";"0";"313";"4,37";"16777216";"1776707";"10,59";"12";"150";"166";"7";"8"
"02.12.2015 16:40:00";"4";"0";"267";"3,72";"16777216";"2189427";"13,05";"8";"135";"166";"3";"4"
"02.12.2015 16:45:00";"4";"0";"387";"5,39";"16777216";"2100508";"12,52";"12";"191";"166";"32";"11"
"02.12.2015 16:50:00";"4";"0";"369";"5,14";"16777216";"2368943";"14,12";"8";"140";"166";"13";"14"
"02.12.2015 16:55:00";"4";"0";"257";"3,58";"16777216";"1954546";"11,65";"7";"105";"166";"4";"5"
"02.12.2015 17:00:00";"4";"0";"292";"4,07";"16777216";"1910925";"11,39";"14";"137";"166";"3";"4"
"02.12.2015 17:05:00";"4";"0";"510";"7,11";"16777216";"3128951";"18,65";"64";"1668";"166";"45";"493"
"02.12.2015 17:10:00";"4";"0";"273";"3,81";"16777216";"3107140";"18,52";"6";"133";"166";"3";"4"
"02.12.2015 17:15:00";"4";"0";"253";"3,52";"16777216";"2201171";"13,12";"4";"147";"166";"2";"3"
"02.12.2015 17:20:00";"4";"0";"296";"4,12";"16777216";"2301834";"13,72";"5";"140";"166";"5";"5"
"02.12.2015 17:25:00";"4";"0";"305";"4,26";"16777216";"2402497";"14,32";"13";"162";"166";"2";"3"
"02.12.2015 17:30:00";"4";"0";"293";"4,09";"16777216";"1954546";"11,65";"5";"165";"166";"3";"4"
"02.12.2015 17:35:00";"4";"0";"298";"4,15";"16777216";"2134062";"12,72";"1";"155";"166";"5";"6"
"02.12.2015 17:40:00";"4";"0";"337";"4,69";"16777216";"2112252";"12,59";"3";"128";"166";"6";"7"
"02.12.2015 17:45:00";"4";"0";"336";"4,68";"16777216";"2122318";"12,65";"4";"182";"166";"26";"7"
"02.12.2015 17:50:00";"4";"0";"286";"3,99";"16777216";"2021655";"12,05";"3";"138";"166";"7";"6"
"02.12.2015 17:55:00";"4";"0";"235";"3,28";"16777216";"1753219";"10,45";"2";"110";"166";"2";"3"
"02.12.2015 18:00:00";"4";"0";"412";"5,74";"16777216";"2548459";"15,19";"139";"508";"166";"3";"4"
"02.12.2015 18:05:00";"4";"0";"291";"4,05";"16777216";"2682677";"15,99";"6";"308";"166";"4";"5"
"02.12.2015 18:10:00";"4";"0";"274";"3,82";"16777216";"2682677";"15,99";"6";"119";"166";"3";"4"
"02.12.2015 18:15:00";"4";"0";"288";"4,02";"16777216";"2145806";"12,79";"17";"156";"166";"2";"3"
"02.12.2015 18:20:00";"4";"0";"286";"3,99";"16777216";"2078697";"12,39";"11";"147";"166";"5";"6"
"02.12.2015 18:25:00";"4";"0";"258";"3,6";"16777216";"1978034";"11,79";"1";"127";"166";"2";"3"
"02.12.2015 18:30:00";"4";"0";"261";"3,64";"16777216";"2112252";"12,59";"0";"140";"166";"3";"4"
"02.12.2015 18:35:00";"4";"0";"349";"4,87";"16777216";"2313578";"13,79";"0";"155";"166";"58";"59"
"02.12.2015 18:40:00";"4";"0";"338";"4,7";"16777216";"1910925";"11,39";"0";"120";"166";"57";"59"
"02.12.2015 18:45:00";"4";"0";"267";"3,72";"16777216";"2179360";"12,99";"0";"141";"166";"11";"13"
"02.12.2015 18:50:00";"4";"0";"331";"4,61";"16777216";"2011588";"11,99";"0";"189";"166";"51";"20"
"02.12.2015 18:55:00";"4";"0";"300";"4,18";"16777216";"2313578";"13,79";"0";"114";"166";"25";"29"
"02.12.2015 19:00:00";"4";"0";"312";"4,36";"16777216";"1619001";"9,65";"2";"146";"166";"15";"17"
"02.12.2015 19:05:00";"4";"0";"292";"4,08";"16777216";"2749786";"16,39";"1";"150";"166";"12";"14"
"02.12.2015 19:10:00";"4";"0";"284";"3,95";"16777216";"1776707";"10,59";"0";"136";"166";"21";"25"
"02.12.2015 19:15:00";"4";"0";"285";"3,97";"16777216";"1709598";"10,19";"1";"142";"166";"20";"23"
"02.12.2015 19:20:00";"4";"0";"308";"4,3";"16777216";"2256536";"13,45";"0";"142";"166";"27";"31"
"02.12.2015 19:25:00";"4";"0";"269";"3,75";"16777216";"2280024";"13,59";"0";"114";"166";"19";"22"
"02.12.2015 19:30:00";"4";"0";"304";"4,23";"16777216";"2078697";"12,39";"0";"131";"166";"34";"40"
"02.12.2015 19:35:00";"4";"0";"298";"4,15";"16777216";"1743153";"10,39";"1";"155";"166";"10";"12"
"02.12.2015 19:40:00";"4";"0";"260";"3,62";"16777216";"2212915";"13,19";"0";"141";"166";"6";"8"
"02.12.2015 19:45:00";"4";"0";"263";"3,66";"16777216";"2212915";"13,19";"0";"135";"166";"7";"8"
"02.12.2015 19:50:00";"4";"0";"314";"4,37";"16777216";"2011588";"11,99";"0";"147";"166";"23";"25"
"02.12.2015 19:55:00";"4";"0";"367";"5,11";"16777216";"2481350";"14,79";"0";"173";"166";"52";"34"
"02.12.2015 20:00:00";"4";"0";"922";"12,85";"16777216";"3128951";"18,65";"4787";"584";"166";"19";"23"
"02.12.2015 20:05:00";"4";"0";"1054";"14,68";"16777216";"5690831";"33,92";"91077";"1624";"166";"43";"7188"
"02.12.2015 20:10:00";"4";"0";"307";"4,27";"16777216";"6148850";"36,65";"73";"199";"166";"44";"62"
"02.12.2015 20:15:00";"4";"0";"313";"4,37";"16777216";"3565158";"21,25";"163";"150";"166";"11";"12"
"02.12.2015 20:20:00";"4";"0";"313";"4,36";"16777216";"2469606";"14,72";"1077";"162";"166";"10";"11"
"02.12.2015 20:25:00";"4";"0";"253";"3,52";"16777216";"2738042";"16,32";"9";"135";"166";"9";"10"
"02.12.2015 20:30:00";"4";"0";"253";"3,52";"16777216";"2066953";"12,32";"8";"129";"166";"3";"4"
"02.12.2015 20:35:00";"4";"0";"286";"3,99";"16777216";"2436052";"14,52";"13";"146";"166";"5";"6"
"02.12.2015 20:40:00";"4";"0";"314";"4,37";"16777216";"2280024";"13,59";"24";"130";"166";"4";"6"
"02.12.2015 20:45:00";"4";"0";"343";"4,78";"16777216";"2100508";"12,52";"14";"185";"166";"28";"8"
"02.12.2015 20:50:00";"4";"0";"286";"3,99";"16777216";"2280024";"13,59";"9";"143";"166";"11";"12"
"02.12.2015 20:55:00";"4";"0";"262";"3,65";"16777216";"2280024";"13,59";"9";"113";"166";"13";"14"
"02.12.2015 21:00:00";"4";"0";"278";"3,87";"16777216";"1966290";"11,72";"8";"133";"166";"13";"15"
"02.12.2015 21:05:00";"4";"0";"398";"5,55";"16777216";"3174249";"18,92";"42";"456";"166";"55";"122"
"02.12.2015 21:10:00";"4";"0";"251";"3,5";"16777216";"2347132";"13,99";"3";"127";"166";"7";"8"
"02.12.2015 21:15:00";"4";"0";"250";"3,49";"16777216";"1999844";"11,92";"13";"130";"166";"6";"7"
"02.12.2015 21:20:00";"4";"0";"290";"4,04";"16777216";"2033399";"12,12";"3";"135";"166";"9";"10"
"02.12.2015 21:25:00";"4";"0";"253";"3,52";"16777216";"2201171";"13,12";"5";"116";"166";"10";"10"
"02.12.2015 21:30:00";"4";"0";"296";"4,12";"16777216";"1978034";"11,79";"8";"132";"166";"13";"14"
"02.12.2015 21:35:00";"4";"0";"457";"6,36";"16777216";"2189427";"13,05";"6";"154";"166";"25";"27"
"02.12.2015 21:40:00";"4";"0";"292";"4,07";"16777216";"2280024";"13,59";"4";"123";"166";"8";"9"
"02.12.2015 21:45:00";"4";"0";"330";"4,6";"16777216";"1978034";"11,79";"9";"183";"166";"29";"10"
"02.12.2015 21:50:00";"4";"0";"346";"4,82";"16777216";"2347132";"13,99";"5";"152";"166";"46";"45"
"02.12.2015 21:55:00";"4";"0";"265";"3,7";"16777216";"2390753";"14,25";"4";"119";"166";"22";"23"
"02.12.2015 22:00:00";"4";"0";"462";"6,44";"16777216";"2390753";"14,25";"460";"573";"166";"17";"19"
"02.12.2015 22:05:00";"4";"0";"790";"11,01";"16777216";"4024854";"23,99";"2055";"548";"166";"16";"18"
"02.12.2015 22:10:00";"4";"0";"261";"3,63";"16777216";"2749786";"16,39";"2";"294";"166";"5";"6"
"02.12.2015 22:15:00";"4";"0";"261";"3,64";"16777216";"1910925";"11,39";"2";"130";"166";"5";"6"
"02.12.2015 22:20:00";"4";"0";"379";"5,29";"16777216";"2033399";"12,12";"17";"166";"166";"14";"16"
"02.12.2015 22:25:00";"4";"0";"262";"3,66";"16777216";"2347132";"13,99";"1";"148";"166";"7";"8"
"02.12.2015 22:30:00";"4";"0";"437";"6,09";"16777216";"2100508";"12,52";"18";"197";"166";"29";"9"
"02.12.2015 22:35:00";"4";"0";"294";"4,09";"16777216";"2179360";"12,99";"3";"159";"166";"4";"5"
"02.12.2015 22:40:00";"4";"0";"267";"3,72";"16777216";"2179360";"12,99";"4";"111";"166";"2";"4"
"02.12.2015 22:45:00";"4";"0";"262";"3,66";"16777216";"2011588";"11,99";"2";"129";"166";"2";"3"
"02.12.2015 22:50:00";"4";"0";"298";"4,15";"16777216";"2481350";"14,79";"4";"141";"166";"5";"6"
"02.12.2015 22:55:00";"4";"0";"276";"3,85";"16777216";"2582014";"15,39";"2";"114";"166";"4";"6"
"02.12.2015 23:00:00";"4";"0";"277";"3,86";"16777216";"1877370";"11,19";"2";"130";"166";"3";"4"
"02.12.2015 23:05:00";"4";"0";"342";"4,76";"16777216";"3118884";"18,59";"6";"161";"166";"6";"7"
"02.12.2015 23:10:00";"4";"0";"303";"4,22";"16777216";"1910925";"11,39";"21";"148";"166";"3";"4"
"02.12.2015 23:15:00";"4";"0";"275";"3,84";"16777216";"2380687";"14,19";"19";"140";"166";"2";"3"
"02.12.2015 23:20:00";"4";"0";"288";"4,02";"16777216";"2112252";"12,59";"7";"138";"166";"5";"6"
"02.12.2015 23:25:00";"4";"0";"285";"3,97";"16777216";"1810262";"10,79";"6";"120";"166";"4";"5"
"02.12.2015 23:30:00";"4";"0";"281";"3,91";"16777216";"1642489";"9,79";"4";"136";"166";"3";"4"
"02.12.2015 23:35:00";"4";"0";"284";"3,96";"16777216";"1978034";"11,79";"4";"152";"166";"4";"5"
"02.12.2015 23:40:00";"4";"0";"303";"4,23";"16777216";"1709598";"10,19";"5";"126";"166";"3";"4"
"02.12.2015 23:45:00";"4";"0";"276";"3,84";"16777216";"2179360";"12,99";"1";"144";"166";"3";"4"
"02.12.2015 23:50:00";"4";"0";"368";"5,13";"16777216";"1820328";"10,85";"1";"190";"166";"28";"10"
"02.12.2015 23:55:00";"4";"0";"289";"4,03";"16777216";"2548459";"15,19";"5";"134";"166";"4";"4"
"03.12.2015 00:00:00";"4";"0";"349";"4,86";"16777216";"1697854";"10,12";"223";"212";"166";"3";"4"
"03.12.2015 00:05:00";"4";"0";"480";"6,68";"16777216";"3162505";"18,85";"41";"483";"166";"65";"7"
"03.12.2015 00:10:00";"4";"0";"617";"8,59";"16777216";"3118884";"18,59";"83";"539";"166";"52";"5"
"03.12.2015 00:15:00";"4";"0";"790";"11";"16777216";"4528171";"26,99";"801";"559";"166";"55";"5"
"03.12.2015 00:20:00";"4";"0";"308";"4,29";"16777216";"2984667";"17,79";"8";"206";"166";"66";"8"
"03.12.2015 00:25:00";"4";"0";"1468";"20,44";"16777216";"3353765";"19,99";"181";"9025";"166";"28";"4"
"03.12.2015 00:30:00";"4";"0";"474";"6,6";"16777216";"6048186";"36,05";"91";"4725";"166";"118";"8"
"03.12.2015 00:35:00";"4";"0";"1489";"20,74";"16777216";"4091963";"24,39";"575";"4361";"166";"9";"5"
"03.12.2015 00:40:00";"4";"0";"267";"3,72";"16777216";"4382209";"26,12";"0";"645";"166";"3";"4"
"03.12.2015 00:45:00";"4";"0";"269";"3,75";"16777216";"2615568";"15,59";"0";"90";"166";"2";"4"
"03.12.2015 00:50:00";"4";"0";"345";"4,81";"16777216";"1966290";"11,72";"1138";"97";"166";"9";"9"
"03.12.2015 00:55:00";"4";"0";"250";"3,48";"16777216";"2100508";"12,52";"19";"82";"166";"2";"3"
"03.12.2015 01:00:00";"4";"0";"281";"3,91";"16777216";"2100508";"12,52";"0";"84";"166";"5";"6"
"03.12.2015 01:05:00";"4";"0";"1195";"16,64";"16777216";"3900703";"23,25";"6705";"647";"166";"26";"1979"
"03.12.2015 01:10:00";"4";"0";"495";"6,9";"16777216";"4192626";"24,99";"1771";"215";"166";"48";"549"
"03.12.2015 01:15:00";"4";"0";"261";"3,63";"16777216";"2402497";"14,32";"19";"89";"166";"2";"3"
"03.12.2015 01:20:00";"4";"0";"287";"4";"16777216";"2189427";"13,05";"1096";"82";"166";"5";"5"
"03.12.2015 01:25:00";"4";"0";"258";"3,59";"16777216";"1853882";"11,05";"21";"79";"166";"2";"3"
"03.12.2015 01:30:00";"4";"0";"258";"3,59";"16777216";"2100508";"12,52";"9";"85";"166";"3";"4"
"03.12.2015 01:35:00";"4";"0";"300";"4,19";"16777216";"1832072";"10,92";"46";"91";"166";"4";"5"
"03.12.2015 01:40:00";"4";"0";"277";"3,87";"16777216";"1764963";"10,52";"28";"108";"166";"3";"4"
"03.12.2015 01:45:00";"4";"0";"265";"3,7";"16777216";"1843816";"10,99";"8";"98";"166";"3";"4"
"03.12.2015 01:50:00";"4";"0";"289";"4,03";"16777216";"2055209";"12,25";"9";"89";"166";"5";"6"
"03.12.2015 01:55:00";"4";"0";"332";"4,62";"16777216";"1776707";"10,59";"13";"129";"166";"23";"7"
"03.12.2015 02:00:00";"4";"0";"486";"6,76";"16777216";"2783340";"16,59";"808";"532";"166";"8";"6"
"03.12.2015 02:05:00";"4";"0";"608";"8,47";"16777216";"3867148";"23,05";"6570";"481";"166";"46";"2057"
"03.12.2015 02:10:00";"4";"0";"359";"5,01";"16777216";"4717753";"28,12";"1169";"295";"166";"7";"466"
"03.12.2015 02:15:00";"4";"0";"263";"3,67";"16777216";"2927624";"17,45";"14";"97";"166";"2";"3"
"03.12.2015 02:20:00";"4";"0";"275";"3,83";"16777216";"2088763";"12,45";"14";"94";"166";"5";"6"
"03.12.2015 02:25:00";"4";"0";"248";"3,46";"16777216";"2088763";"12,45";"2";"79";"166";"4";"5"
"03.12.2015 02:30:00";"4";"0";"279";"3,88";"16777216";"1978034";"11,79";"1";"91";"166";"6";"7"
"03.12.2015 02:35:00";"4";"0";"305";"4,25";"16777216";"2951112";"17,59";"5";"104";"166";"8";"9"
"03.12.2015 02:40:00";"4";"0";"301";"4,19";"16777216";"2134062";"12,72";"3";"96";"166";"4";"5"
"03.12.2015 02:45:00";"4";"0";"248";"3,46";"16777216";"2122318";"12,65";"0";"91";"166";"3";"4"
"03.12.2015 02:50:00";"4";"0";"294";"4,1";"16777216";"1786773";"10,65";"1";"93";"166";"7";"8"
"03.12.2015 02:55:00";"4";"0";"280";"3,9";"16777216";"1978034";"11,79";"3";"82";"166";"7";"8"
"03.12.2015 03:00:00";"4";"0";"261";"3,63";"16777216";"1474717";"8,79";"1";"89";"166";"3";"4"
"03.12.2015 03:05:00";"4";"0";"564";"7,85";"16777216";"3185993";"18,99";"68";"369";"166";"4";"5"
"03.12.2015 03:10:00";"4";"0";"254";"3,54";"16777216";"2189427";"13,05";"1";"280";"166";"3";"4"
"03.12.2015 03:15:00";"4";"0";"268";"3,73";"16777216";"1619001";"9,65";"43";"146";"166";"2";"3"
"03.12.2015 03:20:00";"4";"0";"285";"3,97";"16777216";"2447796";"14,59";"1";"109";"166";"5";"6"
"03.12.2015 03:25:00";"4";"0";"234";"3,26";"16777216";"2268280";"13,52";"0";"87";"166";"2";"3"
"03.12.2015 03:30:00";"4";"0";"252";"3,52";"16777216";"2134062";"12,72";"2";"89";"166";"3";"4"
"03.12.2015 03:35:00";"4";"0";"275";"3,83";"16777216";"2167616";"12,92";"2";"104";"166";"5";"6"
"03.12.2015 03:40:00";"4";"0";"262";"3,65";"16777216";"2100508";"12,52";"1";"94";"166";"3";"4"
"03.12.2015 03:45:00";"4";"0";"289";"4,02";"16777216";"1978034";"11,79";"3";"105";"166";"3";"4"
"03.12.2015 03:50:00";"4";"0";"376";"5,24";"16777216";"2145806";"12,79";"1";"163";"166";"30";"10"
"03.12.2015 03:55:00";"4";"0";"237";"3,3";"16777216";"2414241";"14,39";"0";"90";"166";"2";"3"
"03.12.2015 04:00:00";"4";"0";"393";"5,47";"16777216";"2749786";"16,39";"591";"219";"166";"3";"4"
"03.12.2015 04:05:00";"4";"0";"341";"4,76";"16777216";"3253102";"19,39";"199";"245";"166";"4";"5"
"03.12.2015 04:10:00";"4";"0";"251";"3,5";"16777216";"2447796";"14,59";"18";"164";"166";"3";"4"
"03.12.2015 04:15:00";"4";"0";"293";"4,09";"16777216";"2167616";"12,92";"17";"111";"166";"3";"5"
"03.12.2015 04:20:00";"4";"0";"282";"3,93";"16777216";"1978034";"11,79";"10";"115";"166";"4";"6"
"03.12.2015 04:25:00";"4";"0";"294";"4,1";"16777216";"2145806";"12,79";"6";"106";"166";"2";"3"
"03.12.2015 04:30:00";"4";"0";"263";"3,66";"16777216";"2011588";"11,99";"0";"120";"166";"3";"4"
"03.12.2015 04:35:00";"4";"0";"360";"5,01";"16777216";"2514905";"14,99";"11";"166";"166";"29";"12"
"03.12.2015 04:40:00";"4";"0";"296";"4,12";"16777216";"2514905";"14,99";"1";"123";"166";"23";"22"
"03.12.2015 04:45:00";"4";"0";"367";"5,11";"16777216";"2078697";"12,39";"0";"160";"166";"57";"39"
"03.12.2015 04:50:00";"4";"0";"324";"4,52";"16777216";"2280024";"13,59";"0";"115";"166";"23";"23"
"03.12.2015 04:55:00";"4";"0";"262";"3,65";"16777216";"1843816";"10,99";"0";"103";"166";"10";"12"
"03.12.2015 05:00:00";"4";"0";"265";"3,69";"16777216";"1843816";"10,99";"1";"108";"166";"9";"10"
"03.12.2015 05:05:00";"4";"0";"534";"7,43";"16777216";"3531604";"21,05";"67";"1732";"166";"46";"538"
"03.12.2015 05:10:00";"4";"0";"244";"3,41";"16777216";"3286657";"19,59";"10";"105";"166";"3";"4"
"03.12.2015 05:15:00";"4";"0";"264";"3,69";"16777216";"2112252";"12,59";"55";"94";"166";"5";"6"
"03.12.2015 05:20:00";"4";"0";"379";"5,28";"16777216";"2246469";"13,39";"32";"158";"166";"31";"11"
"03.12.2015 05:25:00";"4";"0";"291";"4,06";"16777216";"2179360";"12,99";"9";"96";"166";"4";"5"
"03.12.2015 05:30:00";"4";"0";"252";"3,51";"16777216";"1709598";"10,19";"8";"91";"166";"3";"4"
"03.12.2015 05:35:00";"4";"0";"332";"4,62";"16777216";"1966290";"11,72";"15";"118";"166";"5";"6"
"03.12.2015 05:40:00";"4";"0";"320";"4,46";"16777216";"1518338";"9,05";"21";"126";"166";"3";"4"
"03.12.2015 05:45:00";"4";"0";"340";"4,74";"16777216";"1832072";"10,92";"10";"162";"166";"28";"8"
"03.12.2015 05:50:00";"4";"0";"268";"3,74";"16777216";"1676044";"9,99";"8";"103";"166";"5";"6"
"03.12.2015 05:55:00";"4";"0";"262";"3,65";"16777216";"2021655";"12,05";"10";"92";"166";"2";"3"
"03.12.2015 06:00:00";"4";"0";"447";"6,22";"16777216";"2402497";"14,32";"454";"554";"166";"3";"4"
"03.12.2015 06:05:00";"4";"0";"845";"11,77";"16777216";"4226181";"25,19";"80697";"985";"166";"28";"5185"
"03.12.2015 06:10:00";"4";"0";"331";"4,61";"16777216";"5053298";"30,12";"11373";"140";"166";"41";"112"
"03.12.2015 06:15:00";"4";"0";"263";"3,67";"16777216";"2749786";"16,39";"9";"94";"166";"2";"3"
"03.12.2015 06:20:00";"4";"0";"268";"3,74";"16777216";"1731409";"10,32";"12";"94";"166";"5";"6"
"03.12.2015 06:25:00";"4";"0";"244";"3,4";"16777216";"2234725";"13,32";"5";"87";"166";"2";"3"
"03.12.2015 06:30:00";"4";"0";"251";"3,5";"16777216";"1988100";"11,85";"3";"99";"166";"3";"4"
"03.12.2015 06:35:00";"4";"0";"309";"4,31";"16777216";"2290090";"13,65";"10";"114";"166";"7";"7"
"03.12.2015 06:40:00";"4";"0";"254";"3,54";"16777216";"1776707";"10,59";"3";"98";"166";"3";"4"
"03.12.2015 06:45:00";"4";"0";"280";"3,9";"16777216";"3152439";"18,79";"8";"116";"166";"3";"4"
"03.12.2015 06:50:00";"4";"0";"269";"3,75";"16777216";"2234725";"13,32";"15";"108";"166";"5";"6"
"03.12.2015 06:55:00";"4";"0";"240";"3,35";"16777216";"2201171";"13,12";"4";"97";"166";"2";"3"
"03.12.2015 07:00:00";"4";"0";"335";"4,67";"16777216";"1719665";"10,25";"4";"154";"166";"28";"8"
"03.12.2015 07:05:00";"4";"0";"284";"3,96";"16777216";"2514905";"14,99";"6";"114";"166";"4";"5"
"03.12.2015 07:10:00";"4";"0";"239";"3,33";"16777216";"1887437";"11,25";"0";"102";"166";"3";"4"
"03.12.2015 07:15:00";"4";"0";"259";"3,62";"16777216";"1764963";"10,52";"6";"104";"166";"2";"3"
"03.12.2015 07:20:00";"4";"0";"273";"3,81";"16777216";"1853882";"11,05";"0";"108";"166";"5";"6"
"03.12.2015 07:25:00";"4";"0";"242";"3,37";"16777216";"2301834";"13,72";"0";"86";"166";"2";"3"
"03.12.2015 07:30:00";"4";"0";"255";"3,56";"16777216";"1753219";"10,45";"0";"100";"166";"3";"4"
"03.12.2015 07:35:00";"4";"0";"293";"4,09";"16777216";"1966290";"11,72";"5";"119";"166";"5";"6"
"03.12.2015 07:40:00";"4";"0";"254";"3,55";"16777216";"2078697";"12,39";"0";"109";"166";"3";"4"
"03.12.2015 07:45:00";"4";"0";"262";"3,65";"16777216";"2055209";"12,25";"0";"103";"166";"3";"4"
"03.12.2015 07:50:00";"4";"0";"350";"4,88";"16777216";"2759852";"16,45";"7";"157";"166";"29";"10"
"03.12.2015 07:55:00";"4";"0";"242";"3,37";"16777216";"2234725";"13,32";"0";"85";"166";"2";"3"
"03.12.2015 08:00:00";"4";"0";"354";"4,93";"16777216";"2390753";"14,25";"82";"177";"166";"3";"4"
"03.12.2015 08:05:00";"4";"0";"305";"4,25";"16777216";"2615568";"15,59";"5";"165";"166";"4";"5"
"03.12.2015 08:10:00";"4";"0";"249";"3,47";"16777216";"2122318";"12,65";"0";"108";"166";"3";"4"
"03.12.2015 08:15:00";"4";"0";"288";"4,01";"16777216";"1686110";"10,05";"25";"110";"166";"2";"3"
"03.12.2015 08:20:00";"4";"0";"273";"3,81";"16777216";"1899181";"11,32";"0";"112";"166";"5";"6"
"03.12.2015 08:25:00";"4";"0";"364";"5,07";"16777216";"2514905";"14,99";"444";"656";"166";"2";"3"
"03.12.2015 08:30:00";"4";"0";"260";"3,63";"16777216";"2380687";"14,19";"0";"600";"166";"3";"4"
"03.12.2015 08:35:00";"4";"0";"287";"4,01";"16777216";"2469606";"14,72";"27";"117";"166";"5";"6"
"03.12.2015 08:40:00";"4";"0";"297";"4,14";"16777216";"1798518";"10,72";"4";"110";"166";"3";"4"
"03.12.2015 08:45:00";"4";"0";"349";"4,87";"16777216";"2323644";"13,85";"2";"161";"166";"28";"8"
"03.12.2015 08:50:00";"4";"0";"269";"3,75";"16777216";"2414241";"14,39";"0";"115";"166";"5";"5"
"03.12.2015 08:55:00";"4";"0";"241";"3,36";"16777216";"2078697";"12,39";"0";"84";"166";"2";"3"
"03.12.2015 09:00:00";"4";"0";"273";"3,81";"16777216";"1709598";"10,19";"2";"110";"166";"3";"4"
"03.12.2015 09:05:00";"4";"0";"483";"6,73";"16777216";"3622201";"21,59";"7";"1382";"166";"44";"408"
"03.12.2015 09:10:00";"4";"0";"250";"3,48";"16777216";"3253102";"19,39";"0";"104";"166";"3";"4"
"03.12.2015 09:15:00";"4";"0";"263";"3,66";"16777216";"2290090";"13,65";"0";"110";"166";"2";"3"
"03.12.2015 09:20:00";"4";"0";"285";"3,97";"16777216";"2280024";"13,59";"0";"123";"166";"5";"6"
"03.12.2015 09:25:00";"4";"0";"238";"3,32";"16777216";"2011588";"11,99";"0";"92";"166";"2";"3"
"03.12.2015 09:30:00";"4";"0";"264";"3,68";"16777216";"2145806";"12,79";"0";"110";"166";"3";"4"
"03.12.2015 09:35:00";"4";"0";"303";"4,22";"16777216";"2179360";"12,99";"1";"133";"166";"5";"6"
"03.12.2015 09:40:00";"4";"0";"255";"3,56";"16777216";"2246469";"13,39";"0";"108";"166";"3";"4"
"03.12.2015 09:45:00";"4";"0";"348";"4,85";"16777216";"1877370";"11,19";"1";"167";"166";"26";"7"
"03.12.2015 09:50:00";"4";"0";"300";"4,18";"16777216";"2189427";"13,05";"0";"134";"166";"7";"6"
"03.12.2015 09:55:00";"4";"0";"245";"3,41";"16777216";"1697854";"10,12";"0";"98";"166";"2";"3"
"03.12.2015 10:00:00";"4";"0";"412";"5,74";"16777216";"2167616";"12,92";"4";"137";"166";"3";"4"
"03.12.2015 10:05:00";"4";"0";"296";"4,12";"16777216";"2481350";"14,79";"27";"152";"166";"5";"5"
"03.12.2015 10:10:00";"4";"0";"242";"3,37";"16777216";"2491417";"14,85";"3";"113";"166";"3";"4"
"03.12.2015 10:15:00";"4";"0";"262";"3,65";"16777216";"1798518";"10,72";"20";"117";"166";"2";"4"
"03.12.2015 10:20:00";"4";"0";"546";"7,6";"16777216";"2402497";"14,32";"29";"115";"166";"5";"5"
"03.12.2015 10:25:00";"4";"0";"232";"3,23";"16777216";"2414241";"14,39";"0";"97";"166";"2";"3"
"03.12.2015 10:30:00";"4";"0";"263";"3,67";"16777216";"1676044";"9,99";"0";"109";"166";"3";"4"
"03.12.2015 10:35:00";"4";"0";"266";"3,7";"16777216";"1798518";"10,72";"3";"114";"166";"4";"5"
"03.12.2015 10:40:00";"4";"0";"275";"3,83";"16777216";"1853882";"11,05";"40";"107";"166";"2";"3"
"03.12.2015 10:45:00";"4";"0";"261";"3,65";"16777216";"1932735";"11,52";"3";"129";"166";"2";"4"
"03.12.2015 10:50:00";"4";"0";"275";"3,82";"16777216";"2045143";"12,19";"1";"119";"166";"5";"6"
"03.12.2015 10:55:00";"4";"0";"247";"3,44";"16777216";"2078697";"12,39";"14";"105";"166";"3";"4"
"03.12.2015 11:00:00";"4";"0";"300";"4,18";"16777216";"2481350";"14,79";"4";"139";"166";"3";"4"
"03.12.2015 11:05:00";"4";"0";"303";"4,23";"16777216";"2884004";"17,19";"9";"150";"166";"4";"5"
"03.12.2015 11:10:00";"4";"0";"264";"3,67";"16777216";"2145806";"12,79";"0";"132";"166";"2";"4"
"03.12.2015 11:15:00";"4";"0";"279";"3,88";"16777216";"2179360";"12,99";"2";"146";"166";"3";"3"
"03.12.2015 11:20:00";"4";"0";"286";"3,98";"16777216";"1910925";"11,39";"0";"132";"166";"5";"6"
"03.12.2015 11:25:00";"4";"0";"250";"3,48";"16777216";"1810262";"10,79";"1";"106";"166";"2";"3"
"03.12.2015 11:30:00";"4";"0";"253";"3,53";"16777216";"1843816";"10,99";"1";"115";"166";"3";"4"
"03.12.2015 11:35:00";"4";"0";"282";"3,93";"16777216";"1676044";"9,99";"8";"117";"166";"4";"5"
"03.12.2015 11:40:00";"4";"0";"321";"4,47";"16777216";"1978034";"11,79";"23";"131";"166";"3";"4"
"03.12.2015 11:45:00";"4";"0";"304";"4,24";"16777216";"2347132";"13,99";"17";"154";"166";"3";"4"
"03.12.2015 11:50:00";"4";"0";"351";"4,88";"16777216";"2424308";"14,45";"11";"172";"166";"26";"9"
"03.12.2015 11:55:00";"4";"0";"327";"4,56";"16777216";"2357199";"14,05";"19";"155";"166";"7";"4"
"03.12.2015 12:00:00";"4";"0";"472";"6,57";"16777216";"2692743";"16,05";"60";"515";"166";"3";"4"
"03.12.2015 12:05:00";"4";"0";"1445";"20,13";"16777216";"4528171";"26,99";"87";"3515";"166";"4";"5"
"03.12.2015 12:10:00";"4";"0";"270";"3,76";"16777216";"4437574";"26,45";"20";"917";"166";"2";"4"
"03.12.2015 12:15:00";"4";"0";"303";"4,22";"16777216";"2984667";"17,79";"36";"149";"166";"2";"4"
"03.12.2015 12:20:00";"4";"0";"316";"4,4";"16777216";"2570269";"15,32";"1070";"170";"166";"5";"6"
"03.12.2015 12:25:00";"4";"0";"281";"3,91";"16777216";"2189427";"13,05";"14";"149";"166";"2";"3"
"03.12.2015 12:30:00";"4";"0";"267";"3,73";"16777216";"2011588";"11,99";"9";"143";"166";"3";"4"
"03.12.2015 12:35:00";"4";"0";"304";"4,24";"16777216";"1630745";"9,72";"11";"153";"166";"5";"6"
"03.12.2015 12:40:00";"4";"0";"272";"3,78";"16777216";"1731409";"10,32";"15";"129";"166";"3";"4"
"03.12.2015 12:45:00";"4";"0";"315";"4,4";"16777216";"1920991";"11,45";"58";"186";"166";"4";"4"
"03.12.2015 12:50:00";"4";"0";"408";"5,69";"16777216";"2100508";"12,52";"35";"275";"166";"30";"10"
"03.12.2015 12:55:00";"4";"0";"243";"3,39";"16777216";"2189427";"13,05";"7";"135";"166";"2";"3"
"03.12.2015 13:00:00";"4";"0";"263";"3,66";"16777216";"1999844";"11,92";"8";"123";"166";"3";"4"
"03.12.2015 13:05:00";"4";"0";"621";"8,66";"16777216";"3061842";"18,25";"156";"619";"166";"46";"693"
"03.12.2015 13:10:00";"4";"0";"244";"3,4";"16777216";"2951112";"17,59";"23";"138";"166";"2";"3"
"03.12.2015 13:15:00";"4";"0";"273";"3,81";"16777216";"2011588";"11,99";"6";"133";"166";"2";"4"
"03.12.2015 13:20:00";"4";"0";"285";"3,98";"16777216";"2380687";"14,19";"12";"145";"166";"5";"6"
"03.12.2015 13:25:00";"4";"0";"243";"3,38";"16777216";"2347132";"13,99";"9";"107";"166";"2";"3"
"03.12.2015 13:30:00";"4";"0";"314";"4,37";"16777216";"2548459";"15,19";"10";"152";"166";"3";"4"
"03.12.2015 13:35:00";"4";"0";"300";"4,19";"16777216";"2088763";"12,45";"9";"169";"166";"5";"6"
"03.12.2015 13:40:00";"4";"0";"256";"3,56";"16777216";"2189427";"13,05";"4";"135";"166";"2";"4"
"03.12.2015 13:45:00";"4";"0";"272";"3,8";"16777216";"1988100";"11,85";"5";"135";"166";"3";"4"
"03.12.2015 13:50:00";"4";"0";"354";"4,93";"16777216";"1877370";"11,19";"10";"182";"166";"30";"10"
"03.12.2015 13:55:00";"4";"0";"247";"3,44";"16777216";"2033399";"12,12";"14";"111";"166";"2";"3"
"03.12.2015 14:00:00";"4";"0";"460";"6,41";"16777216";"2201171";"13,12";"76";"308";"166";"3";"4"
"03.12.2015 14:05:00";"4";"0";"314";"4,37";"16777216";"2984667";"17,79";"11";"241";"166";"4";"5"
"03.12.2015 14:10:00";"4";"0";"260";"3,62";"16777216";"2603824";"15,52";"12";"128";"166";"2";"4"
"03.12.2015 14:15:00";"4";"0";"258";"3,61";"16777216";"2256536";"13,45";"9";"139";"166";"2";"3"
"03.12.2015 14:20:00";"4";"0";"302";"4,21";"16777216";"2145806";"12,79";"12";"145";"166";"5";"5"
"03.12.2015 14:25:00";"4";"0";"261";"3,64";"16777216";"2234725";"13,32";"10";"138";"166";"2";"3"
"03.12.2015 14:30:00";"4";"0";"270";"3,76";"16777216";"2021655";"12,05";"12";"143";"166";"3";"4"
"03.12.2015 14:35:00";"4";"0";"289";"4,03";"16777216";"2222981";"13,25";"8";"155";"166";"5";"6"
"03.12.2015 14:40:00";"4";"0";"287";"4";"16777216";"2055209";"12,25";"13";"123";"166";"3";"4"
"03.12.2015 14:45:00";"4";"0";"287";"3,99";"16777216";"2481350";"14,79";"11";"140";"166";"3";"4"
"03.12.2015 14:50:00";"4";"0";"348";"4,86";"16777216";"2155872";"12,85";"9";"189";"166";"30";"10"
"03.12.2015 14:55:00";"4";"0";"241";"3,36";"16777216";"2256536";"13,45";"5";"101";"166";"2";"3"
"03.12.2015 15:00:00";"4";"0";"255";"3,55";"16777216";"1910925";"11,39";"1";"125";"166";"3";"4"
"03.12.2015 15:05:00";"4";"0";"302";"4,21";"16777216";"2659189";"15,85";"4";"148";"166";"4";"5"
"03.12.2015 15:10:00";"4";"0";"269";"3,75";"16777216";"2033399";"12,12";"1";"149";"166";"2";"4"
"03.12.2015 15:15:00";"4";"0";"261";"3,63";"16777216";"2078697";"12,39";"0";"142";"166";"2";"3"
"03.12.2015 15:20:00";"4";"0";"267";"3,73";"16777216";"2122318";"12,65";"0";"132";"166";"5";"5"
"03.12.2015 15:25:00";"4";"0";"406";"5,65";"16777216";"2380687";"14,19";"320";"145";"166";"2";"3"
"03.12.2015 15:30:00";"4";"0";"283";"3,94";"16777216";"2066953";"12,32";"1";"166";"166";"3";"4"
"03.12.2015 15:35:00";"4";"0";"288";"4,02";"16777216";"2088763";"12,45";"0";"155";"166";"5";"6"
"03.12.2015 15:40:00";"4";"0";"270";"3,76";"16777216";"2548459";"15,19";"0";"130";"166";"3";"4"
"03.12.2015 15:45:00";"4";"0";"333";"4,64";"16777216";"2280024";"13,59";"4";"186";"166";"26";"8"
"03.12.2015 15:50:00";"4";"0";"296";"4,13";"16777216";"2078697";"12,39";"1";"151";"166";"7";"6"
"03.12.2015 15:55:00";"4";"0";"260";"3,62";"16777216";"2112252";"12,59";"0";"137";"166";"2";"3"
"03.12.2015 16:00:00";"4";"0";"397";"5,53";"16777216";"3085330";"18,39";"17";"203";"166";"3";"4"
"03.12.2015 16:05:00";"4";"0";"305";"4,25";"16777216";"2917558";"17,39";"5";"202";"166";"4";"5"
"03.12.2015 16:10:00";"4";"0";"253";"3,52";"16777216";"2078697";"12,39";"8";"134";"166";"2";"4"
"03.12.2015 16:15:00";"4";"0";"276";"3,84";"16777216";"2112252";"12,59";"14";"144";"166";"2";"3"
"03.12.2015 16:20:00";"4";"0";"291";"4,06";"16777216";"2212915";"13,19";"12";"157";"166";"5";"5"
"03.12.2015 16:25:00";"4";"0";"240";"3,34";"16777216";"2045143";"12,19";"8";"116";"166";"2";"3"
"03.12.2015 16:30:00";"4";"0";"255";"3,56";"16777216";"1709598";"10,19";"8";"125";"166";"3";"4"
"03.12.2015 16:35:00";"4";"0";"302";"4,22";"16777216";"2045143";"12,19";"11";"154";"166";"5";"6"
"03.12.2015 16:40:00";"4";"0";"263";"3,66";"16777216";"2481350";"14,79";"10";"135";"166";"3";"4"
"03.12.2015 16:45:00";"4";"0";"353";"4,91";"16777216";"2313578";"13,79";"16";"193";"166";"28";"8"
"03.12.2015 16:50:00";"4";"0";"265";"3,7";"16777216";"2347132";"13,99";"7";"136";"166";"5";"5"
"03.12.2015 16:55:00";"4";"0";"239";"3,33";"16777216";"2045143";"12,19";"7";"102";"166";"2";"3"
"03.12.2015 17:00:00";"4";"0";"285";"3,98";"16777216";"2078697";"12,39";"11";"142";"166";"3";"4"
"03.12.2015 17:05:00";"4";"0";"488";"6,79";"16777216";"3521538";"20,99";"8";"1348";"166";"44";"414"
"03.12.2015 17:10:00";"4";"0";"268";"3,73";"16777216";"2816895";"16,79";"11";"132";"166";"2";"4"
"03.12.2015 17:15:00";"4";"0";"257";"3,58";"16777216";"2011588";"11,99";"9";"146";"166";"2";"3"
"03.12.2015 17:20:00";"4";"0";"284";"3,96";"16777216";"2447796";"14,59";"10";"137";"166";"5";"6"
"03.12.2015 17:25:00";"4";"0";"306";"4,26";"16777216";"1877370";"11,19";"20";"158";"166";"2";"3"
"03.12.2015 17:30:00";"4";"0";"277";"3,86";"16777216";"1966290";"11,72";"11";"164";"166";"3";"4"
"03.12.2015 17:35:00";"4";"0";"295";"4,11";"16777216";"1786773";"10,65";"9";"157";"166";"5";"6"
"03.12.2015 17:40:00";"4";"0";"299";"4,16";"16777216";"2055209";"12,25";"9";"128";"166";"3";"4"
"03.12.2015 17:45:00";"4";"0";"345";"4,8";"16777216";"2066953";"12,32";"11";"183";"166";"26";"7"
"03.12.2015 17:50:00";"4";"0";"282";"3,93";"16777216";"1920991";"11,45";"8";"136";"166";"7";"6"
"03.12.2015 17:55:00";"4";"0";"241";"3,37";"16777216";"1932735";"11,52";"10";"104";"166";"2";"3"
"03.12.2015 18:00:00";"4";"0";"334";"4,66";"16777216";"2212915";"13,19";"10";"142";"166";"3";"4"
"03.12.2015 18:05:00";"4";"0";"297";"4,14";"16777216";"2961179";"17,65";"9";"160";"166";"4";"5"
"03.12.2015 18:10:00";"4";"0";"270";"3,76";"16777216";"2155872";"12,85";"8";"118";"166";"3";"4"
"03.12.2015 18:15:00";"4";"0";"298";"4,15";"16777216";"1988100";"11,85";"25";"149";"166";"2";"3"
"03.12.2015 18:20:00";"4";"0";"281";"3,92";"16777216";"2738042";"16,32";"14";"148";"166";"5";"5"
"03.12.2015 18:25:00";"4";"0";"261";"3,64";"16777216";"2045143";"12,19";"12";"127";"166";"2";"3"
"03.12.2015 18:30:00";"4";"0";"265";"3,69";"16777216";"2179360";"12,99";"10";"144";"166";"3";"4"
"03.12.2015 18:35:00";"4";"0";"351";"4,89";"16777216";"2268280";"13,52";"8";"151";"166";"56";"57"
"03.12.2015 18:40:00";"4";"0";"337";"4,69";"16777216";"1899181";"11,32";"9";"118";"166";"60";"62"
"03.12.2015 18:45:00";"4";"0";"276";"3,85";"16777216";"1843816";"10,99";"9";"136";"166";"11";"13"
"03.12.2015 18:50:00";"4";"0";"305";"4,25";"16777216";"2045143";"12,19";"8";"190";"166";"47";"17"
"03.12.2015 18:55:00";"4";"0";"279";"3,89";"16777216";"2301834";"13,72";"8";"114";"166";"25";"29"
"03.12.2015 19:00:00";"4";"0";"308";"4,29";"16777216";"1978034";"11,79";"12";"147";"166";"13";"15"
"03.12.2015 19:05:00";"4";"0";"299";"4,16";"16777216";"2771596";"16,52";"9";"154";"166";"12";"14"
"03.12.2015 19:10:00";"4";"0";"284";"3,96";"16777216";"1676044";"9,99";"8";"129";"166";"23";"27"
"03.12.2015 19:15:00";"4";"0";"278";"3,88";"16777216";"1441163";"8,59";"8";"140";"166";"18";"21"
"03.12.2015 19:20:00";"4";"0";"308";"4,29";"16777216";"1776707";"10,59";"8";"135";"166";"26";"30"
"03.12.2015 19:25:00";"4";"0";"272";"3,8";"16777216";"1664300";"9,92";"6";"108";"166";"21";"24"
"03.12.2015 19:30:00";"4";"0";"304";"4,23";"16777216";"1786773";"10,65";"7";"131";"166";"33";"39"
"03.12.2015 19:35:00";"4";"0";"300";"4,18";"16777216";"2414241";"14,39";"10";"153";"166";"10";"11"
"03.12.2015 19:40:00";"4";"0";"258";"3,59";"16777216";"2088763";"12,45";"7";"134";"166";"6";"7"
"03.12.2015 19:45:00";"4";"0";"278";"3,87";"16777216";"2179360";"12,99";"1";"140";"166";"7";"9"
"03.12.2015 19:50:00";"4";"0";"386";"5,37";"16777216";"2301834";"13,72";"3";"195";"166";"50";"32"
"03.12.2015 19:55:00";"4";"0";"288";"4,01";"16777216";"2548459";"15,19";"2";"126";"166";"27";"31"
"03.12.2015 20:00:00";"4";"0";"818";"11,39";"16777216";"4058409";"24,19";"7052";"518";"166";"16";"18"
"03.12.2015 20:05:00";"4";"0";"992";"13,81";"16777216";"6306556";"37,59";"91760";"1356";"166";"74";"6774"
"03.12.2015 20:10:00";"4";"0";"272";"3,8";"16777216";"5544870";"33,05";"92";"159";"166";"7";"8"
"03.12.2015 20:15:00";"4";"0";"291";"4,06";"16777216";"3051776";"18,19";"119";"151";"166";"13";"14"
"03.12.2015 20:20:00";"4";"0";"309";"4,3";"16777216";"2301834";"13,72";"507";"157";"166";"13";"14"
"03.12.2015 20:25:00";"4";"0";"249";"3,47";"16777216";"2246469";"13,39";"8";"131";"166";"2";"3"
"03.12.2015 20:30:00";"4";"0";"255";"3,56";"16777216";"1944479";"11,59";"8";"128";"166";"3";"4"
"03.12.2015 20:35:00";"4";"0";"289";"4,03";"16777216";"2033399";"12,12";"20";"146";"166";"5";"6"
"03.12.2015 20:40:00";"4";"0";"299";"4,17";"16777216";"1652556";"9,85";"19";"126";"166";"3";"4"
"03.12.2015 20:45:00";"4";"0";"286";"3,99";"16777216";"1954546";"11,65";"8";"146";"166";"12";"5"
"03.12.2015 20:50:00";"4";"0";"338";"4,72";"16777216";"1944479";"11,59";"23";"176";"166";"21";"8"
"03.12.2015 20:55:00";"4";"0";"251";"3,5";"16777216";"2246469";"13,39";"6";"108";"166";"3";"4"
"03.12.2015 21:00:00";"4";"0";"254";"3,55";"16777216";"1910925";"11,39";"4";"130";"166";"3";"4"
"03.12.2015 21:05:00";"4";"0";"389";"5,42";"16777216";"2503161";"14,92";"20";"457";"166";"43";"111"
"03.12.2015 21:10:00";"4";"0";"252";"3,51";"16777216";"2112252";"12,59";"5";"134";"166";"8";"9"
"03.12.2015 21:15:00";"4";"0";"287";"4,01";"16777216";"2011588";"11,99";"4";"139";"166";"21";"23"
"03.12.2015 21:20:00";"4";"0";"296";"4,13";"16777216";"2313578";"13,79";"4";"141";"166";"18";"19"
"03.12.2015 21:25:00";"4";"0";"243";"3,39";"16777216";"2078697";"12,39";"3";"112";"166";"5";"6"
"03.12.2015 21:30:00";"4";"0";"268";"3,73";"16777216";"2414241";"14,39";"3";"131";"166";"10";"11"
"03.12.2015 21:35:00";"4";"0";"295";"4,11";"16777216";"2347132";"13,99";"6";"147";"166";"10";"11"
"03.12.2015 21:40:00";"4";"0";"278";"3,88";"16777216";"2548459";"15,19";"4";"131";"166";"11";"10"
"03.12.2015 21:45:00";"4";"0";"339";"4,72";"16777216";"1810262";"10,79";"21";"183";"166";"30";"10"
"03.12.2015 21:50:00";"4";"0";"288";"4,01";"16777216";"2078697";"12,39";"13";"138";"166";"18";"19"
"03.12.2015 21:55:00";"4";"0";"241";"3,35";"16777216";"2112252";"12,59";"3";"107";"166";"6";"7"
"03.12.2015 22:00:00";"4";"0";"421";"5,86";"16777216";"2749786";"16,39";"288";"460";"166";"6";"7"
"03.12.2015 22:05:00";"4";"0";"1085";"15,11";"16777216";"5065042";"30,19";"5362";"626";"166";"31";"32"
"03.12.2015 22:10:00";"4";"0";"299";"4,17";"16777216";"5568358";"33,19";"4";"299";"166";"23";"24"
"03.12.2015 22:15:00";"4";"0";"297";"4,14";"16777216";"2682677";"15,99";"5";"137";"166";"21";"21"
"03.12.2015 22:20:00";"4";"0";"399";"5,56";"16777216";"2783340";"16,59";"15";"165";"166";"21";"23"
"03.12.2015 22:25:00";"4";"0";"263";"3,66";"16777216";"2447796";"14,59";"0";"150";"166";"7";"8"
"03.12.2015 22:30:00";"4";"0";"309";"4,31";"16777216";"2313578";"13,79";"2";"148";"166";"8";"9"
"03.12.2015 22:35:00";"4";"0";"294";"4,09";"16777216";"2078697";"12,39";"1";"159";"166";"13";"14"
"03.12.2015 22:40:00";"4";"0";"292";"4,07";"16777216";"1887437";"11,25";"3";"128";"166";"21";"20"
"03.12.2015 22:45:00";"4";"0";"300";"4,18";"16777216";"1932735";"11,52";"1";"134";"166";"26";"30"
"03.12.2015 22:50:00";"4";"0";"318";"4,43";"16777216";"2021655";"12,05";"3";"142";"166";"12";"13"
"03.12.2015 22:55:00";"4";"0";"257";"3,58";"16777216";"2201171";"13,12";"1";"119";"166";"9";"11"
"03.12.2015 23:00:00";"4";"0";"294";"4,09";"16777216";"2021655";"12,05";"4";"133";"166";"3";"4"
"03.12.2015 23:05:00";"4";"0";"313";"4,36";"16777216";"3263169";"19,45";"1";"164";"166";"5";"6"
"03.12.2015 23:10:00";"4";"0";"322";"4,48";"16777216";"2592080";"15,45";"24";"152";"166";"5";"6"
"03.12.2015 23:15:00";"4";"0";"361";"5,03";"16777216";"2447796";"14,59";"39";"194";"166";"29";"8"
"03.12.2015 23:20:00";"4";"0";"352";"4,91";"16777216";"2514905";"14,99";"21";"160";"166";"6";"7"
"03.12.2015 23:25:00";"4";"0";"248";"3,45";"16777216";"2357199";"14,05";"9";"123";"166";"2";"3"
"03.12.2015 23:30:00";"4";"0";"290";"4,03";"16777216";"1999844";"11,92";"14";"137";"166";"3";"4"
"03.12.2015 23:35:00";"4";"0";"278";"3,88";"16777216";"1530082";"9,12";"10";"151";"166";"5";"5"
"03.12.2015 23:40:00";"4";"0";"308";"4,29";"16777216";"2368943";"14,12";"9";"129";"166";"3";"4"
"03.12.2015 23:45:00";"4";"0";"278";"3,87";"16777216";"2155872";"12,85";"9";"138";"166";"3";"4"
"03.12.2015 23:50:00";"4";"0";"369";"5,14";"16777216";"2189427";"13,05";"11";"196";"166";"30";"10"
"03.12.2015 23:55:00";"4";"0";"269";"3,75";"16777216";"2045143";"12,19";"11";"131";"166";"2";"3"
